/*--------------------------------*- C++ -*----------------------------------*\
| =========                 |                                                 |
| \\      /  F ield         | OpenFOAM: The Open Source CFD Toolbox           |
|  \\    /   O peration     | Version:  2312                                  |
|   \\  /    A nd           | Website:  www.openfoam.com                      |
|    \\/     M anipulation  |                                                 |
\*---------------------------------------------------------------------------*/
FoamFile
{
    version     2.0;
    format      ascii;
    arch        "LSB;label=32;scalar=64";
    note        "nPoints:2691  nCells:7937  nFaces:18565  nInternalFaces:13183";
    class       labelList;
    location    "constant/copper/polyMesh";
    object      neighbour;
}
// * * * * * * * * * * * * * * * * * * * * * * * * * * * * * * * * * * * * * //


13183
(
1
2
2394
3
3950
1446
4001
6889
4001
7462
1231
2860
2875
1887
2048
3593
74
755
7638
1256
1914
6039
7610
2915
4691
4694
2481
4691
7934
2948
3229
6211
247
265
1401
2954
267
1669
2964
58
958
3854
2655
4422
4656
93
1331
6356
1253
3422
5809
2451
6124
6691
4561
4778
4783
1031
1790
2552
7445
143
4315
4478
4561
6590
7775
7870
5442
6049
7762
3979
4027
7249
977
2287
6213
26
2901
5123
135
3178
4456
4901
7277
7870
3387
4418
6904
678
2257
3754
514
1590
1964
270
3617
3623
5241
5107
7775
7870
161
615
7918
2108
3682
6681
2020
2664
5310
7910
40
840
3041
6860
2916
3018
3094
949
2894
6316
6319
2988
2997
6376
6857
3814
6869
1934
2873
4869
410
4128
7792
570
1685
1940
7653
1391
3974
7176
2789
3594
7502
58
287
1730
3931
5542
7436
1003
2367
6252
2530
2734
4411
6481
764
3821
5056
2789
5856
7498
458
3257
4519
186
2696
3922
6343
742
1459
3288
7732
759
6114
6692
506
2138
3630
1486
2644
7543
284
511
2752
4356
6616
1356
1369
1379
3569
1674
3045
4192
6789
1389
2171
4483
70
72
5474
7768
67
1356
2197
7068
1987
2657
5533
5960
1202
1947
7899
162
3569
2142
4680
7105
833
1438
2960
2211
4727
3563
4566
6997
4732
6417
1195
2185
5697
2231
3685
6011
88
923
1325
1562
2244
3858
3868
3991
5745
6066
192
4661
7140
2404
2951
4810
5536
2031
4346
4374
4954
1082
1681
4569
2642
5729
7512
4537
5688
7884
532
1286
3763
7931
1867
2240
3533
1195
3954
7249
1536
3105
5148
1312
4187
2848
4685
7532
1789
3838
6735
956
3281
6356
1769
4741
5238
6439
974
2515
3554
347
2447
6394
6398
3285
6985
7031
4059
4069
5697
671
1431
2876
1558
4975
7242
7774
695
3573
7785
2832
3403
5269
131
290
1614
2297
1792
3881
5724
5725
1313
1380
6015
7438
3712
3804
6322
1070
4265
5131
5211
5263
7439
5588
5698
6079
671
1744
4063
412
1802
3761
1360
6650
7000
2584
5682
5763
4661
5496
5616
3069
5511
6745
7017
1143
4113
5371
6374
3887
5768
6368
4380
5742
7547
343
2441
5194
3376
6952
7347
7353
1075
2026
2660
5916
230
760
3948
5080
5671
7884
139
191
1935
139
140
5623
1540
3931
5555
7466
783
4377
7797
835
4260
6148
3566
4833
6256
6501
174
179
1365
3704
5766
6087
1513
2990
3837
4271
1515
4393
2314
4303
4491
6055
1414
1875
2707
7098
2781
5402
7165
2936
3232
154
5929
6354
1376
3587
4100
5918
3914
6872
7738
1533
6370
972
1737
2522
5018
7313
1779
4686
4969
1399
4440
1463
2949
7742
1078
2837
6981
7603
1063
6097
7018
3672
6760
6768
1970
3426
6334
1871
3533
4878
396
1238
2057
3344
1871
3240
6123
156
1132
1967
1109
3737
5313
941
7502
167
6679
6761
6998
166
1375
1568
941
2665
4674
1324
6142
6163
820
3053
6282
1120
3558
6884
425
3445
4994
1358
2512
3393
1214
5258
6272
935
3796
6108
987
1429
3095
3684
5219
5944
196
5202
1038
1581
3894
7485
182
4513
4529
884
3348
3601
6493
1353
7742
7783
178
181
3902
413
3992
3993
2383
3384
5332
498
1399
3525
199
1044
6234
263
914
4310
641
5151
2433
5324
7376
2399
3058
3079
3079
4845
6411
935
2135
3796
265
3465
7060
1448
2015
4605
470
2883
4281
6818
225
2356
2568
2888
3649
7615
783
3816
5867
768
1035
1338
4009
2017
5925
6912
926
972
4676
4835
6840
4088
4224
4835
6840
736
2218
4020
4797
229
5036
5396
6123
6666
1595
2081
5973
7448
1565
4194
4365
5789
1863
1952
6657
202
1434
6626
4644
5432
7739
2171
4079
229
5036
5175
1412
2014
2814
3423
1764
3636
3921
602
1173
3948
5790
2157
3087
6209
846
5579
7465
3632
3652
4407
1063
2227
2523
7120
7201
7241
1475
2624
5370
7091
1190
5984
6707
2201
3084
5340
5439
5782
6418
6453
795
1194
2452
220
5417
6071
6075
1771
3139
6501
1221
4026
5837
2785
5415
3657
3682
4938
4728
4737
7397
7671
224
352
1112
1190
4557
5091
3606
3926
416
2996
4860
4958
2082
4594
5882
5253
6888
7287
727
6737
231
587
4803
6512
6815
240
3394
6399
360
2127
3265
3577
7747
1879
3314
3602
372
1320
7802
243
1417
2351
3816
4367
7591
240
3329
7036
1379
4008
254
4490
4953
6309
665
3631
7838
2500
4197
5350
1064
5534
6348
6922
1273
3315
4294
7178
4257
4497
4628
267
5543
2662
2885
2971
2879
2883
6876
2104
6854
6858
2272
4710
6629
7633
1174
4127
4504
1596
1886
2250
2808
2820
473
2883
4281
6308
2525
2662
7496
900
1378
3494
480
2238
5198
1507
3195
7744
1015
2055
3633
902
2731
4944
3421
5094
5095
5810
5610
5941
2955
5113
5999
267
1304
4034
4565
6539
1661
291
3517
7747
1145
4938
6393
6975
274
5002
496
2933
5506
7735
1018
5126
6670
3390
4182
5083
3623
4586
5003
6109
6372
7731
2539
6457
7490
4750
5286
5620
904
2767
2768
6900
832
3033
7503
1321
4090
7112
592
6226
7866
291
292
1989
2119
2910
4696
6201
287
4003
5675
6487
7219
661
2541
5964
4259
7778
4134
4180
4370
6090
798
1405
3279
4393
5040
294
7746
294
5532
7745
2532
4541
4558
441
5777
7203
330
331
4524
2039
2654
6534
944
1977
2682
2206
2413
6290
7581
7592
7811
909
3611
5988
6152
317
2630
4058
2862
4366
5088
307
315
1518
7135
1054
1057
4874
7097
1373
3371
4647
4908
317
2740
717
2538
7524
2183
4383
6636
493
2347
6211
6240
2759
3114
4104
5715
1922
3681
5110
3072
4579
5514
1285
5067
5509
317
979
3191
4134
6233
3833
865
5420
5519
3527
5044
5892
6881
5457
7635
7636
1412
2014
3924
7463
769
7797
7798
4514
7195
7531
2002
2173
4047
794
799
3300
3795
5336
5345
5453
3931
5836
7064
7466
348
1552
4641
349
3236
6635
2247
4456
5123
334
2593
3488
3490
6107
1778
2585
3892
4339
2326
6726
7065
452
980
4584
6263
1793
2867
4866
588
3333
4841
2944
3486
5271
7236
917
1115
6203
7709
1332
2524
5029
342
356
7683
433
4813
7688
1285
3825
4179
577
4292
7205
5411
7014
7559
5971
6680
6812
1361
2613
3824
3827
7093
4006
4628
7190
4396
4398
7748
382
401
3093
2195
5091
5674
378
2618
5113
2118
3156
7111
7575
2827
4203
7563
433
1308
7156
2025
4764
6179
7486
1146
1406
3604
5330
5496
7140
1692
3293
6811
1330
1609
2891
7758
4506
4655
7428
2369
5881
6907
1087
2841
4307
1742
3721
3930
448
1253
3562
3603
6884
7771
430
3082
3110
3468
2701
5478
7274
1174
3761
4118
4504
3463
4836
7428
1722
3115
6180
1958
6540
6564
1544
3462
6566
7554
379
3320
7886
2098
3339
5834
1214
4600
6100
379
5983
380
4739
2618
6974
837
892
1221
394
2877
2890
465
620
2622
2492
2776
4916
780
1670
3912
4067
3294
3659
5772
7830
1429
3834
3991
542
4047
4626
3491
5023
5246
428
4588
6554
399
3642
4894
5772
2941
3413
5778
893
3919
5467
401
1696
7814
952
962
4730
719
3803
7826
3619
5631
7693
2710
2903
7681
402
4288
4205
4213
4215
7720
7493
2941
6674
1265
3648
3928
6129
1649
5499
7232
4937
5662
6401
6687
1967
6759
7479
2159
4382
6378
7395
1604
6875
7226
1409
4258
5926
6988
1059
6509
7305
1948
2796
4849
7038
526
5101
649
1012
2284
4574
7595
7806
4613
5801
6590
2422
6451
419
1192
5259
1820
2590
4082
7263
1539
1852
3378
812
3112
6237
2209
2431
5729
5985
1776
4469
5170
5402
1130
1249
2193
3365
5375
5382
5781
6482
4962
6262
1635
2122
4327
1144
1382
3061
5608
6766
6769
7322
1098
2145
4121
5291
1709
5268
1033
1473
5955
617
4220
7265
4814
1684
1809
4693
856
5954
6644
456
3658
4328
2013
3268
3417
2448
3758
4837
5902
590
779
2989
3650
463
479
4490
1873
7582
463
470
6089
1941
3231
5164
5535
5495
6797
7145
2491
3922
4514
456
6710
6870
1509
1518
7135
7384
3375
4889
5088
2576
2949
7783
1747
4598
4599
6486
1833
3025
3039
6164
2084
4604
3551
3895
4083
4648
3008
4476
7572
3696
6598
6765
4973
6467
2795
5081
6236
2815
4452
4145
5012
6941
1305
4368
6815
1509
2248
5989
1017
3793
7506
6081
7734
2560
5961
7867
1746
6959
762
7259
7481
6879
6950
7908
5677
5734
6169
916
1993
4871
6526
939
3338
6561
2788
3591
4665
5513
3449
3964
506
2063
7089
1789
3934
5677
844
6526
6665
4255
5984
7577
2879
3450
5734
1113
2820
7734
694
1435
6668
747
5432
6422
7361
964
1021
7804
1955
2537
5028
611
5991
6684
2362
2402
4649
491
499
5288
2539
4614
7490
489
4014
4362
1881
6044
2103
4744
6486
502
1753
5264
1707
1721
4591
4277
6238
1721
1738
2258
821
1593
2368
3381
691
753
1057
2950
5303
6215
804
2102
4056
502
4870
6018
1985
3179
3458
6177
2884
3452
4092
4567
7632
4444
6588
7270
7273
2911
4464
6082
6712
1219
6379
6841
1047
3654
570
737
2517
7653
517
1050
6612
917
2481
4691
4692
814
3447
6279
684
3854
3126
4023
4462
3167
6071
7102
588
5568
3146
3242
7924
722
1547
2969
2064
3589
5709
3726
4193
7866
1465
6147
7402
2016
4255
7389
2226
5258
7575
861
6522
7269
1650
3723
6362
1043
5708
6844
527
3556
5461
4832
6087
6605
5093
6351
2477
3742
3971
7295
1654
2794
6441
674
1949
3078
6389
3228
4158
6754
534
1810
535
543
5532
4441
6361
550
1989
4718
2492
5775
7243
3728
4188
4193
833
1438
4897
4492
5912
6170
7909
2607
2940
6977
1207
3885
5593
5702
2002
7319
550
790
4016
1671
2445
6572
6573
4028
4252
7519
857
1818
5839
7717
731
6130
6962
3309
4944
7908
1378
1799
2719
1227
748
5102
5393
1352
1587
2069
1830
1946
2152
1258
2464
2486
892
2871
5820
560
6909
6964
2262
2463
4636
5230
2906
4731
7464
2155
7199
728
1272
6366
1762
1851
3358
2491
2609
4185
710
4727
4960
3521
6570
7188
826
1404
5469
5236
5240
5415
4361
5861
7254
1202
3702
7894
964
3507
5722
7146
941
3012
5929
2117
6031
7517
1157
1980
3812
576
964
2778
1929
2313
4152
1652
2587
5722
583
595
1711
3227
3395
4266
4669
1378
2719
7611
1759
3447
4278
2920
3305
6730
637
3942
6110
5310
7205
3216
4202
6032
7474
2167
4337
4448
1072
2038
3520
6550
6815
7009
5873
6412
1134
3017
3840
3075
6982
1125
2059
3822
7514
2318
2989
3726
595
4387
6310
6862
7041
7580
7584
5512
2737
2914
3104
6454
600
604
1794
963
2977
3057
6546
869
2319
5144
1542
3889
7433
973
1554
5008
7424
1443
2290
2015
4398
6758
618
619
608
639
3437
5221
917
4694
5082
6203
1922
3608
6835
3439
7010
789
2763
6947
7167
637
1945
2661
4379
4544
4943
5360
6274
7433
7593
1656
5501
7671
3691
7256
7368
3445
5933
6190
2644
6265
914
1074
1748
622
1626
2115
622
1657
2666
1591
5052
766
1882
2098
3374
628
2675
3857
625
4471
4477
6335
1292
7169
3238
4695
5151
672
1807
2901
638
1235
3157
2758
3401
5537
675
1733
3643
1555
4827
5308
4546
5623
7029
2409
3377
3387
640
5741
7881
3562
5809
6157
2602
5413
6434
4425
2569
7070
2792
6075
3283
4463
7272
645
657
3171
4233
5318
7229
1114
1651
4881
6200
4187
6151
7666
877
5151
3448
5935
7563
3877
5347
6126
649
2870
4622
6025
7306
1277
3955
6596
670
3317
3613
7003
3005
5278
7066
1563
3426
5711
2093
2190
3445
1185
2845
4227
6399
2140
2210
4210
4237
4845
6489
6490
6492
7750
4360
4629
7212
7815
1017
1724
2432
4437
4446
1264
6779
6783
7326
1694
2565
6514
7493
1871
3533
7710
1147
3353
4342
1910
3553
6737
7175
2110
2419
5249
4235
6731
7147
2482
4479
4921
696
998
4946
5126
7634
1137
3389
6729
675
696
3645
1934
6141
688
2687
1242
1895
6964
992
4443
5571
3076
4443
830
3751
6621
797
4213
7605
7720
1090
1980
4451
1139
6772
7501
1652
4705
7778
2686
7576
1025
2119
2908
696
998
3077
5540
1835
4630
5069
3645
4942
5174
6017
6116
7652
921
1030
4470
7511
2255
3626
3266
4415
7906
1453
3711
6849
1048
3901
2477
4029
926
972
1744
2684
5774
6664
1825
6062
6472
7574
1204
3072
5514
795
1073
2243
1441
4218
7258
3342
4424
5819
733
5137
7291
3925
4150
7203
3606
3926
7513
2286
2850
3940
7864
3049
4945
5482
7013
3938
4757
7194
4947
6424
2540
4434
4437
6530
6581
7897
2579
3336
6223
3274
3817
3903
6930
1360
6413
7788
4406
6474
6698
2805
3029
6713
2752
3497
6023
2199
3234
2732
3240
3252
788
2134
5764
6805
1653
1659
4241
787
788
2135
1919
3404
5287
6225
2188
4577
5037
3553
6936
4173
6964
3172
4101
5806
7496
3149
6245
7414
7416
1242
6964
1243
1964
5568
5453
6218
992
6191
6499
6909
1751
5290
6013
3364
5341
5196
7217
1919
5287
6623
7331
2520
3679
6623
7331
1222
2606
3836
5737
744
1163
1487
4846
1899
4648
2537
6022
7278
6673
7740
3276
3547
6269
1694
3547
6271
3741
3939
890
3330
1494
4214
6923
4269
5012
6942
7102
1336
5652
6705
1023
4932
6001
2962
3085
5506
768
788
2134
1342
7336
3015
3065
4266
1091
4914
5414
6109
1843
1911
2589
3253
5631
2244
2290
803
1031
3792
1892
6320
6321
1458
1869
3897
5940
1149
4695
1308
1798
2714
4234
1881
4324
4442
2661
5102
5393
4513
4377
6242
1326
3406
6127
1651
3570
4618
3756
5349
5911
4704
6064
7721
916
3363
6512
7477
4471
5418
7653
1026
4721
5619
1469
5266
6276
6982
1928
3657
4551
3075
3686
1933
2572
1567
1870
3687
6045
3155
3643
6859
2859
4730
1662
1677
5322
1772
3418
5777
1102
7157
7503
7562
1602
7048
7048
1834
4379
975
2657
3454
4702
6090
4404
5742
7555
1139
1621
2507
6233
6385
1085
6734
2418
3471
6485
1924
6193
6196
800
2460
2268
3795
5083
1415
4384
6415
7393
3570
4687
6305
805
2437
4745
805
1399
1522
3844
4092
4562
6606
1985
2599
3844
6606
878
3820
4732
6383
2034
3177
5673
1780
2549
4347
5968
3687
5842
6045
6388
823
826
7573
2242
4210
6780
7568
4462
5034
832
3033
4854
3206
5034
5229
3993
4608
5935
7150
5326
5437
6012
3381
3383
6254
4976
4984
1009
6248
929
1514
7619
829
6383
2032
2359
3546
2904
7014
7559
829
1005
1013
2366
7464
2945
5547
5550
3479
4963
1465
4763
844
6526
7734
1501
5517
834
5759
6472
7578
962
5032
3500
4003
4538
3893
5489
857
2932
6330
6629
1438
5490
6064
7782
7852
3933
4526
5784
7737
844
1113
4101
4644
4768
6158
3172
872
2876
6681
2220
2405
5802
5583
5913
6516
7664
3174
5037
6833
3994
4207
7343
7551
1015
4899
7700
2092
4811
5752
854
863
1753
5214
6570
6595
872
1751
2520
1969
1971
2299
1630
5254
6579
2684
2462
4264
5011
7916
1298
6676
6885
1326
2162
6127
2563
6608
7286
1059
1979
3596
7305
872
1011
5264
1737
5844
7759
4725
6166
6620
1656
3357
5501
2730
6767
7753
3276
4600
4648
6098
2321
5122
6264
3129
4714
6102
4403
6829
7328
874
3049
3303
5279
4996
7013
4383
6073
6400
1502
2459
6602
1529
5152
5474
6424
4695
5151
5508
2216
6005
6006
885
894
3501
6471
6577
7048
892
3344
3893
893
2871
901
4945
7013
1419
4967
5796
6910
1364
6341
6402
1755
3289
3851
2905
2964
5372
1449
3272
4853
1981
3027
5684
3915
1471
3348
897
7001
2549
3131
4347
3680
5712
7351
901
3043
4999
1092
3655
4235
2361
3440
6575
1251
2804
6119
4996
1311
4129
4221
3620
4091
4688
3454
6749
1260
3733
5014
2619
3420
3923
3264
5967
7008
1872
2822
5441
4885
7011
4428
6426
7366
1611
2378
3118
3169
2455
4074
4700
6680
2742
5275
6780
6683
4270
4296
4658
6510
4861
3829
4343
6373
2348
2946
4004
3350
4861
5475
1016
5115
3218
4763
7002
6149
6151
7799
1211
1499
3692
3743
4387
5185
5512
1431
4891
1060
1440
4970
3135
6252
7014
5391
6592
4124
4400
4591
1187
2653
6070
4968
6642
7492
1359
4785
6648
7538
2269
2296
7031
1602
7043
5161
6161
6917
4415
5063
7086
2709
4175
4578
1456
3615
7158
6706
6836
7621
3594
1083
1287
6617
952
962
6149
1046
2556
5751
1317
1927
3564
3678
2379
2906
5503
3461
3483
5767
3719
4754
5392
6261
6517
1198
1647
1917
2293
5122
5643
4272
7591
1523
3549
3791
7685
2633
5425
6162
5300
5353
7785
4435
7101
3678
5688
7884
3023
3812
1696
2935
7814
7933
4009
4529
4533
7283
2776
3536
5085
5389
4571
7399
4283
971
1060
5019
2360
3561
5924
3236
5134
5691
7190
3117
6164
6684
1666
2537
5028
2542
3237
7008
1613
4970
4709
4711
7586
2584
5321
1075
1620
4016
984
1004
1588
4049
5824
1391
4773
6714
3769
5995
2034
6814
3198
3707
6652
2480
4668
6563
6715
2039
3177
3292
985
5979
6450
990
1268
2346
3748
7617
5686
7641
3513
3514
6158
6586
1003
2550
7460
1004
1008
2717
1746
1750
2622
5799
1962
2221
2727
5758
1397
4980
7038
2456
4130
4750
6864
4500
5695
5817
5096
6955
7046
1408
1608
3044
6888
1002
1010
1671
1644
6229
7643
1027
3807
6471
2783
3880
3663
3383
4136
2856
7608
2493
3944
5111
3694
6345
1593
3140
7302
1027
1895
2483
6670
7634
3992
7310
7467
7468
1534
1702
7730
5348
7699
3302
4470
4570
5761
7622
1020
2601
6111
1971
2302
5403
1107
5541
4283
5121
5638
1465
2626
7402
1077
2323
4666
1432
7197
7733
1512
3605
7317
5448
5977
1124
1034
5444
7282
1030
5043
7642
3785
1093
3331
3602
5225
4957
5666
5965
1077
5483
6405
2489
4021
3090
7182
7183
1076
1086
2948
3223
2567
3760
4489
6309
7724
1041
1052
3532
1576
5335
7291
4567
6652
7724
1447
1909
6602
1052
1863
1866
3901
4473
4779
6874
1537
2718
3630
4977
1435
3827
7093
2144
4634
7583
1683
5714
1119
2729
3651
5306
2501
4504
5827
5840
1779
4378
3080
5299
6969
1066
2087
4647
1088
3497
4024
6616
6469
5896
5897
1063
6097
7654
5676
6564
7447
7694
4248
1065
2692
3472
3704
2530
4411
4908
2463
5190
7816
4366
4375
4889
1326
1854
3408
1931
4284
3080
4248
7822
4388
5176
4273
4323
5249
6683
5533
3229
6667
4716
1520
3701
1606
4966
5521
1575
1872
2822
6315
6317
6318
1680
4626
6355
2327
5354
1708
4522
5523
6967
1086
4273
6667
2426
2836
5454
1779
4969
4682
6267
6613
1124
3732
4065
3334
7069
4318
6099
2149
2508
2552
1099
1104
3373
1340
1999
2350
1716
3646
3905
4571
4728
4737
5500
2382
1101
2920
7095
2577
3888
4339
1104
2857
5487
1501
2686
2295
3641
6140
6391
1688
2301
4451
4788
6702
1367
4044
5752
6552
3633
4063
1437
3966
5109
5885
1123
3185
1114
2231
6011
6200
2109
4457
7275
3193
5378
6344
4618
4692
7852
4818
5188
6887
7786
7096
7112
7116
3284
5904
6005
5878
6106
3603
7655
2937
5735
7310
7652
4815
6134
7516
1196
5919
5948
1242
1128
2642
2123
4934
6221
7301
1741
2174
4623
1946
5466
2534
5057
2186
4769
3745
5992
6762
7288
1520
6167
2243
3580
4394
2242
6780
6886
1985
2599
3295
6180
6435
6599
7407
3052
7842
5941
6683
7928
5762
7498
1154
1995
3124
3534
1152
5491
7929
3340
6838
7139
3480
7821
2224
5534
1563
6972
1848
1855
3870
1381
3631
4186
6041
7517
2149
2508
4956
1263
2154
5286
7697
1622
3087
4043
5672
4993
5479
7134
3644
5115
6113
6752
7019
2445
5493
6572
7451
1691
4071
5639
6529
1827
3854
2206
5574
5578
7643
1170
3937
5184
6161
3917
4697
6873
2297
3118
5184
1309
2848
7530
1796
6425
1359
5825
7382
2534
7339
1359
5459
6059
6648
5854
6796
7873
1991
2691
7385
7737
1259
2751
4287
5281
4540
5154
6060
5111
7286
7350
3220
3736
4070
1443
1565
4678
2181
5316
5400
2063
2070
4979
2757
6693
7836
4616
5337
6601
1911
3668
5663
2031
4374
7378
7595
2339
2918
4637
2711
6274
6278
1302
3846
4960
4580
5922
6622
1857
5100
1685
6973
7149
1193
3431
3588
7342
7695
5084
6212
7648
1503
5378
1193
3431
6294
2229
5378
1831
7645
2857
5487
6734
1775
4132
1200
5225
1689
2245
3979
6069
7091
1712
3409
3711
3899
5948
6352
3012
3185
3737
4906
7405
3672
4588
7209
1461
6006
1451
2139
7394
7678
1256
1396
6039
1218
5592
2643
5560
6559
1630
5318
7148
5481
7055
7842
3666
5661
1641
4062
4267
6049
6122
6861
7198
3378
4639
3461
3483
5889
2219
5593
5595
1313
3410
3802
1451
3885
7394
1900
3568
7089
5271
7774
7781
4025
5820
1247
1274
2216
2312
5947
7411
4589
5738
6558
2073
4249
6839
1928
6334
6440
2654
4698
1229
1925
3192
5026
1232
4550
1244
4708
5998
2922
5130
1923
2900
6440
2651
5450
6929
1237
3965
6333
2679
7070
1386
6854
7827
4753
7196
7839
3967
4708
2337
5510
7554
1826
3073
3505
4703
3938
4150
6582
4065
2955
5113
1432
4474
4710
1556
3319
5111
2654
3415
4698
3210
3846
5737
2452
5485
6810
3112
5863
1323
1353
5029
5232
4821
6002
1254
2336
4914
6109
5387
6051
1266
2836
4115
5473
6527
3035
1846
3506
3508
4827
2699
7325
7327
1403
6785
2414
6940
4170
4612
5528
7892
1497
2210
4913
2153
5632
6723
7687
1368
3699
4826
2336
2852
6104
3918
5492
5773
7452
5719
5979
7854
2453
2618
5113
2835
4850
6103
7427
3918
5493
7451
7452
1897
6367
2843
4227
1282
1302
1276
2461
6553
4772
7130
6599
6708
7078
2372
2540
4485
6507
5610
5941
6587
2269
4587
4895
1845
1897
3009
3323
1303
4646
7239
2441
3839
4903
3643
5564
6859
2441
5263
7417
3744
5900
7845
3143
3168
4353
6939
1401
1811
2482
4880
5655
7519
5226
6833
7129
7131
2447
6335
6394
3740
5356
6899
3369
5890
7901
3108
3372
3658
4612
5891
7490
2547
2551
2576
7787
4767
7873
1467
2553
7123
3904
4160
7315
3071
6752
7021
1303
6235
3084
3301
6544
1315
3858
5939
6063
6078
6587
4302
6169
6880
7689
1312
1315
1314
6255
7750
3098
6170
1316
7532
5386
1877
4217
1316
3856
7525
3565
4810
2484
6753
7483
2285
5824
6127
4594
5882
5132
5481
7875
2248
5989
1559
4796
1530
6351
1417
7525
7799
5575
1915
2348
3584
6300
3026
3754
6138
1341
1534
5462
7231
7809
2570
7101
3490
3516
4295
6981
7049
3164
6175
6884
1478
3690
5657
3962
3980
4920
5613
6867
2489
7283
3860
5050
6498
6867
3063
3977
4723
5590
6314
6633
3144
4512
6011
7507
7533
7535
3229
4277
7651
3125
3139
7002
4737
5501
7399
2058
2073
4975
1538
2711
5249
1490
6196
6198
1369
3376
4088
1411
2418
6292
2062
5859
4796
1558
2058
2062
3676
5581
5962
4008
4457
4934
5976
6221
3288
7068
6996
7360
2108
3208
4161
6437
7142
1991
4765
5231
6650
1629
4517
4579
1856
3382
5328
2092
6310
6552
2557
5756
1371
5569
3362
7630
2919
4734
5705
7136
1381
3457
3699
3343
4388
4909
2668
4798
2467
2471
3324
1382
5219
4039
5928
1398
1424
1629
2804
4419
3388
5386
6377
6167
2042
3585
6483
1387
3329
3342
1487
2128
3475
6425
5245
6863
7832
1449
3330
7036
1411
4020
6292
1674
3779
6789
1867
3239
3533
1672
6803
1393
1403
3024
7004
3020
6186
3269
5289
6421
7001
2264
3626
4501
4243
5720
1654
2917
1408
5710
7233
4561
1477
5440
7766
5549
1889
6073
7647
3020
2720
4081
5343
3590
3592
1848
1974
2526
2735
4848
6528
1424
1415
6993
4781
4783
4986
3653
5172
4331
1539
5096
6100
2291
4198
4239
2176
6872
6894
4368
1708
6239
6656
7798
2394
6889
3412
6007
6008
1504
3279
3746
1682
1683
4117
2130
2132
2583
3477
4948
6402
1426
4699
7667
5694
7262
4957
5757
7369
1699
2480
4664
7458
2078
3042
4122
6325
4708
1686
6555
7548
4662
6631
7770
7708
3774
6231
1639
4516
5774
4064
4286
4704
4911
4555
4558
1445
4144
7372
6434
6446
7675
7677
1880
4198
1703
5604
6173
5047
7499
6227
2141
7690
2641
4564
6400
5100
4335
4829
5869
6251
4602
2896
7389
7730
4510
5558
2826
3233
3552
3498
4120
4183
6561
7151
5429
7160
7429
1468
3835
1899
3393
2656
2750
2826
2358
4515
6008
1468
2801
3799
5363
5852
7324
2418
5172
5781
6243
1472
2397
7523
7600
2575
5020
7189
1943
4107
3537
5418
2620
3066
6970
7883
3916
5467
1926
7400
5757
6034
4860
6196
6198
4972
6661
3574
4950
6143
7413
1490
3122
7927
4241
5654
2492
5654
5980
1484
1647
4972
3590
5469
6193
4075
4408
4849
6532
6915
1486
6258
6557
3935
5785
6158
6265
6661
3476
2578
2580
4927
1874
6020
6927
6193
1494
3962
7649
1896
3183
5133
7848
2268
5075
5081
5083
2842
6709
2315
2887
6915
1530
5546
6633
2236
3840
4585
1750
4598
4744
3667
6612
1517
5217
5780
7094
2168
1506
7210
7341
5984
6515
4355
4872
7364
1683
4117
5792
1516
2309
3197
4879
3693
4082
7209
5748
1889
2653
3431
4074
5587
7172
2908
7709
2000
4305
5044
5525
7623
3116
3118
5169
4107
5861
4523
5868
7549
3704
5766
7676
2837
6771
1910
3273
3429
5614
4317
4440
4745
3861
4120
2490
2497
6731
4057
7135
7613
4057
5746
7663
2821
2931
3022
4820
3313
3493
3859
5246
2800
3204
5508
1535
6603
1967
2837
6759
3526
4179
5509
6431
5623
6466
1535
6633
7820
3903
5163
6930
1814
1977
3442
7133
7046
2315
5542
5064
5119
5622
6931
2998
5497
3530
3647
5165
6932
5000
6563
4112
6067
6708
7628
1579
2649
2950
5303
1570
5681
5804
3774
6231
7058
2812
3072
4515
1551
4337
5894
2167
7775
3822
3824
3927
2330
4609
5847
6684
7276
3506
4760
5390
2563
5644
7286
2470
3638
3923
4799
3109
5859
1561
2769
4110
6604
5847
7264
4720
7646
3419
4938
2438
4348
5833
1642
1818
6064
7721
6717
7542
1967
5242
1579
2649
4554
6968
1584
6805
3211
3213
3460
6868
3712
5951
6182
6306
2414
3108
3658
3665
4746
4747
6035
7739
2303
7333
2698
4654
4662
7770
5804
6717
3368
3907
4143
4183
5829
1690
2096
3877
4103
6627
7082
4677
5242
5944
6278
5681
6945
7767
7282
7360
7788
6495
7200
7403
3541
3567
3675
2069
4917
2815
3101
4890
3308
4841
5384
4862
4924
6268
1701
2677
4843
7912
3126
4278
4410
2074
5969
1605
5305
6597
4223
5964
6737
1830
1946
4250
4866
5694
6597
1642
4365
4713
2091
2094
3947
7817
3780
4699
4866
5694
4762
6882
3945
6765
4488
7418
3029
4483
6713
7706
4779
6178
3147
7598
1615
5038
5186
6906
5036
5169
2222
3365
4947
1618
2533
5358
1616
4491
1616
5040
4303
5186
3224
3230
3552
6635
4943
5008
1692
1706
2127
4839
1622
5916
4589
6770
1633
3837
4305
4306
4434
1628
1633
2126
2224
5556
3578
3886
4224
6838
7139
1636
5532
7745
5704
6644
2676
2706
7271
2049
5716
7823
1636
5672
3607
5092
5159
6957
2915
5173
4016
3391
5216
7108
2305
2557
2564
5724
4466
5109
5946
1692
2708
6793
6663
7592
3368
3674
4153
5361
6315
7918
4331
4978
7896
4158
4344
4888
6865
1658
4495
7541
6048
6557
5101
5251
6086
6536
2313
4152
1652
5722
6349
5032
4876
5197
6748
2928
5649
5539
7421
7878
5323
7256
3241
3889
5760
6879
3690
7152
3412
5306
5875
1669
7688
1678
3457
5849
2954
3465
4921
1808
2699
3961
4147
5368
7611
1842
6898
2407
5377
7823
1727
3212
4113
5371
5372
7683
2572
7839
6577
1842
1939
1676
2507
5731
3029
2803
3818
6386
7176
1878
4293
6558
3632
5308
3632
7844
3113
3479
4963
5137
1681
2408
2417
4830
1843
6612
2830
3092
4175
6630
1726
2467
7303
7545
2708
5486
6793
4993
5485
7339
1698
3894
5425
3721
4019
2505
6490
6496
4651
1698
1972
5425
6369
6514
4645
4772
6545
3793
2328
3705
4663
1701
1716
1814
1715
4060
5592
5593
7820
2473
4736
7825
2423
2429
5563
1853
3548
4228
6263
3125
3139
3343
5520
7797
1817
3082
3403
3052
5145
6718
1714
5513
2858
4304
5626
4524
5952
7932
4909
5512
1716
3906
2718
4689
5933
6195
2147
4129
4944
2198
3301
5633
3324
4830
7546
1735
4593
1738
5515
3602
5225
6944
3760
3851
2472
4395
4602
5427
1940
4900
6394
4851
5159
2140
3800
5893
2685
3796
4529
4573
6699
7576
1734
4468
6174
2910
3627
4696
6601
4805
7079
5297
7658
1738
5516
3756
5911
6181
4709
7718
3115
2424
3872
6025
2355
4574
7626
3872
7265
4789
5644
3715
4480
6465
4899
1752
1758
6493
3768
4598
5005
6306
2089
7265
2141
3799
5311
2263
5053
6623
1760
3717
6576
5290
2465
2746
6027
2095
2432
2924
3283
4311
2851
4294
4396
1760
2907
5769
2252
2987
5602
6573
1762
1772
3354
1764
4640
1889
3431
7749
1772
2764
2968
5942
6749
1767
6090
6323
6324
5238
5942
2281
6543
7300
2968
5942
2402
2764
3151
3400
4833
6511
7002
5776
2260
3487
6835
1800
3285
4982
3954
7715
3129
4133
1795
1829
3313
2981
4334
3433
3304
6660
3182
3776
4984
6336
3792
4320
4843
3828
3920
5823
7237
1797
3291
3491
3855
4936
7183
7185
2746
4949
7406
3834
5923
6066
2086
4604
4615
5747
7722
7218
7444
2885
4486
7440
4838
7250
1886
2037
2341
3578
6028
7433
2821
3859
4820
5651
7871
1798
4234
6853
1799
3494
2251
6277
3819
3825
6930
5251
5265
1809
1813
7241
2681
3892
4200
2021
2742
7568
2436
3906
5828
6568
6726
6729
7065
2398
5086
7569
5370
5143
5194
7931
3074
4845
6411
3644
6113
6989
1838
3571
6739
4633
1828
5698
7263
1961
3109
3136
5155
7080
7081
2684
4917
6379
6459
1821
7667
1828
7248
5002
6973
7149
1828
4620
5698
5727
6675
6872
2134
5770
3504
6651
4451
6702
7285
6624
2013
2639
3416
2814
3423
1888
4882
3668
5356
5890
7901
3036
7329
1945
1953
2755
2484
3963
5607
4646
4771
5300
7239
2848
7185
7530
3986
4245
3210
4880
7519
3747
5733
7247
1845
1897
4173
6524
6696
6895
2946
3667
2787
3226
4168
3918
1849
3325
3455
3503
3505
3508
6284
7251
4421
6156
2880
4293
4592
1860
4174
4640
2229
3047
2371
7747
2221
4400
5295
2383
6954
2851
3272
3098
4492
7497
2515
2570
4459
1861
4343
2597
7893
3963
3996
5755
6998
3873
3950
7528
1869
3996
5327
1957
2501
3522
6206
1869
5755
5940
7254
6717
7701
2192
5431
2072
3137
5647
3339
4358
6360
2291
4720
1880
2707
4198
6215
4680
5797
6489
2880
6014
2471
5285
3674
2098
3842
4981
3039
7329
7920
1885
2847
4299
7748
2846
3194
4866
2101
7340
4886
5936
7645
4605
3100
5116
6969
1901
2875
7109
4364
5864
1905
6508
7115
7365
2112
3932
5272
7850
4285
3010
7067
1902
4971
6846
2428
3895
2067
6379
2877
4435
1909
2459
6720
2858
4055
4108
5135
5119
5204
5622
6848
3878
5302
3866
3994
5685
7551
1908
2738
3866
2346
6921
7550
6844
1930
3667
3692
2165
2251
2496
3666
3668
3692
5356
2393
6003
4002
4119
4583
5005
6182
3583
3689
6048
2256
3651
5312
6013
3689
5814
6069
2535
2627
2648
5597
3563
3597
2487
5280
5749
5822
7605
2900
6733
7523
5536
7231
3028
4550
3725
4465
2640
4882
1932
2772
2780
4074
4700
4354
7173
1949
3332
5779
7171
5978
6820
6821
7741
4284
4433
5131
1945
1953
3942
5236
3974
6687
6696
6335
3008
4103
2318
2518
6226
6744
5861
5940
4822
5072
7007
4174
2957
2961
5267
2967
3328
5267
2265
3884
5957
4759
4868
6256
2270
6631
2785
3239
4356
4997
4711
6022
2064
4554
4713
3019
7304
3359
7299
7447
2007
3051
4728
1981
5030
7894
4066
5975
3406
5376
3601
5765
6493
2453
4022
3126
4731
7223
4091
7121
7924
5765
5770
7566
7574
5391
6592
3313
3493
6392
5339
6024
4151
6368
3753
3756
4817
3596
5917
1981
5030
5192
2082
3441
4665
2678
4633
1984
3729
7050
2868
3614
3732
3798
7819
2700
7138
7831
4261
7250
7606
2960
4021
6472
1987
1990
2212
4698
6676
6885
7740
7032
2198
3415
6544
7037
2629
3218
4763
5522
6032
7474
6892
7601
7798
3581
7020
3969
5688
7758
1999
4733
5688
2816
6043
7293
3969
3975
2782
4426
2844
3476
4209
5905
4218
7321
2782
4426
5038
3693
7260
7262
2008
3092
4693
6053
2866
5918
5937
2392
2982
5529
4376
6739
2475
4083
6358
7879
2428
3386
5324
6358
2673
4238
7348
2492
5098
5972
3661
4068
2641
7749
2047
4257
2023
2032
5796
2111
3100
5124
3740
5019
5897
4673
7911
2743
3847
4722
6458
7434
7585
7375
7614
4038
5039
7719
3847
7487
5097
5376
2029
7377
7691
3576
4030
7680
3466
3852
7686
4323
4706
4742
4178
7090
4106
5705
6579
2084
3875
2361
6298
6637
2664
4665
5310
5513
2252
5605
5180
5573
4051
6171
2042
2082
2664
2558
2980
6475
2083
4673
2076
4486
7440
2045
2047
7387
2046
4204
7729
2047
2896
7215
2741
5234
7682
2223
2403
3468
5079
6185
7380
2307
4955
5596
2056
2074
3670
3110
3468
5071
6327
2566
5492
5773
6920
4063
4899
2850
4486
3893
4708
6455
6459
3824
4844
3256
3495
4391
2062
4790
5859
6455
3654
6463
7330
2352
3298
5355
6438
4390
4391
5879
4109
4977
4249
4977
7534
3567
6232
2071
5642
6463
2075
3944
2645
7582
4109
6459
2076
6878
3568
6841
7536
7107
4542
4544
6139
2790
3582
6618
4495
7107
7110
2087
2097
2530
4493
5302
2083
7471
7529
3153
6788
7865
6817
7529
2090
2799
3356
6430
7142
5243
5497
2865
5934
3946
6820
3133
4292
2506
3578
6028
2529
5978
2426
5424
5454
3760
5761
2733
7337
2106
2633
3894
5153
2282
4006
4628
7391
2419
6433
7412
3782
4319
2362
3400
4741
2757
7836
5262
6342
7836
4014
5834
2808
4208
7106
6326
6975
2113
6951
7757
6683
7928
2112
3932
5116
5203
3120
7275
5535
7080
7371
3886
7100
3783
4786
7079
2260
6832
3222
3556
5018
4149
6875
7707
7858
3905
3906
4603
6568
4326
6700
7887
7240
7323
3014
4660
5412
6192
2449
4162
7713
2797
5531
3132
2553
4209
4527
5867
6445
6967
5659
6024
2476
3203
7334
7684
4438
5659
2455
5587
6116
6062
4513
2924
5318
6644
2695
3203
6776
3921
7893
5815
7729
2208
7570
6602
7341
2143
3011
5797
5187
6740
3161
6373
2382
4611
4492
5452
7909
2304
3309
6735
2150
2695
6776
4745
3961
7379
2153
5294
6101
7281
2642
7512
2158
2166
7841
3147
5557
7809
3941
4073
6495
4043
4049
6216
5294
7793
7841
2169
5853
2972
4883
5354
6413
6650
7037
2281
7300
2735
6528
7159
4933
5003
6397
3053
4982
4752
5286
7794
3734
5465
2175
2177
5517
2170
2178
2184
3640
6989
3779
4758
2506
2665
3886
4218
4831
7499
2870
6025
6029
3982
5315
5727
6137
6883
3982
6132
2184
3317
3613
3202
3483
6816
2181
5400
6796
5862
7482
4670
5400
5754
2825
3199
3245
4942
3884
6808
2192
2193
5431
3599
4104
4754
5715
3247
4264
6695
2760
4778
5715
2506
4674
6262
2424
2667
4622
2581
2201
3250
3759
6480
5691
7178
4677
6274
7593
6312
6955
2212
3900
3965
7826
2202
3924
6229
2222
5564
5580
7513
3189
5598
5833
6381
5400
5753
5854
3849
5326
5437
6859
2758
4369
6753
2210
3958
4828
6887
2236
2478
3046
4041
6823
5807
6344
6817
3044
4638
6184
2217
4536
5352
5514
5410
6121
7495
4961
7763
5594
6603
7820
6543
7307
3406
3084
5544
2225
5552
5826
3061
5224
2230
2403
3047
5317
7696
4927
5273
5171
7312
7489
6515
7696
3472
6922
5435
4135
6314
7577
2239
2449
6802
7834
2578
2579
5015
5345
5352
6802
7539
7834
2242
2478
2819
4333
6134
6668
7849
7619
7859
4481
7710
4773
6682
7244
2452
3056
2291
7009
2725
3954
4378
5210
7097
4524
6856
2652
5419
2260
3597
6835
2252
2987
5305
2498
3499
2720
5343
6199
2693
3095
5686
2832
5269
3635
3755
4854
3809
4336
7705
4015
5634
6478
3113
5142
6208
2771
2262
5307
7475
2866
3404
6013
4181
4474
4710
6267
7251
2267
3190
6517
3784
5365
6352
7885
2306
4939
5141
5545
2605
3067
7660
2932
4181
2716
5572
6492
7750
2277
4372
6270
3167
6941
7012
2347
2948
3223
6730
2629
4230
6241
3826
6491
7648
2281
2287
6487
3841
5122
5274
6264
2285
7246
7390
4653
6289
6305
2870
3448
2287
2662
4486
5908
4988
5794
5801
6497
2864
3772
6775
2291
5000
7326
7377
5144
5645
7691
2297
2314
4491
5184
5793
6497
4933
6397
3190
3355
3395
2320
6024
6689
2936
6830
6856
2365
6130
4864
5339
5423
2501
5914
5039
7860
2562
6547
4892
4895
6897
7259
3706
4359
5601
5857
7210
7587
2603
3503
3634
6284
5395
5857
6228
7204
3648
5514
4072
7409
6060
5555
7609
4359
6382
6727
3108
3249
3337
3650
2321
3705
4663
2539
5357
2545
3771
3778
5428
2335
5484
4361
5601
7587
2923
3369
6120
6682
2593
6033
2802
7524
7526
4664
5687
2365
2384
7503
7562
5074
7221
7804
3708
5457
5596
3981
5112
5539
4062
7579
7773
5106
7542
7579
7594
5293
7812
4850
5004
5625
5831
5625
5831
6783
7326
2340
2396
3797
2918
4229
2990
5966
3579
3934
4302
6902
4959
5394
7772
2368
3381
4136
4812
2381
3080
7822
2853
3305
2589
4232
6027
2891
3969
6747
2500
4272
7591
2703
3037
3319
4019
5642
4470
5043
6504
5748
7384
7459
5707
6343
6406
2360
6721
7184
7544
5848
6593
4967
5796
7058
2652
3787
3460
4959
4744
2525
3700
7864
3057
4645
6546
2385
4033
4136
3135
7460
7468
4989
2375
2376
3297
5436
7541
2382
3577
4228
3695
4701
2375
3377
5503
2980
5566
7188
2379
4791
5449
6908
3693
4080
6554
7209
5184
6161
7559
2385
3076
7567
5448
5977
5679
6952
2385
3032
6138
3066
4931
6658
6970
2562
2970
5805
2558
3130
6548
3225
4557
5206
2503
4300
7284
7323
2999
3784
4447
6517
6560
7397
2465
5845
7610
6910
6911
3961
5708
7379
3202
5139
2635
5550
6519
6777
5553
6186
6205
3492
3599
4754
4781
2431
5582
5729
6287
3152
2407
5524
6786
7465
7571
3299
4240
5068
7847
2423
2415
7319
3542
5503
6904
4196
4901
6282
5420
6311
7015
4694
5082
7455
3155
6288
7035
7457
2417
3357
4045
2581
3746
4766
4769
7545
3459
3442
3285
4982
6336
3936
6464
7077
4929
5397
2797
5524
2666
3241
4105
4403
5377
3158
3898
5377
7823
2469
4403
5377
3153
4539
5977
2435
5424
7622
3382
5321
2435
2442
6887
7786
2454
4060
7218
3792
4056
6565
7435
7687
4061
4143
4340
5829
2561
3053
6282
7127
2454
6860
2451
6183
6692
2842
4159
4782
2483
3263
5619
6951
6281
3030
6432
7619
5618
6787
7280
7693
4147
5615
6441
2988
6857
6813
7279
7280
3748
3751
7550
2993
3620
4091
6093
6233
7635
3943
4098
5589
3163
3247
2866
3466
3852
7325
7410
2491
2609
3925
5589
6317
6759
7603
3384
3393
5332
4757
6585
6781
3331
3943
4401
6775
2712
3593
2604
3971
4300
7284
3386
3554
2743
7831
3935
3278
3813
2781
5078
5650
6724
3730
7584
2954
3074
4285
3998
2588
4371
5166
5637
5643
3491
5023
2811
3984
6791
3729
7500
4804
6026
7388
4089
4115
7536
2513
2519
3917
7315
5816
6410
7516
2498
2561
5433
2502
3188
6484
6987
2500
4367
5041
4774
6733
6736
2863
5825
2522
3107
5862
7482
7216
5762
6558
5059
2663
4642
4729
7401
3598
5227
5276
5581
6538
7441
3384
5329
3107
7470
3461
4087
6642
2584
2521
3671
5418
6276
2818
4445
6795
7712
5128
3983
5576
6873
4248
4531
5299
3127
3535
5232
2531
4189
3614
2868
5974
7694
3301
3844
5633
2777
7817
4036
4195
3484
4549
7650
4711
5033
5054
7342
2856
4920
5613
7029
7290
2793
2805
2972
6689
4484
5169
5396
6357
2920
3037
7095
2586
4500
7118
2586
4825
6266
5683
6037
2547
2551
2844
4209
4211
3773
4231
5954
4950
6143
3720
5756
2575
7450
2575
2585
3402
3782
3892
2674
3081
4371
4823
3624
6569
5725
3995
4139
4226
5700
7628
3521
5566
5803
4188
2564
7560
4789
4044
2921
4637
2939
3413
2675
7881
5670
7794
2571
2926
7067
7096
4231
4312
4749
7174
4131
4714
6407
7042
3207
3504
5192
2576
2682
7572
4961
4927
5273
6292
7363
3939
3980
5477
5339
7370
6641
2669
4127
4655
4705
5470
2612
5464
6057
3584
5663
6118
7667
4145
6933
6941
2614
2756
2938
4289
7932
4289
5683
6037
3947
7125
7672
2786
3016
3128
6902
3161
6373
5447
5952
7669
7743
2608
4378
7293
2952
5526
3067
7181
4152
7847
5296
7062
4172
6043
6146
3014
5353
2939
4610
6918
2817
6971
3418
7349
4028
5992
6535
7855
2899
3131
4534
7656
2614
2756
6393
6398
6975
3081
4371
3502
3727
6608
2735
4110
6882
2895
4657
6266
5379
4520
5848
3131
6143
2895
4123
4678
6266
3404
6225
2747
4519
4965
6965
4578
6630
5838
5927
6056
7528
4508
4509
6511
3769
3833
5320
7516
7711
6621
3833
5745
6066
3422
4165
6742
2887
5690
6460
7803
4011
4332
3593
4226
5700
2874
7005
7400
4924
6047
6268
7063
5171
5316
6409
7518
3285
5771
7031
2821
7829
4606
5261
4397
7514
2784
5205
6016
3572
6533
4979
5641
5642
6861
7198
7733
2747
6724
6965
7891
2856
5745
3421
5106
5804
6717
2784
5058
6016
5924
3436
5223
4051
3275
3436
4601
2831
4005
7253
4698
2673
2693
5438
5939
7128
7928
4046
5824
4425
7864
2668
5007
3594
4449
2667
2834
5783
3951
4729
2680
4319
4064
4704
5045
5490
2692
5551
6771
4476
6569
7483
2697
4687
5167
7480
3157
3160
6299
7494
2680
4633
2682
4334
3289
3851
2981
4320
4507
5347
4632
3110
4597
7837
6662
4533
4538
6132
7157
3643
5540
3083
3151
5167
2762
3333
3361
3161
3630
7893
4526
5231
6348
7676
2697
3425
2839
5473
6527
2699
7327
3142
7463
5160
6417
6789
2706
6776
6387
7855
4685
4954
5669
3373
5355
7095
2708
4829
7800
2706
6776
7692
6299
3434
4839
2882
5692
7543
2713
2714
7689
2998
5243
5700
7186
2719
2902
2719
5762
5812
5856
5057
6253
2955
5719
3624
3646
3364
7766
3676
5581
3805
6346
6699
4249
5990
7583
2966
4216
4221
7339
7695
2811
3007
4761
6105
6823
6948
5675
6214
6133
6791
3946
7674
4217
6255
2739
2744
5202
2798
5191
6483
3890
4301
2769
3000
6711
6825
7075
2908
6203
4683
5922
7550
2749
6761
4057
5746
3593
4206
2743
3832
2749
2753
2864
3777
4502
6774
3683
6038
5650
7625
7702
7713
3865
7856
3267
7407
2898
3649
2753
3252
6023
3454
6320
6900
2763
2792
2929
2943
5612
6461
4364
6321
4199
4200
3402
3525
3782
2958
3492
4781
5282
3538
3789
7890
2770
3397
3290
4629
5721
4344
4888
5016
5017
5537
7416
6749
7414
6444
3428
3438
6436
6832
7556
2780
3275
4656
3165
3263
5619
5851
5880
6647
7704
4625
7674
7816
5098
3696
6765
5085
5470
2866
3952
5937
7164
4525
4409
5040
3882
5756
5510
2792
3385
4412
4566
6997
3999
5520
3379
4453
4274
6832
4018
5594
5739
6436
2956
3278
4980
7843
2860
3414
6634
2917
4075
5563
2799
5190
5934
3821
3903
3549
3791
5311
3430
6713
3973
6803
6690
3045
3897
5327
6638
3430
4162
6802
3198
4953
3268
3417
4586
3001
3060
4653
5309
3470
5636
6404
3370
6275
7665
7461
5114
5975
4717
5210
7292
4376
5416
7104
4912
5465
2956
4880
6344
5432
6422
2828
5610
6584
2827
2829
7563
2829
4005
4005
6636
2828
5609
2831
2831
3199
4194
5714
4475
7085
2909
2931
5127
5730
5932
2897
7731
2841
5166
6057
7080
3320
7877
3435
3575
5982
7301
2854
6197
3962
2845
3315
7045
3914
5250
2851
4396
3097
3194
4940
5807
6817
7604
5576
4227
2854
4807
5667
6921
7769
4817
4182
4521
7092
6518
6730
5351
4377
5389
7639
2872
6945
7728
7767
3574
6505
7413
5660
7382
4225
3050
4575
4270
4699
4724
2875
7092
7639
3915
3565
7805
3332
3716
6465
6953
6994
2878
6677
7634
2878
3262
2890
3086
6308
5735
6017
4684
6283
6966
6827
7238
4381
4385
4795
3703
4195
4615
6523
2893
5368
5749
5822
6980
7599
3093
2945
3012
4674
4906
6262
2898
2903
5554
6318
4113
5319
3463
6374
2905
4287
7351
7882
5280
3178
7848
2903
3341
2905
2906
7467
7225
4922
5764
2914
3022
6443
6961
2914
2913
6084
3914
6872
7236
4460
4464
6672
3154
3219
3146
6506
2928
4251
3848
4650
2925
5954
3200
5125
7493
3093
3391
5891
6121
3557
4233
2926
4231
4764
7486
3960
5011
6946
4236
2942
2952
3146
6363
7924
2953
5260
5260
7898
2935
3551
4083
7933
5887
4456
5584
5587
7163
2952
4870
6470
2941
3413
6824
2943
2962
3085
6580
6328
6675
6747
7598
4117
4172
4177
6043
7597
7189
5094
7199
7632
7828
7829
7830
3694
2972
4643
3290
4244
4985
6785
7623
7702
7713
7050
3078
3290
5526
4149
6875
7268
7835
3024
7004
3815
4201
5298
3588
5912
6170
3504
6156
3400
5804
6513
6547
7795
3172
6541
7496
2989
3184
6365
3314
3598
5285
4178
7224
7378
7432
3003
4685
5669
7399
7548
2983
7232
7409
3806
5579
5910
7192
5805
7560
4633
4576
6560
3474
5947
7411
3756
4817
7876
3598
4269
5227
5560
6016
6567
6479
3041
5605
3421
6834
6997
3096
4379
5102
7144
7924
4616
4617
5337
3605
7317
7320
7521
3143
6456
5578
6290
6274
4962
6261
5986
7193
3003
7666
7723
4992
6575
7590
4187
4749
4902
5630
7174
3840
4585
5447
3017
5683
6264
7226
7228
3231
4094
3641
6470
3183
3232
4459
6339
7908
3096
4853
5102
4252
3018
3395
7426
3934
7719
5278
6886
3355
5292
6743
7856
4787
4985
3416
3417
3432
6002
4003
4573
6108
4287
6144
6790
3032
3034
4516
3201
3686
7819
5711
6334
4528
4864
5423
3156
3556
5149
3033
3034
5946
4232
4275
6003
3117
3120
6220
6041
5717
6625
7610
4084
3814
7510
7786
7782
4093
6694
4093
6790
5648
5990
3046
3278
4192
4639
4091
6260
7824
6423
3371
4219
4647
5529
6845
7398
7055
3182
4168
4555
7330
3396
3409
3410
6015
3580
6792
7373
4315
4478
6205
3751
4683
6621
6150
7430
5218
3848
4229
4380
6270
6283
5388
5521
5869
3942
5236
6092
5846
6146
6971
4759
4868
7094
3722
5885
4386
5093
5590
3524
3531
4726
6404
3209
5108
6329
5266
5684
3248
6138
5710
7074
7779
3902
4539
3392
7380
3145
3397
7414
5269
5680
6337
3170
3266
5154
3091
3174
4577
4675
7311
7675
3960
7073
7921
5798
5208
3146
6110
7426
3834
3097
6947
6924
4129
7860
5295
5957
7249
4930
5117
4519
4965
5183
6914
6924
7167
5379
6974
7843
5082
6940
4142
5163
6934
4315
4783
4986
6873
3733
4066
7080
7371
7380
3365
7573
5344
3402
4200
7743
4222
6357
7276
3813
4727
4960
7329
4929
4958
5858
7927
4856
5341
3292
6094
6534
5495
6756
3132
6244
5693
3490
4559
7025
7719
7026
7027
4387
6310
7882
5548
4811
7302
3745
5733
6408
7467
3541
5859
3636
4979
3354
3411
3418
3217
7205
7910
4034
6094
6652
3922
4068
4185
6451
4511
7402
3149
5167
7523
4244
5030
7408
7716
5834
6361
7057
3152
5237
7480
5117
5233
4694
6937
7079
3957
4312
3289
4314
3868
4215
7383
3775
7881
4212
4053
4809
5325
6949
4385
5065
7916
3187
7040
7727
3738
4721
5459
3283
4233
4329
5744
5221
6075
3175
5337
5036
5161
5009
6055
6060
3528
4237
3180
7373
7374
7401
7071
7919
3733
5014
4901
4976
6282
6171
6814
3183
3214
3759
3371
4729
4900
6398
6473
4982
3726
3728
5196
3326
4447
5240
5415
5586
6174
7658
4814
6731
3498
5829
3244
5365
3708
5949
7636
4859
6733
4557
5259
3272
4853
4396
4398
4520
5636
5848
3224
4397
4564
7106
5935
3797
7108
5060
5073
3797
6303
7831
3274
5152
6236
6632
7635
3235
7125
7672
5073
6651
7819
6325
7171
5072
5076
4333
5130
5216
4123
4851
3456
6634
3452
4385
5065
4489
6712
6719
5041
6036
4839
7800
6241
6244
3221
5173
6380
7122
7934
3228
4691
4386
5093
6734
4879
6955
7046
4555
4558
5365
6983
4070
7934
7762
3233
4564
7714
5763
6400
6636
3911
6333
4867
5034
4879
3264
3305
3902
7154
4873
6763
4878
5202
3872
4077
4313
7121
3955
6072
7390
3355
6316
4383
7150
3253
6112
6961
3250
4443
6499
3366
5397
5065
5606
3808
5150
5314
5385
4356
6443
6963
3256
3257
3361
3265
3293
4742
3261
3739
3261
3789
5233
5619
5977
3265
5090
7535
5158
7533
7535
6965
3281
4435
4457
5976
3304
4775
5157
5009
7904
6435
7923
3628
4587
3501
5118
3702
5266
7894
5066
5558
6931
3428
3439
6360
4265
3551
3766
3800
7070
4872
6196
4137
4467
7042
5887
7814
4595
4913
6181
7876
4072
6010
7409
4053
4461
7658
3640
3785
4808
5096
3766
7212
5280
6732
3707
5673
3580
3642
5127
3346
3458
3299
3722
4857
4263
6653
5359
6031
4465
3831
5298
4562
3629
7076
6338
7134
5968
4775
4384
4402
4974
3310
3662
3757
5077
5182
3838
3762
4488
6999
5118
5272
6615
5433
6987
7217
3600
5061
5091
3327
4088
4224
7630
6991
4075
4408
6988
3944
5399
5049
5983
3650
3686
5060
6744
3455
4407
4421
6926
5492
6470
3331
7303
3510
6156
3784
5948
3329
4424
5192
7038
7408
4419
3342
5689
3347
3496
6372
7429
4531
5116
5203
5299
5015
6307
7333
3733
6939
3896
5430
4981
4681
7621
5368
7611
7936
3883
4124
3803
3717
3913
3916
6576
3891
7802
5873
7890
3717
3360
3469
5227
4652
5791
6297
4242
4806
6046
3360
3467
7903
6378
6993
4250
7461
4166
3735
6703
7049
7319
3921
7893
3676
6540
4145
3495
3569
5329
4803
4861
6218
3372
3407
5342
4438
4530
5664
7367
4713
4712
4262
7773
3936
5367
5783
5812
5387
7520
5329
5881
6100
4831
7504
3672
4082
6760
7263
5326
7469
3387
5881
7376
4417
3810
7442
7842
7848
3399
3802
5130
5208
4870
6018
7480
4008
5250
6312
3399
4304
6749
5166
5535
7716
3410
3612
6247
7415
7081
3409
5211
7439
5097
5375
5397
5575
6249
6550
4068
4185
7461
5518
6591
6920
3446
6236
6542
6392
3427
3426
3432
4141
4157
6593
4686
6051
4978
4757
6582
7897
5435
5686
6392
3432
3623
5136
4882
4886
5899
7526
6972
4165
5416
4874
7097
7098
6458
7431
7647
3439
6436
5136
7167
5614
3444
3456
3999
4594
6433
7126
4792
4802
6698
7913
3446
6600
6632
3456
4548
6479
3993
7309
3451
5228
3451
6169
5046
6308
6177
4086
4422
6074
6323
4827
3460
3631
3864
4926
6995
6643
5000
5831
4657
4825
3471
4715
7026
5538
7147
5645
3469
6831
5276
6406
7531
4926
7024
5826
7420
3536
4875
4916
3639
7232
6996
7123
7740
5664
7370
5066
5558
7061
3820
3603
7655
3987
4871
6297
4197
5350
6512
7477
5139
4558
7553
3990
6718
7052
4211
7781
4186
7517
3489
4928
6001
3523
4716
3523
6853
7281
5021
4816
6852
3496
4840
6978
3515
4111
5833
4191
6277
4705
7778
3509
6615
3981
7261
7421
3506
3510
5195
3723
4609
7804
4703
3512
4945
4703
4155
4617
4925
6798
3515
4024
4644
7739
3573
3935
6222
6615
3523
5363
5852
3548
7032
4715
5209
7077
3529
5044
7702
4388
6249
7867
3529
5031
3762
4877
4778
3819
4458
3529
3660
5152
5156
4481
4341
6347
4877
4997
4351
6234
7291
6756
7143
4066
5114
5470
3702
7900
4452
5155
4707
4875
5470
3543
3675
6452
3543
4410
7223
5155
7890
4271
4418
4426
4223
4606
4904
3555
3559
6514
7933
7453
5383
4524
5952
6176
7923
5614
6356
3561
6721
7058
5628
3773
4311
4809
6175
7141
3561
7806
6701
7903
7907
7602
4889
5099
6834
3565
4399
7234
4759
6656
3663
6463
4260
5160
5025
6742
5692
6532
5300
6586
5362
6221
7359
6540
6595
5679
5186
6880
6811
5521
6609
4276
6832
4949
4170
4636
4673
5230
3608
3609
7011
4812
5307
4216
7016
7330
5468
5863
3883
4909
3746
4769
5863
4151
5768
7505
3614
7557
5284
4777
3602
4308
4026
5820
6375
4851
5092
6869
5710
7233
5103
5366
3681
6153
3611
6835
5103
7141
7655
4186
4182
4532
3645
5970
7160
7161
3656
4030
5668
6473
6972
4076
4342
6377
3912
4067
4748
3735
6168
5569
6129
7054
5773
7173
7177
5069
4104
4199
5392
4181
7735
5014
6454
3661
4895
4553
5017
6504
4212
7844
6926
5348
7898
4152
5390
5312
5517
3637
5647
3654
3921
4520
7194
4826
5322
5849
3644
6367
6963
7511
6722
4350
5559
6341
5670
6106
5926
6988
7844
4797
5380
4804
4918
6047
6509
6513
7795
3679
5711
4973
4892
6061
3662
5031
7828
7829
6881
6999
3675
6345
4877
5031
6999
4162
7713
3740
3672
4588
5042
5909
5969
3700
3940
4793
5097
5824
6127
5303
7299
4723
5547
6283
7231
3682
5128
4262
6628
4375
4949
5667
7458
7769
5686
7638
3698
3731
3989
5993
4949
6389
7779
7358
7397
7671
6118
5568
4270
5966
6510
7260
7751
3946
5921
7674
5064
6556
5849
7540
4295
5551
5658
4794
5953
7420
6030
4955
7255
7590
6094
6897
5143
5147
6927
4971
5959
6842
5351
6088
6439
3764
4014
4362
3997
5607
5755
7254
3716
6188
7900
7895
5953
7540
6101
6693
7281
4811
6254
6529
6531
5511
7846
6444
5112
5129
5539
4824
5898
6135
4847
7350
7421
7217
7245
3731
6688
7298
6549
3807
4445
7775
7142
3783
5043
5929
5445
6648
4391
7891
5527
4644
4768
5660
7284
5661
7016
3973
4935
5478
5381
6408
6685
6147
7396
3750
3862
7007
4448
5193
5883
6147
3753
5349
7657
7727
4807
3809
4516
6291
7704
4482
7418
4338
4952
3864
3857
4832
5505
7021
3794
5263
3765
4441
3810
7442
4314
4321
4442
6359
7063
4599
6959
5597
5703
4952
5494
5780
6427
4482
5892
6881
3777
3781
6778
6644
6721
7544
4312
7272
5793
6918
3786
4482
4837
5902
4662
3807
6471
7043
3786
5702
6380
7642
4552
7511
4013
4568
5419
7184
5588
5698
6760
4452
4222
4305
4306
4409
3835
7444
4151
5761
3839
5105
3802
3812
7043
4107
7341
4998
7570
4955
5596
7590
3831
3910
3808
3815
5150
6528
7227
5802
7219
5298
3966
3830
4330
5660
5786
7386
6108
4333
6860
7320
6322
4730
6893
5147
6927
3973
4893
4179
5163
6208
5148
5508
3829
4583
5005
6958
5147
6054
6663
4581
4073
5690
3927
5466
5314
6250
5385
5275
7684
5438
3897
5353
7239
4701
6741
6950
7061
7127
5275
6886
3843
3850
5156
3853
4324
4087
4964
5959
4333
4427
5149
4461
5682
3853
4237
3857
4842
4987
6187
7285
4675
7597
3858
6009
7009
6850
4064
4920
3897
6638
4448
4912
5465
3864
4802
5010
3869
6023
6743
6622
3869
3890
5010
7807
6518
7338
3891
5295
5795
3872
5497
7265
5836
6462
7436
5720
5842
7437
7106
7529
4052
4054
4725
6809
3888
5187
7110
3891
5930
7802
3882
4125
3882
4102
5725
5520
4132
5958
6778
4449
4013
4018
4568
4507
7082
5497
3891
5998
6358
3898
4096
4097
7624
6944
6983
5635
7832
6184
6204
3908
4159
6709
7345
4603
6638
5860
6925
4503
7449
7509
3911
3915
3919
6331
4373
5493
6390
4211
3919
6390
6795
4073
5413
4141
6585
3926
3938
7463
7874
4826
7411
5712
6039
6625
5877
6530
6531
5118
3980
6705
7295
4328
5342
4540
7907
6794
3978
7361
5576
6446
7677
5285
6285
7817
3947
4803
5475
4197
4368
6815
7462
4792
4798
7674
7816
3962
3978
4782
3979
6599
7246
4112
6067
6711
6825
4432
4635
6096
6202
7880
5086
7690
7808
4577
5086
5069
4413
6091
7905
5635
5888
7733
7833
5108
6136
7017
4252
5737
7519
4029
6220
7275
7431
5900
6401
3976
5158
3977
7533
6270
3980
7222
6525
6655
5909
5945
7707
7858
5717
5845
6145
7201
7241
3988
4002
5950
4004
4652
4010
5562
4012
4667
5562
7338
6068
7163
7605
6548
7560
6722
7345
3998
5600
4596
5607
5515
5516
6538
7119
7867
4004
4117
4309
5895
5925
6449
4513
4012
5204
5993
6162
6163
7056
5595
7057
4041
5633
4455
5043
6754
6368
5399
5641
4961
6062
5384
5649
4035
4731
5482
7925
5837
6645
7566
5295
5736
5296
7289
6509
6571
4032
5733
6189
7062
7252
4039
4731
4563
4039
5928
5953
7540
5675
7219
5035
7497
4164
4050
4085
6574
7494
6948
4139
5185
5215
6475
4046
6548
4048
7545
4049
5916
4450
7504
5501
7399
4087
6302
4718
4069
6808
5437
4069
5407
5463
7051
4319
7589
5746
5923
4078
7736
7909
4843
4503
6381
7592
5126
4788
5232
6787
4078
6754
5641
7582
4824
7200
4251
5048
6991
7003
4425
7162
5565
4756
4758
6131
7752
7789
5440
5469
6421
6790
4087
6643
4383
6073
4095
5473
4521
5212
4563
4999
6080
7082
7572
7168
7536
7854
4502
7624
5430
6562
5178
5284
5025
5387
6051
6502
5229
5696
5807
5701
6311
7371
4401
7624
5956
6750
7271
6848
7051
4249
7264
4120
7435
5981
4772
7130
7131
5111
5074
5847
6607
5505
7117
4439
5665
6300
7685
4794
6259
4274
5359
6420
5616
4388
6252
6311
4261
6166
6257
6266
7606
7795
4753
5635
4467
5179
5957
5404
7165
4201
4255
7389
4164
4140
4928
4932
4606
5261
7267
4387
5293
7044
4149
4184
4819
6568
5047
6769
4910
4148
5451
7022
7044
6183
6102
7027
5629
7202
4994
6261
6581
6588
7853
6154
6795
6173
7777
7796
6007
7858
5173
4160
7206
7712
6430
6521
5899
6796
6925
7478
7869
4812
4376
4686
5554
6506
4169
6300
7857
4554
6968
4614
5357
5876
7857
6021
6457
6938
7859
6442
4285
4343
7238
4177
7354
7597
4717
5669
4201
6324
5075
6638
6347
6928
6934
6152
7532
4196
5433
4195
5806
5808
6145
7760
5006
6990
7768
4196
7277
5791
7604
4983
5331
5347
6385
5041
5350
4310
4623
5815
5986
7608
5556
7825
4213
7383
6344
6476
7487
7534
6669
7649
6518
5054
6253
5797
6339
4575
7374
4310
4623
6255
4393
6077
7175
4401
7624
5943
7340
4584
4995
7230
6270
7533
4322
4247
7156
4804
5538
4239
5182
6329
5746
5923
4258
4991
5511
6136
4876
5972
5024
6040
6502
4275
5813
5721
7405
5024
5025
6502
5319
5592
7730
4275
4640
4258
6192
4747
4756
7710
4654
5142
6208
5987
4257
4497
5987
7215
4607
6448
6305
4838
6613
7662
7754
5013
5680
6353
4577
4601
7267
5240
7670
7773
4347
4534
6660
5061
5605
7799
4738
6659
6031
5931
4542
7650
6211
7761
4548
6905
4498
4795
6551
6653
6879
7541
6091
4490
6082
6309
6712
5085
4290
6115
6524
4546
4920
4373
4894
5778
7066
4485
6812
4296
7248
7667
6310
5730
7744
6085
7679
4699
4300
7062
7252
4431
5405
7161
7506
4423
6913
5930
6481
7476
5677
6477
5212
4437
4314
7880
5062
5585
6435
7923
5609
4322
7272
4322
4425
6110
5893
5369
6949
6986
4956
7154
4321
6187
6359
4320
4324
4394
4738
4875
5775
7283
4327
6686
6870
6937
7077
4363
5742
6250
6296
6229
4389
5153
4339
4858
4868
4337
5883
7705
4966
7418
4507
4503
5828
4458
5165
6431
5853
5466
5078
4348
4350
5598
4941
7294
4349
6565
4350
5625
6932
5344
5545
4354
6920
7173
4624
5337
4373
5778
6155
7366
4873
4653
6148
6305
4981
5152
4361
4631
6751
5600
6095
6296
4380
4995
6753
5714
5362
5530
6893
7525
6247
7483
4702
5949
4801
6621
7179
5099
6153
6207
5416
5255
4489
7724
6992
7393
6992
5317
7575
6163
7555
4840
4974
5567
5874
6773
6810
4409
4742
7678
7791
4398
5671
7884
4907
6249
6829
5879
6113
6578
5153
5741
6426
6798
7208
5007
7132
4408
4421
6904
6905
7807
4417
5038
6906
6084
7906
5063
7073
7114
4460
4545
5055
6055
6304
6477
4420
4420
6901
7630
4426
5938
7647
5089
6758
7748
7139
4722
4734
7136
6453
7363
4433
4446
4904
6077
4964
4968
4971
7069
7153
4650
5149
4484
4701
7087
5247
6370
7169
7266
6357
5866
5866
5876
7154
7057
7417
6044
7872
6447
6589
5107
6226
4484
4919
4453
6354
7502
5975
5856
5170
6704
6710
5017
6504
6757
6934
5763
7906
5297
7813
5693
6165
5741
5744
7914
6135
7847
6291
6647
4928
6107
5907
6866
5209
7026
4480
4487
4496
7198
6042
6178
4496
4487
4501
6247
4480
7266
6204
4987
6099
6187
6188
7702
4746
4485
6122
7085
7028
4543
6878
7110
4495
6340
7107
4499
4501
7197
5678
6707
5434
6337
5800
7541
4655
6851
6561
7446
7118
4506
6371
7428
4834
5429
4511
6892
4833
6892
5105
6088
7061
7601
6194
7601
7388
7537
5848
5704
6404
4631
6974
7843
7195
4532
7116
4523
6239
6967
7094
5078
6700
7887
6705
5868
6034
5965
6432
5522
5866
7756
5212
4875
7665
5971
6507
6812
6021
6457
7495
4690
4770
4573
4707
6969
7114
4547
4970
4549
6618
6719
7916
4547
5063
6672
4911
5844
4549
5360
5693
4551
5027
7331
4786
4808
5016
7076
5871
7542
7579
7755
7764
7045
4890
5179
4741
6306
6439
6486
4565
4565
4567
7553
7557
6313
4830
5313
5567
5879
4572
5500
7373
7374
7588
7627
6845
7398
6767
7753
6661
7543
6341
6960
6966
6994
4638
6184
6197
6202
7880
6095
6296
4611
4595
4933
4933
6769
5588
6768
5934
6845
7191
4593
4907
5735
5932
7308
6478
5515
7669
6382
6753
5268
6122
6640
5005
6269
5223
6775
7345
4611
6259
6073
7175
6346
6699
6068
6074
6604
6391
6470
7857
4901
7870
7857
6259
7604
4923
6154
4621
5160
5435
5180
5215
6671
6116
6813
4624
4925
6155
7306
6029
6456
6767
7191
6354
4634
4638
5648
4631
6569
7483
4740
5751
7572
4641
7874
4651
6273
5191
4651
4641
5258
4645
5181
4880
4884
7401
5439
4755
5237
5288
4651
5792
7666
6417
7166
6374
5971
7248
5971
6624
7248
4671
4679
7522
4676
7117
4668
4667
7298
5483
5484
6718
5140
5222
5240
5320
7516
5412
7083
6429
6639
7030
6442
5265
4689
5616
6189
7288
6496
6428
6706
5958
6257
6620
4684
4801
5922
4940
7348
6428
6706
5242
7479
4706
4743
5080
6862
6739
4956
4923
4923
6154
7316
6115
5966
6320
7481
4707
4770
4899
5008
6682
6714
6896
5709
5404
6464
6485
6000
6001
4719
7032
4720
7292
7646
5445
6520
6747
5970
5974
5421
6616
7925
5474
6208
4770
5158
4764
4770
5090
5158
7186
7777
4743
4740
7527
6974
5090
5084
5053
4751
7706
4751
7625
4894
5631
7196
7279
4758
6124
7279
5627
5053
6224
7701
6239
5308
5499
5309
6655
6447
6877
7835
6243
7000
7871
7363
7364
5860
6916
7869
5477
5787
4780
6586
5181
4935
6803
5292
5914
6240
5019
5028
5527
4778
4783
6184
6035
7739
5656
7207
5199
5201
6222
5732
6413
4805
7642
4986
6205
6130
5877
6004
4796
4799
7558
7559
5007
7540
5291
6738
5577
6541
4800
5341
7472
7913
4800
7774
7780
6283
6480
5174
6145
7760
6104
7657
4942
5174
5369
6786
6248
6731
7060
6732
4863
5198
4821
6850
6197
4852
4855
5001
5056
4821
4912
6935
5146
5167
5906
7428
4844
4852
5985
7332
7303
7501
5840
5409
6851
5257
6372
7731
7418
5701
6978
6978
6723
6777
7444
5646
6669
7644
6527
7878
6882
7226
6156
7731
5496
5646
6291
4863
5198
5380
5858
5851
6647
7846
5220
5388
5494
4862
5052
4865
6297
6026
5188
7711
5666
4872
6456
6279
6285
5220
5346
5841
5522
5950
4878
6215
6159
6763
5134
5032
6207
6070
4884
4893
5903
4896
5713
5968
5988
5136
4988
5571
6590
6757
5114
5177
6325
7171
6855
6976
4896
6061
5655
6801
5837
6664
6336
6977
6985
6973
5467
6331
5066
5067
5131
5007
5181
7132
4919
5758
7472
5507
6917
7903
7703
6746
6202
5454
5072
5076
6935
5775
6232
6450
4924
6026
4962
5538
6099
6577
7048
7362
7023
7756
5374
6610
7865
6046
6503
5293
6059
7244
4940
4941
5480
7274
6395
7031
4954
7183
6684
6339
4948
7003
5544
6237
7054
5713
5293
5451
7812
6432
6646
6727
7370
6198
6298
6235
5345
4994
5343
6642
7640
5388
5494
6219
4990
5870
5094
5810
5358
4990
7091
7456
5077
6415
7287
5801
6497
7089
7512
5162
7408
5156
5262
7155
5793
4986
6329
5799
5307
7475
5706
5182
6415
5395
6228
7772
5367
7229
5364
6420
6616
7070
7486
6420
5168
5059
7443
7450
5006
5006
5510
6932
6396
6304
5087
6719
5227
5726
6654
6601
5336
6724
6201
7314
5033
7123
7335
5023
6334
5362
6153
7011
6440
6052
5027
5052
5287
5033
7742
7405
6206
5389
6165
5458
6907
6474
6735
7722
5530
5047
6770
5050
7050
5051
5228
6772
6377
7054
5473
5997
7245
5055
6169
6225
5057
6880
5059
5148
5572
5067
5450
6935
5070
5070
5586
6943
7921
5560
6567
6567
6136
6284
6722
6942
5079
5331
6979
5076
7222
7639
6651
6978
6126
5084
7639
6210
5718
7472
7807
7913
6505
7520
6293
6294
7346
5546
6157
6834
7732
5718
6159
6157
6399
7036
6605
5159
5373
5106
5681
7581
5211
7866
5195
6979
7846
6157
6834
5121
5638
5879
6969
5289
5993
5203
6223
6614
7756
5138
7065
5289
6610
5208
7108
6443
7830
6681
5138
6159
6748
6634
7267
5135
5463
7842
7875
7744
5626
5936
5344
6199
5718
7230
5144
6715
7691
5142
7770
5545
6361
6716
6728
6729
5166
7716
5194
5255
5951
7484
7086
5548
7535
5175
6919
5721
7843
6245
7716
6929
6715
7377
5209
5320
5380
6865
6936
5180
5507
5179
5183
5276
7130
6107
5185
5384
6407
5760
7105
7312
5816
6384
6410
5191
5200
5888
6745
6136
6365
6751
7815
7708
5272
5304
7850
6847
7816
5292
5304
6743
7047
6559
7554
5250
6312
7045
5353
5412
7785
7084
7293
6088
5626
5276
7129
7130
6538
7867
7088
6868
5955
6427
5219
5235
5239
5780
7012
5585
6983
5261
5234
5556
7546
6474
7132
6304
7904
5928
7473
7871
6788
5235
5239
7682
6018
6322
7126
6473
6973
5249
6824
6977
6985
5620
7840
6850
5841
6466
5815
5986
7790
5252
5270
6086
6838
6178
7851
6574
7148
5628
5994
6178
6328
5265
5270
7111
7046
6332
7735
6070
5392
7454
6670
5505
7899
7085
6580
6838
7851
6995
7018
5275
5611
5489
6629
6662
5683
5364
6338
6736
6785
7793
5294
6785
5850
6589
7264
5285
5290
6224
7083
6830
6385
5322
5499
7232
5973
7365
5502
7915
6791
5918
6926
5315
6133
7810
5315
6133
5915
5919
5386
5320
5460
6956
7394
7729
6641
7376
7258
7321
5332
6175
7658
7673
7345
6012
6954
6952
7346
7355
6128
7155
6954
7346
7347
5907
5911
6174
5336
5453
7333
5907
5911
7668
5431
6035
7766
6482
6141
6466
7029
6128
6332
7040
6849
6617
5903
7524
6338
5659
5360
5364
5901
6195
6619
6000
5369
6986
6338
7615
7141
6630
7241
5373
7681
7655
5375
5382
5858
5533
5960
6441
5382
5982
7235
6806
7808
5386
5499
5403
5443
6693
7162
7935
5401
5706
5870
5401
5964
6451
5877
6530
6588
7273
5644
6093
6704
5428
6407
7640
7069
7622
5423
5428
5902
5422
6908
5409
5430
7158
5426
5429
7244
7845
5420
5422
7103
7677
5424
7069
5417
6943
6188
5421
5422
7558
5430
5699
6829
7791
5443
5436
7488
5800
6353
6949
5923
6035
6193
6453
7363
6491
6663
5525
6419
7788
5446
5472
5732
6419
7066
5476
5498
5452
5455
6807
5509
6431
6097
5458
7763
5458
6907
5457
5596
6600
6632
7497
5976
5590
6314
7818
5628
7113
7547
7389
7730
5481
7053
6580
7081
5630
5469
7573
6525
6699
7576
5498
6419
5790
5484
7863
5784
5480
5992
5874
6764
6403
7930
6419
5498
5487
6764
5495
7332
6752
7925
7930
6645
7633
7050
5874
6756
6609
7398
5723
5914
7225
6083
6560
6821
5541
5512
6929
5520
5945
6007
5701
6311
7020
5867
7797
5531
5892
5541
6903
5663
7901
7211
7725
5534
6922
7199
6321
6900
5640
7074
7898
6494
6523
5549
7004
6235
6234
6351
6966
7618
6244
7507
5553
6186
7600
7618
7676
7679
5843
6125
6411
6316
6364
5570
7523
5624
5561
5599
6931
6347
6928
7509
7298
5570
5591
7074
6807
7909
7088
7076
6412
6377
5604
5894
7872
6671
7318
7565
5580
6859
7257
5909
7440
7488
7784
5913
6229
7297
7784
7896
7119
7465
5763
6984
5586
6944
7652
5738
6553
5604
6578
5595
5702
5599
6381
7509
6382
5857
7255
5605
6901
6513
6570
7188
7825
6480
6695
6167
6348
5610
5637
5643
5632
6101
5617
7922
6124
7615
7117
5621
5657
6691
6692
6863
7697
5654
5980
5624
5844
6849
6787
7280
7839
6529
6582
6117
6963
6461
7697
5634
7743
6864
7531
7334
7684
7221
7202
7582
7878
7888
5645
7093
7708
5776
7583
6441
7165
5652
7034
7644
7649
6418
6422
6453
5972
5736
6418
7361
6389
7922
7895
7899
5876
6649
5896
5897
6416
7278
7369
5866
5950
7370
7620
6570
6595
7723
7793
7841
6212
7805
7106
5678
5691
6707
5908
5974
5750
7190
5734
7673
7813
7894
5822
6622
6019
6716
7895
7899
7612
6827
6598
5699
6125
6851
5937
7125
7736
5716
5981
6166
5995
5707
6406
5954
6720
7233
7690
5714
5855
7357
6619
6125
6562
5846
6503
5999
5855
6628
6223
6307
6614
7250
5734
5750
5865
5917
5963
6267
6469
5731
5783
5812
7788
6762
6801
7855
6014
5740
6142
6603
6162
6369
7484
5744
7201
7392
7760
5750
6741
5924
6569
5756
5754
5811
7637
5816
6036
7725
6948
5837
7578
7110
5769
5769
6429
7030
6642
6755
6313
7151
5770
6277
6397
6976
6064
7500
5777
7349
6281
6370
7169
6468
6426
7208
5788
5786
5787
6649
5788
5788
7737
5790
5791
5792
6391
5799
6140
5957
7251
7238
7726
6191
7488
6543
7088
7861
7188
5807
5814
7410
5810
5816
6137
7100
5842
5931
6388
7392
7406
7678
5827
5843
5819
6428
7139
7824
7936
7237
7238
7726
7103
7726
6059
7323
5843
5830
7118
7218
5832
5843
5840
7420
6020
6460
6532
6915
7462
5925
6911
6330
7699
6087
6465
7266
7410
5920
5850
6594
6135
7742
6378
6991
5872
7637
6039
7100
6923
7587
6409
6382
7259
6137
6384
7515
5955
7332
6298
5896
7330
6890
7873
6452
7145
5878
5904
6591
5906
5898
6106
7025
5930
7476
5888
5909
5969
5888
6303
6637
6816
6868
7879
6956
7148
6899
6120
7491
7880
6590
6414
6446
7311
5906
7706
5903
6317
6759
5906
7738
7740
6176
6214
6488
7698
6488
6307
5929
6355
7251
7546
6625
7357
7883
5937
7125
7459
7375
7838
6449
6495
6165
7306
7593
6847
6914
6074
7166
5941
6323
6063
7128
7133
6791
6291
6010
6897
6250
7668
6738
5965
7136
7138
6808
6301
6302
6823
7119
7868
6537
6538
6613
7792
6077
5968
5988
7448
7751
7168
6867
7243
7186
6458
5999
5987
7514
7075
5996
7549
6888
6139
6144
6164
6042
6065
5996
7549
5999
7854
7633
6405
6119
6961
6027
6522
7273
6010
6583
6008
6583
6593
7530
7646
6986
6224
6017
6079
7439
6030
6033
6728
6361
7834
7425
7586
6222
6484
6038
6190
7309
6037
6438
7367
6037
6445
7725
7369
6046
7520
7008
6058
6874
6050
6286
7755
6658
6359
7670
6295
7063
7201
7760
7104
7726
6212
7728
7805
6462
6495
7081
6065
7849
7828
6076
6384
7515
6596
7170
7120
7392
6942
6596
6711
7193
7150
6078
6708
7628
7078
6116
6144
6694
6082
6089
6819
6822
7776
6089
6639
7926
7621
6091
6110
7426
6720
7204
6539
6286
6273
7111
7022
6100
7732
7042
7044
6104
6375
7226
7707
7704
6670
7632
6114
6119
6782
6992
6183
6812
6390
7177
7262
7892
7244
6131
7701
7794
6128
6185
6341
7567
6666
7576
6410
6694
6367
7922
6162
6503
7293
6149
6151
6289
7561
7663
7008
6456
7037
7382
7538
7889
6771
6703
6706
6172
7032
7453
7328
7040
6866
6606
7487
7570
7802
7669
6250
6782
6627
6762
7522
7593
6366
6535
6200
6242
7479
7918
7927
6218
7316
7876
7154
6763
6242
6216
6659
7648
6214
6216
6217
6217
7763
6227
6231
7276
6230
6889
7255
6231
6455
7636
7885
6424
6660
7659
6660
7507
7601
6511
7415
6639
6725
7621
7714
6254
6256
7800
7015
6255
7469
6613
6265
7121
7162
7935
6319
7453
6280
6271
6272
6273
6273
7670
7761
6365
6396
7133
6479
7915
6295
6959
7171
7124
7915
6295
6857
7784
6290
7041
7348
6376
6995
6914
7645
6758
7749
6958
7492
6301
6302
6837
6828
6774
6319
6521
6500
6521
6324
6326
6677
6342
7155
7851
6332
6333
7196
6353
6876
7440
7488
7837
7537
6452
6362
7159
6362
6448
6362
6444
7159
7889
6983
6355
7879
6927
6437
6506
6500
6506
6982
6367
6369
6372
7429
7874
7821
7427
7771
7580
6450
7039
6424
6387
6801
7176
7274
7220
6473
6855
6985
6397
7274
7054
6408
6416
6685
7296
7313
7849
6452
7538
7375
7596
7425
7768
7207
6610
7929
7930
7000
7362
6432
7824
7679
6981
7603
7682
7660
7246
6500
7144
7517
7660
6604
6893
6449
7853
7778
6939
6940
6611
6827
7840
7403
6468
6710
7084
6482
6485
7792
6695
7088
6817
7529
6880
6948
6698
7337
7337
6733
6543
6516
6496
7629
7762
7403
7612
7216
7243
7245
6962
7800
6658
6510
7216
7577
7213
7608
6806
7808
7138
7831
6594
7612
7451
7227
6818
7350
7228
7352
6533
6542
7288
6605
6725
6540
6595
6542
6665
6544
6546
6553
6555
7607
6552
6556
6566
6688
7318
6665
6818
6876
6555
7789
6559
6566
6819
6774
7823
6688
7680
6783
7305
7680
6576
6577
6750
6600
7772
7328
6750
6781
7862
7352
6591
6587
7253
7404
7268
6871
7270
6938
7859
6607
7270
6765
7262
7030
7269
7269
7332
7920
6685
7585
7016
7850
7539
7845
6694
7011
6809
6960
6813
6631
6666
7371
7437
6657
7923
6755
6836
6858
7837
7673
7148
6664
6652
7724
7295
6654
6950
6741
7227
6892
6679
6667
6664
7811
6679
7629
6874
6673
6678
7861
6946
6676
6824
6855
6976
7236
7515
6678
6681
6916
6813
6704
6710
7278
6938
6782
7611
7279
7693
7290
7090
7595
7616
7806
6704
7071
7114
7902
7562
7926
7034
6923
6895
6718
7914
6779
7422
7030
6728
7259
6736
7156
6742
6879
7908
6746
7006
6935
7508
7494
7508
7527
7143
6757
6816
7492
7145
7304
6810
6822
7368
7211
6770
6772
6792
6797
6800
6778
7422
7569
7686
7897
6806
7423
7685
6799
6804
6951
7757
7001
6810
6797
6800
7194
7388
6798
6805
7234
6811
6805
7419
6908
6809
7453
7358
7753
7753
7789
6826
7186
7777
7803
6868
7108
6866
6984
6833
7129
7919
7926
6842
7692
6888
7287
7353
7168
6843
6846
6844
7379
6846
7191
6849
6852
6853
6861
7840
6866
6861
7782
6864
7887
7852
7033
6877
7264
7316
6882
7107
6894
7637
7727
6890
6891
6894
6894
7738
6898
6898
6899
7481
6903
6903
6905
6906
7025
7558
6962
6912
6912
7528
6914
6924
7609
6923
6919
7907
6977
6933
7551
6947
7470
7443
7099
7010
7099
7033
7457
7102
6943
7581
7914
7921
6980
7005
7599
7344
7068
7229
6986
7344
6959
6980
7567
6997
7413
7181
7006
7813
6990
7214
7395
7149
7395
7393
7838
7618
7000
7304
7007
7017
7012
7099
7015
7023
7020
7021
7028
7028
7023
7024
7027
7455
7456
7871
7039
7079
7385
7122
7122
7051
7056
7926
7059
7055
7056
7055
7059
7059
7147
7688
7072
7462
7932
7112
7073
7083
7522
7513
7187
7891
7084
7404
7289
7114
7101
7109
7614
7120
7109
7101
7292
7181
7181
7115
7116
7875
7555
7889
7216
7664
7584
7360
7672
7817
7133
7931
7340
7412
7132
7929
7143
7929
7930
7271
7355
7144
7214
7217
7214
7505
7212
7779
7815
7160
7429
7285
7160
7505
7172
7166
7172
7640
7170
7172
7180
7180
7180
7220
7744
7356
7616
7294
7311
7596
7597
7777
7796
7324
7211
7219
7387
7195
7198
7809
7612
7203
7349
7210
7302
7207
7208
7712
7297
7441
7391
7445
7452
7222
7261
7225
7430
7723
7228
7230
7758
7767
7240
7247
7301
7803
7252
7287
7851
7500
7252
7607
7407
7258
7300
7552
7372
7752
7269
7862
7359
7424
7866
7290
7296
7335
7785
7356
7324
7307
7856
7308
7552
7310
7563
7510
7711
7314
7518
7317
7470
7552
7321
7489
7368
7372
7335
7569
7334
7801
7917
7396
7402
7471
7381
7342
7383
7769
7346
7355
7663
7357
7662
7897
7355
7530
7646
7596
7614
7368
7431
7366
7366
7369
7686
7588
7692
7383
7458
7386
7564
7386
7390
7391
7617
7436
7407
7410
7928
7416
7714
7442
7422
7423
7435
7687
7434
7585
7821
7432
7561
7434
7631
7755
7764
7439
7454
7664
7454
7449
7446
7449
7450
7457
7457
7602
7469
7467
7868
7469
7478
7476
7475
7911
7477
7912
7482
7485
7881
7568
7510
7521
7491
7495
7860
7501
7501
7504
7506
7888
7896
7521
7539
7886
7537
7583
7548
7555
7565
7556
7557
7650
7589
7613
7626
7571
7578
7861
7578
7818
7782
7594
7586
7626
7613
7594
7600
7627
7607
7792
7631
7616
7620
7638
7623
7641
7710
7631
7806
7648
7885
7641
7784
7649
7661
7762
7812
7822
7662
7665
7771
7665
7761
7675
7670
7761
7669
7694
7683
7689
7810
7698
7715
7818
7736
7700
7717
7718
7721
7759
7872
7852
7736
7765
7759
7722
7765
7811
7827
7751
7776
7747
7752
7764
7773
7917
7765
7789
7781
7783
7787
7787
7791
7796
7801
7801
7810
7863
7863
7833
7832
7833
7853
7837
7862
7868
7920
7873
7878
7886
7883
7888
7901
7900
7903
7919
7905
7906
7911
7912
7920
7936
)


// ************************************************************************* //
