/*--------------------------------*- C++ -*----------------------------------*\
| =========                 |                                                 |
| \\      /  F ield         | OpenFOAM: The Open Source CFD Toolbox           |
|  \\    /   O peration     | Version:  2312                                  |
|   \\  /    A nd           | Website:  www.openfoam.com                      |
|    \\/     M anipulation  |                                                 |
\*---------------------------------------------------------------------------*/
FoamFile
{
    version     2.0;
    format      ascii;
    arch        "LSB;label=32;scalar=64";
    note        "nPoints:2691  nCells:7937  nFaces:18565  nInternalFaces:13183";
    class       labelList;
    location    "constant/copper/polyMesh";
    object      owner;
}
// * * * * * * * * * * * * * * * * * * * * * * * * * * * * * * * * * * * * * //


18565
(
0
0
0
1
1
2
2
2
3
3
4
4
4
5
5
5
6
6
6
7
7
7
7
8
8
8
9
9
9
10
10
10
11
11
11
11
12
12
12
13
13
13
14
14
14
15
15
15
16
16
16
17
17
17
18
18
18
19
19
19
19
20
20
20
20
21
21
21
22
22
22
23
23
23
24
24
24
25
25
25
26
26
26
27
27
27
28
28
28
29
29
29
30
30
30
31
31
31
31
32
32
32
33
33
33
34
34
34
35
35
35
35
36
36
36
36
37
37
37
38
38
38
38
39
39
39
39
40
40
41
41
41
42
42
42
43
43
43
43
44
44
44
45
45
45
46
46
46
47
47
47
48
48
48
49
49
49
49
50
50
50
51
51
51
52
52
52
53
53
53
53
54
54
54
54
55
55
55
56
56
56
57
57
57
58
58
59
59
59
60
60
60
60
61
61
61
61
62
62
62
63
63
63
63
64
64
64
64
65
65
65
65
66
66
66
67
67
68
68
68
69
69
69
70
70
71
71
71
72
72
73
73
73
74
74
74
75
75
75
76
76
76
77
77
77
77
78
78
78
79
79
79
79
80
80
80
80
81
81
81
82
82
82
83
83
83
84
84
84
84
85
85
85
86
86
86
87
87
87
88
88
89
89
89
90
90
90
91
91
91
92
92
92
92
93
93
93
94
94
94
94
95
95
95
96
96
96
97
97
97
98
98
98
98
99
99
99
100
100
100
101
101
101
101
102
102
102
102
103
103
103
103
104
104
104
105
105
105
106
106
106
107
107
107
108
108
108
109
109
109
110
110
110
111
111
111
112
112
112
113
113
113
113
114
114
114
114
115
115
115
116
116
116
117
117
117
118
118
118
118
119
119
119
119
120
120
120
121
121
121
122
122
122
123
123
123
124
124
124
124
125
125
125
126
126
126
127
127
127
127
128
128
128
129
129
129
130
130
130
130
131
131
132
132
132
132
133
133
133
133
134
134
134
135
135
136
136
136
137
137
137
137
138
138
138
139
139
140
140
141
141
141
142
142
142
143
143
144
144
144
145
145
145
145
146
146
146
147
147
147
148
148
148
149
149
149
150
150
150
150
151
151
151
152
152
152
153
153
153
154
154
155
155
155
155
156
156
156
157
157
157
158
158
158
159
159
159
160
160
160
161
161
161
162
162
162
163
163
163
164
164
164
165
165
165
165
166
166
167
167
168
168
168
168
169
169
169
170
170
170
170
171
171
171
172
172
172
173
173
173
174
174
174
175
175
175
176
176
176
177
177
177
178
178
179
179
179
180
180
180
181
181
181
182
182
182
183
183
183
184
184
184
185
185
185
185
186
186
187
187
187
187
188
188
188
189
189
189
189
190
190
190
191
191
192
192
192
193
193
193
193
194
194
194
194
195
195
195
196
196
197
197
197
197
198
198
198
198
199
199
199
200
200
200
201
201
201
202
202
203
203
203
204
204
204
204
205
205
205
206
206
206
206
207
207
207
208
208
208
209
209
209
210
210
210
211
211
211
212
212
212
212
213
213
213
214
214
214
214
215
215
215
216
216
216
217
217
217
217
218
218
218
219
219
219
220
220
221
221
221
222
222
222
222
223
223
223
223
224
224
225
225
226
226
226
226
227
227
227
228
228
228
229
229
230
230
230
231
231
232
232
232
233
233
233
234
234
235
235
235
236
236
236
237
237
237
238
238
238
239
239
239
240
240
241
241
241
241
242
242
242
243
243
243
244
244
244
244
245
245
245
245
246
246
246
247
247
248
248
248
249
249
249
250
250
250
251
251
251
251
252
252
252
253
253
253
254
254
255
255
255
255
256
256
256
257
257
257
258
258
258
259
259
259
260
260
260
261
261
261
262
262
262
262
263
263
264
264
264
265
266
266
266
266
267
268
268
268
269
269
269
269
270
270
271
271
271
271
272
272
272
273
273
273
274
274
274
275
275
275
276
276
276
277
277
277
278
278
278
278
279
279
279
280
280
280
281
281
281
282
282
282
283
283
283
283
284
284
285
285
285
286
286
286
287
287
288
288
288
288
289
289
289
290
290
291
291
292
292
292
293
293
293
295
295
295
296
296
296
297
297
297
298
298
298
299
299
299
300
300
300
301
301
301
301
302
302
302
303
303
303
304
304
304
304
305
305
305
305
306
306
306
306
307
307
308
308
308
309
309
309
310
310
310
310
311
311
311
311
312
312
312
313
313
313
314
314
314
315
315
316
316
316
317
318
318
318
319
319
319
319
320
320
320
321
321
321
321
322
322
322
323
323
323
324
324
324
325
325
325
325
326
326
326
327
327
327
327
328
328
328
329
329
329
330
330
330
331
331
332
332
332
333
333
333
333
334
334
334
335
335
335
335
336
336
336
337
337
337
338
338
338
338
339
339
339
339
340
340
340
341
341
341
342
342
342
343
343
343
344
344
344
345
345
345
346
346
346
347
347
348
348
348
349
349
349
350
350
350
351
351
351
352
352
352
353
353
353
354
354
354
354
355
355
355
356
356
356
357
357
357
357
358
358
359
359
359
359
360
360
360
361
361
361
361
362
362
362
363
363
363
364
364
364
365
365
365
366
366
366
367
367
367
368
368
368
368
369
369
369
370
370
370
370
371
371
371
372
372
372
373
373
373
374
374
374
374
375
375
375
376
376
376
377
377
377
378
378
379
379
380
380
381
381
381
382
382
382
383
383
383
384
384
384
385
385
385
385
386
386
386
386
387
387
387
388
388
388
389
389
389
390
390
390
391
391
391
391
392
392
392
393
393
393
394
394
394
395
395
395
396
396
396
397
397
397
398
398
398
399
399
400
400
400
400
401
402
402
403
403
403
403
404
404
404
405
405
405
405
406
406
406
407
407
407
407
408
408
408
409
409
409
409
410
410
410
411
411
411
411
412
412
413
413
413
414
414
414
415
415
415
416
416
417
417
417
418
418
418
418
419
419
419
420
420
420
421
421
421
421
422
422
422
422
423
423
423
423
424
424
424
424
425
425
426
426
426
427
427
427
427
428
428
428
429
429
429
429
430
430
431
431
431
432
432
432
433
434
434
434
435
435
435
436
436
436
437
437
437
438
438
438
438
439
439
439
439
440
440
440
441
441
442
442
442
443
443
443
443
444
444
444
445
445
445
446
446
446
447
447
447
447
448
448
448
449
449
449
450
450
450
450
451
451
451
451
452
452
453
453
453
453
454
454
454
455
455
455
456
456
457
457
457
458
458
459
459
459
460
460
460
461
461
461
462
462
462
463
463
464
464
464
465
465
466
466
466
467
467
467
468
468
468
469
469
469
470
471
471
471
472
472
472
472
473
473
474
474
474
475
475
475
476
476
476
477
477
477
478
478
478
479
479
479
480
480
480
481
481
481
481
482
482
482
483
483
483
484
484
484
485
485
485
486
486
486
487
487
487
488
488
488
489
489
490
490
490
491
491
491
492
492
492
493
493
494
494
494
495
495
495
495
496
496
497
497
497
497
498
498
498
499
499
499
500
500
500
500
501
501
501
501
502
503
503
503
503
504
504
504
504
505
505
505
506
506
507
507
507
507
508
508
508
509
509
509
509
510
510
510
511
511
512
512
512
513
513
513
514
514
515
515
515
516
516
516
517
517
517
518
518
518
519
519
519
520
520
520
521
521
521
522
522
522
523
523
523
524
524
524
525
525
525
526
526
526
527
527
528
528
528
528
529
529
529
530
530
530
530
531
531
531
532
532
533
533
533
534
534
535
535
535
536
536
536
537
537
537
538
538
538
539
539
539
539
540
540
540
541
541
541
541
542
542
543
543
543
544
544
544
544
545
545
545
546
546
546
546
547
547
547
548
548
548
549
549
549
550
551
551
551
552
552
552
553
553
553
554
554
554
555
555
555
556
556
556
557
557
557
557
558
558
558
559
559
560
560
560
561
561
561
562
562
562
563
563
563
564
564
564
565
565
565
566
566
566
567
567
567
568
568
568
569
569
569
570
571
571
571
572
572
572
573
573
573
574
574
574
575
575
575
576
576
576
577
577
577
578
578
578
578
579
579
579
580
580
580
581
581
581
582
582
582
583
583
584
584
584
584
585
585
585
586
586
586
586
587
587
588
588
589
589
589
590
590
591
591
591
591
592
592
592
593
593
593
594
594
594
594
595
596
596
596
596
597
597
597
598
598
598
598
599
599
599
600
600
600
601
601
601
601
602
602
603
603
603
604
604
605
605
605
605
606
606
606
606
607
607
607
608
608
609
609
609
609
610
610
610
610
611
611
611
612
612
612
613
613
613
614
614
614
615
615
615
616
616
617
617
617
618
618
618
619
619
619
620
620
621
621
621
622
623
623
623
624
624
624
624
625
625
626
626
626
627
627
627
628
628
628
629
629
629
630
630
630
631
631
631
632
632
632
633
633
633
634
634
634
635
635
635
636
636
636
637
638
638
639
639
640
640
640
641
641
641
642
642
642
643
643
643
643
644
644
644
645
645
646
646
646
647
647
647
648
648
648
648
649
650
650
650
651
651
651
651
652
652
652
653
653
653
654
654
654
655
655
655
655
656
656
656
657
657
658
658
658
658
659
659
659
659
660
660
660
661
661
662
662
662
662
663
663
663
663
664
664
664
665
665
665
666
666
666
666
667
667
667
668
668
668
669
669
669
670
670
670
671
671
672
672
672
673
673
673
674
674
675
675
676
676
676
677
677
677
678
678
679
679
679
680
680
680
680
681
681
681
682
682
682
683
683
683
684
684
685
685
685
686
686
686
686
687
687
687
688
688
688
689
689
689
690
690
690
690
691
691
692
692
692
693
693
693
694
694
695
695
697
697
697
698
698
698
699
699
699
699
700
700
700
701
701
701
702
702
702
703
703
703
704
704
704
705
705
705
706
706
706
707
707
707
707
708
708
708
708
709
709
709
710
710
711
711
711
712
712
712
713
713
713
714
714
714
714
715
715
715
716
716
716
717
717
717
718
718
718
719
719
720
720
720
721
721
721
722
723
723
723
724
724
724
725
725
725
725
726
726
726
727
727
728
728
729
729
729
729
730
730
730
730
731
731
732
732
732
733
733
734
734
734
734
735
735
735
736
736
737
737
738
738
738
738
739
739
739
739
740
740
740
740
741
741
741
741
742
742
743
743
743
744
744
745
745
745
746
746
746
747
747
748
748
749
749
749
750
750
750
750
751
751
751
752
752
752
753
753
753
754
754
754
755
755
756
756
756
757
757
757
757
758
758
758
759
759
760
760
761
761
761
762
762
762
763
763
763
763
764
764
765
765
765
765
766
766
766
767
767
767
768
769
769
770
770
770
771
771
771
772
772
772
773
773
773
774
774
774
774
775
775
775
776
776
776
777
777
777
777
778
778
778
779
779
780
780
781
781
781
781
782
782
782
783
783
784
784
784
785
785
785
786
786
786
786
787
787
788
789
789
790
790
791
791
791
792
792
792
793
793
793
794
794
795
795
796
796
796
797
798
798
799
799
800
800
800
801
801
801
801
802
802
802
803
803
803
804
804
805
806
806
806
806
807
807
807
807
808
808
808
808
809
809
809
810
810
810
810
811
811
811
811
812
812
812
813
813
813
813
814
814
815
815
815
816
816
816
817
817
817
817
818
818
818
819
819
819
820
820
821
821
822
822
822
823
823
824
824
824
825
825
825
826
827
827
827
827
828
828
828
829
829
830
830
831
831
831
832
832
833
833
834
834
835
835
836
836
836
837
837
838
838
838
838
839
839
839
840
840
841
841
841
841
842
842
842
843
843
843
844
845
845
845
846
846
846
847
847
847
847
848
848
848
849
849
849
849
850
850
850
851
851
851
852
852
852
853
853
853
854
854
854
855
855
855
856
856
856
857
858
858
858
858
859
859
859
860
860
860
861
861
861
862
862
862
862
863
863
863
864
864
864
865
865
865
866
866
866
867
867
867
868
868
868
868
869
869
869
870
870
870
871
871
871
873
873
873
873
874
874
875
875
875
876
876
876
877
877
878
878
879
879
879
880
880
880
881
881
881
882
882
882
883
883
883
884
884
885
885
885
886
886
886
886
887
887
887
888
888
888
889
889
889
890
890
890
891
891
891
892
893
893
894
894
895
895
895
896
896
896
897
897
897
898
898
898
899
899
899
900
900
900
901
902
902
902
903
903
903
904
904
905
905
905
906
906
906
907
907
907
908
908
908
909
909
910
910
910
911
911
911
911
912
912
912
912
913
913
913
914
915
915
915
915
916
918
918
918
919
919
919
920
920
920
921
921
922
922
922
923
923
923
924
924
924
924
925
925
925
926
926
927
927
927
928
928
928
929
929
930
930
930
931
931
931
932
932
932
933
933
933
933
934
934
934
935
935
936
936
936
937
937
937
938
938
938
939
939
939
940
940
940
941
942
942
942
943
943
943
944
944
944
945
945
945
945
946
946
946
947
947
947
948
948
948
949
949
950
950
950
951
951
951
952
952
953
953
953
953
954
954
954
955
955
955
956
956
957
957
957
958
958
959
959
959
959
960
960
960
960
961
961
961
962
963
963
964
965
965
965
966
966
966
967
967
967
967
968
968
968
969
969
969
970
970
970
971
971
972
973
973
974
974
975
975
975
976
976
976
977
977
978
978
978
979
979
980
980
981
981
981
982
982
982
982
983
983
983
984
984
984
985
985
986
986
986
987
987
988
988
988
988
989
989
989
990
990
990
991
991
991
992
993
993
993
993
994
994
994
995
995
995
995
996
996
996
997
997
997
998
999
999
999
1000
1000
1000
1001
1001
1001
1002
1002
1002
1003
1003
1004
1005
1005
1006
1006
1007
1007
1007
1008
1008
1009
1009
1009
1010
1010
1010
1011
1011
1012
1012
1013
1013
1014
1014
1014
1015
1015
1016
1016
1016
1017
1017
1018
1018
1018
1019
1019
1019
1020
1020
1021
1021
1021
1022
1022
1022
1023
1023
1023
1024
1024
1024
1025
1025
1025
1026
1026
1027
1028
1028
1028
1029
1029
1029
1030
1031
1032
1032
1032
1033
1033
1033
1034
1034
1034
1035
1035
1036
1036
1036
1037
1037
1037
1037
1038
1038
1039
1039
1039
1040
1040
1040
1041
1041
1041
1042
1042
1042
1043
1043
1043
1044
1044
1044
1045
1045
1045
1045
1046
1046
1047
1047
1048
1048
1048
1049
1049
1049
1050
1050
1051
1051
1051
1051
1052
1053
1053
1053
1054
1054
1055
1055
1055
1056
1056
1056
1057
1058
1058
1058
1059
1060
1060
1061
1061
1061
1062
1062
1062
1062
1063
1064
1064
1065
1065
1066
1066
1066
1067
1067
1067
1068
1068
1068
1069
1069
1069
1070
1070
1071
1071
1071
1072
1072
1073
1073
1074
1074
1075
1076
1076
1077
1078
1078
1079
1079
1079
1080
1080
1080
1081
1081
1081
1082
1082
1082
1083
1083
1084
1084
1084
1084
1085
1085
1086
1087
1087
1087
1088
1088
1089
1089
1089
1090
1090
1090
1091
1091
1092
1092
1093
1093
1093
1094
1094
1094
1095
1095
1095
1096
1096
1096
1097
1097
1097
1097
1098
1099
1099
1099
1100
1100
1100
1101
1101
1101
1102
1102
1103
1103
1103
1103
1104
1105
1105
1105
1105
1106
1106
1106
1106
1107
1107
1108
1108
1108
1108
1109
1109
1110
1110
1110
1110
1111
1111
1111
1112
1112
1113
1114
1115
1115
1116
1116
1116
1116
1117
1117
1117
1118
1118
1118
1119
1119
1120
1120
1121
1121
1121
1121
1122
1122
1122
1123
1123
1123
1124
1125
1125
1126
1126
1126
1126
1127
1127
1127
1128
1128
1129
1129
1130
1130
1131
1131
1131
1131
1132
1132
1133
1133
1133
1134
1134
1134
1135
1135
1135
1135
1136
1136
1136
1137
1137
1138
1138
1138
1139
1139
1140
1140
1140
1140
1141
1141
1141
1142
1142
1142
1143
1143
1144
1144
1145
1145
1146
1146
1146
1147
1147
1148
1148
1148
1149
1149
1149
1150
1150
1150
1150
1151
1151
1151
1151
1152
1152
1152
1153
1153
1153
1154
1154
1155
1155
1155
1155
1156
1156
1156
1156
1157
1157
1158
1158
1158
1158
1159
1159
1159
1159
1160
1160
1160
1161
1161
1161
1162
1162
1162
1163
1163
1164
1164
1164
1165
1165
1166
1166
1166
1166
1167
1167
1167
1168
1168
1168
1168
1169
1169
1169
1169
1170
1170
1170
1171
1171
1171
1172
1172
1172
1173
1173
1174
1175
1175
1175
1176
1176
1176
1177
1177
1177
1178
1178
1178
1179
1179
1179
1180
1180
1180
1180
1181
1181
1181
1182
1182
1182
1183
1183
1183
1184
1184
1184
1185
1185
1186
1186
1186
1187
1187
1188
1188
1188
1189
1189
1189
1190
1190
1191
1191
1191
1192
1192
1193
1193
1194
1194
1194
1195
1195
1196
1196
1197
1197
1197
1198
1198
1199
1199
1199
1200
1200
1200
1201
1201
1201
1201
1202
1203
1203
1203
1204
1204
1205
1205
1205
1205
1206
1206
1206
1207
1207
1208
1208
1208
1209
1209
1209
1210
1210
1210
1211
1211
1212
1212
1212
1212
1213
1213
1213
1214
1214
1215
1215
1215
1216
1216
1216
1217
1217
1217
1218
1218
1218
1219
1219
1219
1220
1220
1220
1221
1221
1222
1222
1223
1223
1223
1223
1224
1224
1224
1225
1225
1225
1226
1226
1226
1227
1227
1228
1228
1228
1228
1229
1229
1230
1230
1230
1231
1231
1232
1232
1232
1233
1233
1233
1234
1234
1234
1235
1235
1236
1236
1236
1237
1237
1237
1238
1238
1239
1239
1239
1240
1240
1240
1240
1241
1241
1241
1242
1243
1243
1244
1244
1244
1245
1245
1245
1246
1246
1246
1247
1247
1247
1248
1248
1248
1249
1249
1250
1250
1250
1250
1251
1251
1252
1252
1252
1252
1253
1253
1254
1254
1255
1255
1255
1256
1257
1257
1257
1257
1258
1258
1258
1259
1259
1260
1260
1261
1261
1261
1261
1262
1262
1262
1263
1263
1264
1264
1265
1265
1265
1266
1266
1266
1267
1267
1267
1267
1268
1268
1268
1269
1269
1269
1270
1270
1270
1270
1271
1271
1271
1271
1272
1272
1273
1273
1274
1274
1275
1275
1275
1276
1276
1277
1277
1277
1278
1278
1278
1278
1279
1279
1279
1280
1280
1280
1281
1281
1281
1281
1282
1282
1282
1283
1283
1283
1284
1284
1284
1285
1286
1286
1287
1287
1287
1288
1288
1288
1288
1289
1289
1289
1290
1290
1290
1291
1291
1291
1291
1292
1292
1292
1293
1293
1293
1294
1294
1294
1295
1295
1295
1296
1296
1296
1297
1297
1297
1297
1298
1298
1299
1299
1299
1300
1300
1300
1301
1301
1301
1302
1302
1303
1304
1304
1305
1305
1306
1306
1306
1306
1307
1307
1307
1308
1309
1309
1310
1310
1310
1311
1311
1312
1312
1313
1314
1314
1315
1315
1316
1317
1317
1318
1318
1318
1319
1319
1319
1320
1320
1321
1321
1321
1322
1322
1323
1323
1324
1324
1325
1325
1325
1326
1327
1327
1327
1327
1328
1328
1328
1329
1329
1329
1330
1330
1331
1331
1332
1332
1333
1333
1333
1334
1334
1334
1335
1335
1335
1336
1336
1337
1337
1337
1338
1338
1339
1339
1339
1339
1340
1340
1340
1341
1341
1341
1342
1342
1342
1343
1343
1343
1344
1344
1344
1345
1345
1345
1346
1346
1346
1347
1347
1347
1348
1348
1348
1349
1349
1349
1350
1350
1350
1351
1351
1351
1352
1352
1353
1354
1354
1354
1355
1355
1355
1356
1357
1357
1357
1357
1358
1358
1360
1360
1361
1361
1362
1362
1362
1363
1363
1363
1363
1364
1364
1364
1365
1365
1365
1366
1366
1366
1367
1367
1368
1368
1369
1369
1370
1370
1370
1370
1371
1371
1371
1372
1372
1372
1373
1373
1374
1374
1374
1375
1375
1376
1376
1377
1377
1377
1378
1379
1380
1380
1381
1382
1383
1383
1383
1384
1384
1384
1385
1385
1385
1385
1386
1386
1386
1387
1387
1387
1388
1388
1388
1389
1389
1389
1390
1390
1390
1391
1391
1392
1392
1392
1392
1393
1393
1394
1394
1394
1394
1395
1395
1395
1396
1396
1397
1397
1398
1398
1398
1399
1400
1400
1400
1401
1402
1402
1402
1403
1404
1404
1404
1405
1405
1406
1406
1406
1407
1407
1407
1408
1409
1409
1410
1410
1410
1411
1411
1412
1413
1413
1413
1414
1414
1415
1416
1416
1416
1417
1418
1418
1418
1418
1419
1419
1420
1420
1420
1421
1421
1421
1422
1422
1422
1423
1423
1423
1423
1424
1424
1425
1425
1425
1426
1426
1427
1427
1427
1428
1428
1428
1429
1430
1430
1430
1431
1432
1433
1433
1433
1434
1434
1434
1435
1436
1436
1437
1437
1438
1439
1439
1439
1439
1440
1440
1441
1441
1441
1442
1442
1442
1442
1443
1443
1444
1444
1444
1445
1445
1446
1447
1447
1448
1448
1448
1449
1450
1450
1450
1450
1451
1452
1452
1452
1453
1453
1454
1454
1454
1455
1455
1455
1456
1456
1457
1457
1457
1458
1458
1459
1459
1460
1460
1460
1461
1461
1461
1462
1462
1462
1463
1463
1463
1464
1464
1464
1465
1466
1466
1466
1466
1467
1467
1467
1468
1468
1469
1469
1470
1470
1470
1470
1471
1471
1472
1472
1473
1473
1474
1474
1474
1475
1475
1476
1476
1476
1476
1477
1477
1477
1478
1478
1479
1479
1479
1480
1480
1480
1481
1481
1481
1482
1482
1482
1483
1483
1484
1484
1484
1485
1485
1485
1486
1486
1487
1488
1488
1488
1489
1489
1489
1490
1491
1491
1491
1492
1492
1492
1492
1493
1493
1493
1493
1494
1494
1495
1495
1495
1496
1496
1496
1497
1497
1497
1498
1498
1498
1499
1499
1500
1500
1500
1500
1501
1502
1502
1502
1503
1503
1504
1504
1504
1505
1505
1505
1506
1506
1507
1507
1508
1508
1508
1509
1510
1510
1510
1511
1511
1511
1512
1512
1513
1513
1514
1514
1514
1515
1515
1515
1516
1516
1517
1517
1518
1519
1519
1519
1520
1520
1521
1521
1521
1521
1522
1522
1522
1523
1523
1524
1524
1524
1525
1525
1525
1526
1526
1526
1527
1527
1527
1527
1528
1528
1528
1528
1529
1529
1529
1530
1530
1531
1531
1531
1532
1532
1532
1532
1533
1533
1534
1534
1535
1536
1536
1536
1537
1537
1538
1538
1539
1540
1540
1541
1541
1541
1541
1542
1542
1543
1543
1543
1543
1544
1544
1545
1545
1545
1545
1546
1546
1546
1546
1547
1547
1547
1548
1548
1548
1549
1549
1549
1550
1550
1550
1551
1551
1552
1552
1552
1553
1553
1553
1554
1554
1555
1555
1555
1556
1556
1556
1557
1557
1557
1558
1559
1559
1560
1560
1560
1560
1561
1561
1562
1562
1563
1563
1564
1564
1564
1565
1566
1566
1566
1567
1567
1568
1568
1569
1569
1569
1569
1570
1570
1571
1571
1571
1571
1572
1572
1572
1572
1573
1573
1573
1574
1574
1574
1575
1575
1576
1576
1577
1577
1577
1577
1578
1578
1579
1580
1580
1580
1580
1581
1581
1582
1582
1582
1582
1583
1583
1583
1583
1584
1584
1584
1585
1585
1585
1586
1586
1586
1587
1587
1587
1588
1588
1589
1589
1589
1590
1590
1590
1591
1591
1591
1592
1592
1592
1593
1594
1594
1594
1595
1595
1596
1596
1596
1597
1597
1597
1598
1598
1598
1599
1599
1599
1600
1600
1600
1601
1601
1601
1601
1602
1603
1603
1603
1604
1604
1605
1605
1606
1606
1607
1607
1607
1607
1608
1608
1609
1609
1610
1610
1610
1610
1611
1611
1612
1612
1612
1613
1613
1613
1614
1614
1615
1615
1616
1616
1617
1617
1617
1617
1618
1618
1619
1619
1619
1619
1620
1620
1621
1621
1622
1623
1623
1623
1623
1624
1624
1625
1625
1625
1626
1626
1627
1627
1627
1628
1628
1628
1629
1630
1631
1631
1631
1632
1632
1632
1633
1633
1634
1634
1634
1634
1635
1635
1636
1637
1637
1637
1638
1638
1638
1638
1639
1639
1639
1640
1640
1640
1641
1641
1642
1642
1643
1643
1643
1643
1644
1644
1644
1645
1645
1645
1645
1646
1646
1646
1647
1647
1648
1648
1648
1648
1649
1649
1650
1650
1650
1651
1653
1653
1653
1654
1654
1655
1655
1655
1656
1656
1657
1657
1658
1658
1659
1659
1660
1660
1660
1661
1661
1662
1662
1662
1663
1663
1663
1664
1664
1664
1665
1665
1665
1666
1666
1667
1667
1667
1668
1668
1668
1668
1669
1669
1670
1670
1671
1672
1672
1673
1673
1673
1674
1675
1675
1675
1675
1676
1676
1676
1677
1677
1678
1678
1679
1679
1679
1679
1680
1680
1681
1681
1682
1682
1683
1684
1684
1684
1685
1686
1686
1686
1687
1687
1687
1688
1688
1689
1690
1690
1690
1691
1691
1693
1693
1693
1694
1695
1695
1695
1695
1696
1697
1697
1697
1698
1699
1699
1699
1700
1700
1700
1701
1701
1702
1702
1702
1703
1703
1703
1704
1704
1704
1705
1705
1705
1705
1706
1706
1707
1707
1708
1709
1709
1709
1710
1710
1710
1711
1711
1712
1712
1712
1713
1713
1713
1714
1714
1715
1715
1716
1717
1717
1717
1718
1718
1718
1719
1719
1719
1720
1720
1720
1721
1721
1722
1722
1723
1723
1723
1724
1724
1725
1725
1725
1725
1726
1726
1726
1727
1727
1728
1728
1728
1729
1729
1729
1729
1730
1730
1731
1731
1731
1732
1732
1732
1732
1733
1733
1734
1734
1735
1735
1736
1736
1736
1737
1737
1738
1739
1739
1739
1740
1740
1740
1741
1741
1742
1742
1743
1743
1743
1744
1745
1745
1745
1746
1746
1747
1747
1748
1748
1749
1749
1749
1750
1750
1751
1752
1752
1752
1753
1754
1754
1754
1755
1755
1756
1756
1756
1757
1757
1757
1758
1758
1758
1759
1759
1759
1760
1761
1761
1761
1762
1762
1763
1763
1763
1764
1765
1765
1765
1765
1766
1766
1766
1766
1767
1767
1768
1768
1768
1769
1769
1770
1770
1770
1770
1771
1771
1771
1772
1773
1773
1773
1774
1774
1774
1775
1775
1776
1776
1777
1777
1777
1778
1778
1779
1780
1780
1781
1781
1781
1781
1782
1782
1782
1783
1783
1783
1783
1784
1784
1784
1785
1785
1785
1785
1786
1786
1786
1787
1787
1787
1788
1788
1788
1789
1789
1790
1790
1791
1791
1791
1792
1792
1793
1793
1793
1794
1794
1794
1795
1795
1795
1796
1796
1797
1797
1797
1798
1799
1800
1800
1801
1801
1801
1802
1802
1803
1803
1803
1804
1804
1804
1805
1805
1805
1806
1806
1806
1806
1807
1807
1807
1808
1808
1808
1809
1810
1810
1810
1811
1811
1811
1812
1812
1812
1813
1813
1813
1814
1815
1815
1815
1816
1816
1816
1816
1817
1817
1818
1819
1819
1819
1820
1820
1821
1821
1822
1822
1822
1823
1823
1823
1824
1824
1824
1825
1825
1826
1826
1827
1827
1827
1828
1829
1829
1829
1830
1830
1831
1831
1832
1832
1832
1832
1833
1833
1834
1834
1834
1835
1835
1835
1836
1836
1836
1836
1837
1837
1837
1838
1838
1839
1839
1839
1840
1840
1840
1841
1841
1841
1841
1842
1842
1843
1843
1844
1844
1844
1845
1846
1846
1846
1847
1847
1847
1847
1848
1849
1849
1850
1850
1850
1851
1851
1851
1852
1852
1853
1853
1854
1854
1855
1856
1856
1857
1857
1858
1858
1858
1859
1859
1859
1860
1860
1861
1861
1862
1862
1862
1863
1864
1864
1864
1865
1865
1865
1866
1866
1867
1867
1868
1868
1868
1868
1870
1871
1872
1872
1873
1873
1873
1874
1874
1874
1875
1875
1876
1876
1876
1876
1877
1877
1877
1878
1878
1879
1879
1880
1881
1882
1882
1883
1883
1883
1884
1884
1884
1884
1885
1885
1886
1887
1887
1888
1888
1888
1889
1890
1890
1890
1891
1891
1891
1892
1892
1893
1893
1893
1893
1894
1894
1894
1894
1895
1896
1896
1898
1898
1898
1899
1899
1900
1900
1901
1901
1902
1902
1902
1903
1903
1903
1903
1904
1904
1904
1904
1905
1905
1906
1906
1906
1906
1907
1907
1907
1908
1908
1908
1909
1910
1911
1911
1912
1912
1912
1913
1913
1913
1913
1914
1914
1915
1915
1916
1916
1916
1917
1917
1917
1918
1918
1918
1919
1920
1920
1920
1921
1921
1921
1921
1922
1922
1923
1923
1924
1924
1924
1925
1925
1926
1927
1927
1928
1928
1929
1929
1930
1930
1931
1931
1932
1932
1932
1933
1933
1934
1934
1935
1935
1936
1936
1936
1936
1937
1937
1937
1938
1938
1938
1938
1939
1939
1939
1940
1941
1941
1942
1942
1942
1942
1943
1943
1944
1944
1944
1946
1947
1947
1947
1948
1948
1949
1950
1950
1950
1951
1951
1951
1952
1952
1953
1954
1954
1954
1955
1955
1956
1956
1956
1957
1957
1958
1958
1958
1959
1959
1959
1960
1960
1960
1961
1961
1962
1962
1963
1963
1963
1964
1964
1965
1965
1965
1966
1966
1966
1968
1968
1968
1968
1969
1969
1970
1970
1970
1971
1971
1972
1972
1973
1973
1973
1974
1974
1975
1975
1975
1976
1976
1976
1977
1977
1978
1978
1978
1979
1979
1980
1980
1981
1982
1982
1982
1983
1983
1983
1984
1984
1984
1986
1986
1986
1987
1988
1988
1988
1989
1990
1990
1990
1991
1992
1992
1992
1993
1993
1993
1994
1994
1994
1995
1995
1996
1996
1996
1997
1997
1997
1998
1998
1998
1999
1999
2000
2000
2001
2001
2001
2001
2002
2002
2003
2003
2003
2004
2004
2004
2005
2005
2005
2005
2006
2006
2006
2007
2007
2007
2008
2008
2009
2009
2009
2009
2010
2010
2010
2010
2011
2011
2011
2012
2012
2012
2013
2014
2015
2015
2016
2016
2017
2017
2017
2018
2018
2018
2019
2019
2019
2020
2020
2021
2021
2021
2022
2022
2022
2023
2023
2024
2024
2024
2025
2025
2026
2026
2027
2027
2027
2028
2028
2028
2029
2029
2029
2030
2030
2030
2031
2032
2033
2033
2033
2034
2034
2035
2035
2035
2036
2036
2036
2036
2037
2037
2038
2038
2039
2039
2040
2040
2040
2041
2041
2041
2042
2042
2043
2043
2043
2044
2044
2044
2045
2045
2045
2046
2046
2047
2048
2048
2048
2049
2049
2050
2050
2050
2050
2051
2051
2051
2052
2052
2052
2053
2053
2053
2053
2054
2054
2054
2054
2055
2055
2056
2056
2057
2057
2058
2058
2059
2059
2060
2060
2060
2061
2061
2061
2062
2063
2063
2064
2065
2065
2065
2065
2066
2066
2066
2067
2067
2068
2068
2068
2069
2069
2070
2070
2070
2071
2071
2072
2072
2073
2073
2074
2074
2075
2075
2075
2076
2077
2077
2077
2078
2078
2078
2079
2079
2079
2080
2080
2080
2081
2081
2082
2083
2084
2085
2085
2085
2086
2086
2087
2087
2088
2088
2088
2089
2089
2090
2090
2091
2091
2092
2092
2093
2093
2093
2094
2094
2095
2095
2095
2096
2096
2097
2097
2098
2099
2099
2099
2100
2100
2100
2100
2101
2101
2101
2102
2102
2103
2103
2103
2104
2104
2105
2105
2105
2106
2106
2107
2107
2107
2108
2108
2109
2109
2109
2110
2110
2111
2111
2111
2112
2113
2113
2114
2114
2114
2115
2115
2116
2116
2116
2117
2117
2118
2118
2119
2120
2120
2120
2120
2121
2121
2121
2121
2122
2122
2122
2123
2123
2124
2124
2124
2124
2125
2125
2125
2126
2126
2127
2128
2128
2129
2129
2129
2129
2130
2130
2131
2131
2131
2131
2132
2132
2133
2133
2133
2134
2135
2136
2136
2136
2137
2137
2137
2138
2138
2139
2139
2140
2140
2141
2141
2142
2142
2142
2143
2143
2144
2144
2145
2145
2146
2146
2146
2147
2147
2147
2148
2148
2148
2149
2150
2150
2151
2151
2151
2151
2152
2152
2153
2154
2154
2155
2155
2155
2156
2156
2156
2157
2157
2157
2158
2158
2158
2159
2159
2160
2160
2160
2161
2161
2161
2162
2162
2163
2163
2163
2164
2164
2164
2165
2165
2166
2166
2166
2167
2167
2168
2168
2168
2169
2169
2170
2170
2170
2171
2171
2172
2172
2172
2173
2173
2173
2174
2174
2174
2175
2175
2176
2176
2176
2177
2177
2178
2178
2178
2179
2179
2179
2180
2180
2180
2181
2181
2182
2182
2182
2183
2183
2183
2184
2185
2185
2186
2186
2186
2187
2187
2187
2187
2188
2188
2188
2189
2189
2189
2190
2190
2190
2191
2191
2191
2192
2193
2194
2194
2194
2195
2195
2196
2196
2196
2197
2197
2198
2199
2199
2199
2200
2200
2200
2201
2202
2202
2202
2203
2203
2203
2203
2204
2204
2204
2205
2205
2205
2206
2207
2207
2207
2208
2208
2209
2209
2210
2211
2211
2212
2212
2213
2213
2213
2214
2214
2214
2215
2215
2215
2216
2217
2217
2217
2218
2218
2219
2219
2219
2220
2220
2221
2222
2222
2223
2223
2223
2224
2224
2225
2225
2226
2226
2226
2227
2227
2228
2228
2228
2229
2229
2230
2230
2231
2232
2232
2232
2233
2233
2233
2233
2234
2234
2234
2234
2235
2235
2235
2235
2236
2237
2237
2237
2238
2238
2238
2239
2239
2240
2240
2241
2241
2241
2243
2243
2244
2244
2245
2245
2246
2246
2246
2247
2247
2248
2248
2249
2249
2249
2250
2250
2250
2251
2251
2253
2253
2253
2254
2254
2254
2255
2255
2256
2256
2256
2257
2257
2257
2258
2258
2258
2259
2259
2259
2260
2261
2261
2261
2262
2263
2263
2264
2264
2264
2265
2265
2266
2266
2266
2267
2267
2267
2268
2269
2269
2270
2270
2271
2271
2271
2272
2272
2273
2273
2273
2273
2274
2274
2274
2275
2275
2275
2276
2276
2276
2276
2277
2277
2277
2278
2278
2278
2279
2279
2279
2280
2280
2280
2280
2281
2282
2282
2283
2283
2283
2284
2284
2285
2286
2286
2287
2288
2288
2288
2288
2289
2289
2289
2290
2292
2292
2292
2293
2293
2293
2294
2294
2294
2294
2295
2295
2296
2296
2298
2298
2298
2299
2299
2299
2300
2300
2300
2301
2301
2302
2302
2302
2303
2303
2304
2304
2305
2305
2306
2306
2307
2307
2308
2308
2308
2309
2309
2309
2310
2310
2310
2310
2311
2311
2311
2311
2312
2312
2313
2313
2314
2315
2315
2316
2316
2316
2317
2317
2317
2318
2319
2319
2319
2320
2320
2321
2322
2322
2322
2323
2323
2324
2324
2324
2325
2325
2325
2325
2326
2326
2327
2327
2327
2328
2328
2329
2329
2329
2329
2330
2330
2330
2331
2331
2331
2332
2332
2332
2333
2333
2333
2334
2334
2334
2334
2335
2335
2336
2337
2337
2337
2338
2338
2338
2338
2339
2339
2339
2340
2340
2341
2341
2342
2342
2342
2342
2343
2343
2343
2344
2344
2344
2344
2345
2345
2345
2346
2347
2348
2349
2349
2350
2350
2350
2351
2351
2351
2352
2352
2353
2353
2353
2354
2354
2354
2355
2355
2355
2356
2356
2356
2357
2357
2357
2357
2358
2358
2359
2359
2359
2360
2360
2361
2361
2362
2363
2363
2363
2364
2364
2364
2365
2366
2366
2367
2367
2367
2368
2369
2369
2370
2370
2370
2371
2371
2371
2372
2372
2373
2373
2373
2374
2374
2374
2375
2375
2376
2376
2377
2377
2377
2377
2378
2378
2379
2380
2380
2380
2381
2381
2382
2383
2384
2384
2385
2386
2386
2386
2386
2387
2387
2387
2388
2388
2388
2389
2389
2389
2390
2390
2390
2390
2391
2391
2391
2391
2392
2392
2393
2393
2393
2394
2394
2395
2395
2395
2396
2396
2397
2397
2398
2398
2399
2399
2399
2400
2400
2400
2400
2401
2401
2401
2401
2402
2403
2403
2404
2405
2405
2406
2406
2406
2406
2407
2408
2408
2409
2409
2409
2410
2410
2410
2411
2411
2411
2412
2412
2412
2413
2413
2413
2414
2415
2415
2415
2416
2416
2416
2416
2417
2418
2419
2420
2420
2420
2421
2421
2421
2422
2422
2423
2423
2424
2424
2425
2425
2425
2426
2427
2427
2427
2428
2429
2429
2430
2430
2430
2431
2432
2432
2433
2433
2434
2434
2434
2434
2435
2436
2436
2437
2437
2438
2438
2438
2439
2439
2439
2439
2440
2440
2440
2441
2442
2442
2443
2443
2443
2444
2444
2444
2445
2446
2446
2446
2447
2448
2448
2449
2450
2450
2450
2450
2451
2451
2453
2454
2454
2455
2456
2456
2457
2457
2457
2458
2458
2458
2459
2460
2460
2461
2461
2461
2462
2462
2463
2464
2464
2464
2465
2466
2466
2466
2467
2468
2468
2468
2469
2469
2469
2470
2470
2470
2471
2471
2472
2472
2473
2473
2474
2474
2474
2474
2475
2475
2476
2476
2477
2478
2478
2479
2479
2479
2479
2480
2481
2482
2482
2483
2484
2485
2485
2485
2486
2486
2487
2487
2488
2488
2488
2489
2489
2490
2490
2491
2493
2493
2493
2494
2494
2494
2494
2495
2495
2495
2496
2496
2496
2497
2497
2497
2498
2499
2499
2499
2501
2502
2502
2503
2503
2504
2504
2504
2504
2505
2507
2507
2508
2509
2509
2509
2509
2510
2510
2510
2511
2511
2511
2512
2512
2513
2513
2514
2514
2514
2515
2516
2516
2517
2517
2518
2518
2519
2519
2520
2521
2521
2522
2523
2523
2523
2524
2524
2524
2525
2525
2526
2527
2527
2527
2528
2528
2528
2529
2529
2531
2531
2532
2532
2532
2533
2533
2534
2534
2535
2536
2536
2536
2537
2538
2538
2538
2539
2540
2541
2541
2541
2542
2542
2542
2543
2543
2543
2544
2544
2544
2545
2545
2546
2546
2546
2546
2547
2548
2548
2548
2549
2549
2550
2550
2551
2552
2553
2554
2554
2554
2554
2555
2555
2555
2555
2556
2556
2557
2558
2558
2559
2559
2559
2560
2560
2560
2561
2562
2562
2563
2564
2565
2565
2566
2566
2567
2567
2568
2568
2569
2569
2570
2570
2571
2571
2572
2572
2573
2573
2573
2573
2574
2574
2574
2575
2577
2577
2578
2579
2580
2580
2581
2582
2582
2582
2583
2583
2584
2585
2586
2586
2587
2587
2588
2588
2588
2589
2589
2590
2590
2591
2591
2591
2592
2592
2592
2593
2593
2594
2594
2594
2595
2595
2595
2596
2596
2596
2596
2597
2597
2598
2598
2598
2599
2600
2600
2600
2601
2601
2602
2602
2603
2603
2604
2604
2605
2605
2605
2606
2606
2607
2607
2607
2608
2608
2609
2609
2610
2610
2610
2610
2611
2611
2611
2611
2612
2612
2613
2613
2613
2614
2614
2615
2615
2615
2616
2616
2616
2617
2617
2617
2618
2619
2619
2620
2620
2621
2621
2621
2621
2622
2622
2623
2623
2623
2623
2624
2624
2625
2625
2625
2625
2626
2626
2626
2627
2627
2628
2628
2628
2629
2630
2630
2630
2631
2631
2631
2632
2632
2632
2632
2633
2633
2634
2634
2634
2635
2635
2635
2636
2636
2636
2636
2637
2637
2637
2637
2638
2638
2638
2639
2639
2640
2640
2641
2642
2643
2643
2643
2644
2644
2645
2645
2645
2646
2646
2646
2647
2647
2647
2647
2648
2648
2649
2650
2650
2650
2651
2651
2651
2652
2653
2653
2654
2655
2655
2655
2656
2656
2656
2657
2658
2658
2658
2659
2659
2659
2660
2660
2661
2662
2663
2663
2665
2665
2666
2667
2667
2668
2668
2669
2669
2670
2670
2670
2670
2671
2671
2671
2672
2672
2672
2673
2673
2674
2674
2675
2675
2676
2676
2677
2677
2678
2678
2679
2679
2680
2680
2681
2681
2682
2683
2683
2683
2684
2685
2685
2686
2686
2687
2687
2688
2688
2688
2689
2689
2689
2690
2690
2690
2691
2691
2692
2692
2693
2693
2694
2694
2694
2695
2695
2696
2696
2697
2698
2698
2700
2700
2701
2701
2702
2702
2702
2703
2703
2703
2704
2704
2704
2705
2705
2705
2706
2707
2708
2709
2709
2709
2710
2710
2710
2711
2711
2712
2712
2713
2713
2714
2715
2715
2715
2716
2716
2717
2717
2718
2718
2720
2720
2721
2721
2722
2722
2722
2723
2723
2723
2724
2724
2724
2725
2725
2726
2726
2726
2726
2727
2727
2728
2728
2729
2729
2730
2730
2731
2731
2732
2732
2732
2733
2733
2733
2734
2734
2735
2736
2736
2736
2736
2737
2737
2738
2738
2738
2739
2739
2740
2740
2741
2741
2742
2742
2744
2744
2745
2745
2745
2745
2746
2746
2747
2748
2748
2748
2749
2749
2750
2750
2751
2751
2752
2752
2753
2754
2754
2754
2755
2755
2756
2756
2757
2757
2758
2758
2759
2759
2760
2760
2760
2761
2761
2761
2761
2762
2762
2762
2763
2764
2765
2765
2765
2766
2766
2766
2766
2767
2767
2768
2768
2769
2770
2770
2770
2771
2771
2772
2772
2772
2773
2773
2773
2774
2774
2774
2774
2775
2775
2775
2776
2777
2777
2778
2778
2779
2779
2779
2780
2781
2782
2782
2783
2783
2784
2785
2786
2786
2787
2787
2788
2788
2789
2789
2790
2790
2791
2791
2791
2792
2793
2793
2794
2794
2795
2795
2795
2796
2796
2797
2798
2798
2799
2800
2800
2801
2801
2801
2802
2802
2803
2803
2804
2805
2806
2806
2806
2807
2807
2807
2808
2808
2809
2809
2809
2810
2810
2810
2811
2812
2812
2812
2813
2813
2813
2814
2815
2815
2816
2816
2816
2817
2817
2817
2818
2818
2819
2819
2820
2822
2822
2823
2823
2823
2824
2824
2824
2825
2825
2826
2826
2827
2827
2828
2829
2829
2830
2830
2832
2832
2833
2833
2833
2834
2834
2835
2835
2836
2838
2838
2838
2839
2839
2840
2840
2840
2840
2841
2841
2842
2843
2843
2843
2844
2845
2846
2846
2847
2847
2848
2849
2849
2849
2850
2851
2852
2852
2853
2853
2853
2854
2855
2855
2855
2856
2857
2858
2859
2859
2860
2861
2861
2861
2861
2862
2862
2862
2863
2863
2864
2865
2865
2867
2867
2868
2869
2869
2869
2871
2872
2872
2873
2873
2873
2874
2874
2875
2876
2876
2877
2877
2878
2879
2879
2880
2880
2881
2881
2881
2882
2882
2884
2884
2885
2886
2886
2886
2887
2888
2888
2889
2889
2889
2889
2890
2891
2892
2892
2892
2892
2893
2893
2894
2894
2895
2896
2897
2897
2898
2898
2899
2899
2900
2901
2901
2902
2902
2903
2904
2904
2906
2907
2907
2908
2909
2909
2909
2910
2911
2911
2912
2912
2912
2913
2913
2913
2915
2915
2916
2916
2917
2917
2918
2918
2919
2919
2921
2921
2921
2922
2922
2923
2923
2924
2924
2925
2925
2926
2926
2927
2927
2927
2928
2929
2929
2930
2930
2930
2931
2932
2933
2933
2934
2934
2934
2934
2935
2936
2936
2937
2937
2938
2938
2939
2940
2940
2941
2942
2942
2942
2943
2944
2944
2945
2945
2946
2947
2947
2947
2947
2949
2950
2951
2952
2953
2953
2953
2955
2956
2956
2957
2957
2958
2958
2959
2959
2959
2960
2961
2961
2962
2963
2963
2963
2963
2964
2964
2965
2965
2965
2966
2966
2966
2967
2967
2968
2969
2970
2970
2970
2971
2971
2971
2973
2973
2973
2974
2974
2974
2975
2975
2975
2975
2976
2976
2976
2977
2977
2978
2978
2978
2979
2979
2979
2979
2980
2980
2981
2982
2982
2983
2983
2983
2984
2984
2984
2985
2985
2985
2986
2986
2986
2987
2988
2990
2991
2991
2991
2992
2992
2992
2993
2993
2994
2994
2994
2995
2995
2995
2995
2996
2996
2997
2997
2998
2999
2999
3000
3000
3001
3001
3001
3002
3002
3002
3003
3004
3004
3004
3004
3005
3005
3005
3006
3006
3006
3007
3007
3008
3008
3009
3009
3010
3010
3010
3011
3011
3013
3013
3013
3014
3015
3015
3015
3016
3016
3017
3017
3018
3019
3019
3019
3020
3020
3021
3021
3021
3022
3023
3023
3023
3024
3025
3025
3026
3026
3026
3027
3027
3027
3028
3028
3030
3030
3030
3031
3031
3031
3032
3033
3034
3035
3035
3035
3036
3036
3036
3037
3038
3038
3038
3039
3040
3040
3040
3041
3042
3042
3043
3043
3044
3044
3045
3046
3046
3047
3048
3048
3048
3049
3050
3050
3050
3051
3051
3051
3052
3053
3054
3054
3054
3055
3055
3055
3055
3056
3056
3057
3058
3058
3058
3059
3059
3059
3060
3060
3061
3062
3062
3062
3063
3063
3064
3064
3064
3065
3065
3065
3066
3067
3067
3068
3068
3068
3069
3069
3070
3070
3070
3071
3071
3071
3072
3073
3073
3074
3075
3075
3076
3076
3077
3077
3078
3079
3080
3081
3082
3083
3083
3083
3085
3086
3086
3088
3088
3088
3089
3089
3089
3090
3090
3090
3091
3091
3091
3092
3093
3094
3094
3094
3095
3096
3096
3097
3098
3098
3099
3099
3099
3100
3100
3101
3101
3101
3102
3102
3102
3103
3103
3103
3104
3104
3105
3105
3105
3106
3106
3106
3107
3108
3109
3111
3111
3111
3112
3112
3113
3114
3114
3115
3116
3116
3117
3119
3119
3119
3120
3121
3121
3121
3121
3122
3122
3123
3123
3123
3124
3124
3125
3125
3126
3127
3127
3128
3128
3129
3129
3130
3130
3131
3132
3133
3133
3134
3134
3134
3135
3136
3136
3137
3137
3138
3138
3138
3139
3140
3140
3141
3141
3141
3142
3142
3142
3143
3144
3144
3145
3145
3147
3148
3148
3148
3149
3150
3150
3150
3151
3152
3152
3153
3153
3154
3154
3155
3156
3157
3158
3158
3159
3159
3159
3160
3160
3161
3162
3162
3162
3162
3163
3163
3163
3164
3164
3164
3165
3165
3165
3166
3166
3166
3166
3167
3167
3168
3168
3169
3169
3170
3170
3170
3171
3171
3173
3173
3173
3173
3174
3174
3175
3175
3176
3176
3176
3177
3177
3178
3179
3179
3180
3180
3181
3181
3181
3182
3184
3184
3184
3185
3185
3186
3186
3186
3187
3187
3188
3188
3189
3189
3190
3190
3191
3191
3191
3192
3192
3193
3193
3194
3194
3195
3195
3196
3196
3196
3197
3197
3197
3198
3199
3200
3200
3201
3201
3202
3202
3203
3204
3204
3205
3205
3205
3206
3206
3206
3207
3207
3207
3208
3208
3209
3209
3210
3211
3211
3212
3212
3213
3213
3214
3214
3214
3215
3215
3215
3216
3216
3217
3217
3218
3218
3219
3219
3220
3220
3220
3221
3221
3222
3222
3223
3224
3225
3225
3226
3226
3227
3227
3228
3228
3229
3230
3230
3231
3232
3233
3233
3234
3234
3235
3235
3236
3237
3237
3238
3238
3239
3239
3240
3240
3241
3242
3242
3242
3243
3243
3243
3244
3244
3245
3245
3246
3246
3246
3247
3248
3248
3249
3249
3250
3250
3251
3251
3251
3251
3252
3253
3253
3254
3254
3254
3255
3255
3255
3256
3256
3257
3257
3258
3258
3258
3259
3259
3259
3260
3260
3260
3261
3262
3262
3263
3263
3264
3264
3265
3266
3266
3267
3267
3268
3268
3269
3269
3270
3270
3270
3271
3271
3271
3273
3273
3274
3275
3276
3277
3277
3277
3279
3279
3280
3280
3280
3281
3281
3282
3282
3282
3282
3284
3284
3284
3286
3286
3286
3287
3287
3287
3288
3289
3290
3291
3291
3292
3292
3293
3294
3294
3295
3295
3296
3296
3296
3297
3297
3298
3298
3299
3300
3300
3301
3302
3302
3303
3303
3304
3305
3306
3306
3306
3307
3307
3307
3308
3308
3309
3310
3310
3310
3311
3311
3311
3312
3312
3312
3314
3314
3315
3316
3316
3316
3316
3317
3318
3318
3318
3319
3319
3320
3320
3321
3321
3321
3321
3322
3322
3322
3322
3323
3323
3324
3324
3325
3325
3326
3326
3327
3327
3328
3328
3328
3329
3330
3332
3333
3333
3334
3334
3335
3335
3335
3335
3336
3336
3336
3337
3337
3338
3338
3339
3340
3340
3341
3341
3342
3343
3343
3344
3345
3345
3345
3345
3346
3346
3347
3347
3348
3349
3349
3349
3350
3350
3350
3351
3351
3351
3352
3352
3352
3353
3353
3354
3354
3355
3356
3356
3356
3357
3358
3358
3359
3359
3360
3361
3362
3362
3363
3363
3364
3366
3366
3366
3367
3367
3367
3367
3368
3369
3370
3370
3372
3373
3374
3374
3375
3375
3376
3377
3378
3379
3379
3380
3380
3380
3380
3382
3383
3385
3385
3386
3387
3388
3388
3389
3389
3390
3390
3391
3391
3392
3392
3392
3394
3394
3394
3396
3396
3397
3398
3398
3398
3399
3399
3401
3401
3403
3405
3405
3405
3406
3407
3407
3408
3408
3408
3411
3411
3411
3412
3412
3413
3414
3414
3415
3416
3417
3419
3419
3420
3420
3420
3422
3422
3423
3424
3424
3424
3425
3425
3426
3427
3427
3428
3429
3429
3430
3430
3432
3433
3433
3434
3434
3434
3435
3435
3436
3437
3437
3438
3438
3439
3440
3440
3441
3441
3442
3442
3443
3443
3443
3443
3444
3444
3444
3446
3447
3447
3448
3448
3449
3449
3450
3450
3451
3451
3452
3453
3453
3453
3454
3455
3456
3457
3458
3459
3459
3461
3462
3462
3463
3463
3464
3464
3464
3465
3465
3466
3467
3467
3469
3470
3470
3471
3471
3472
3472
3473
3473
3473
3474
3474
3475
3475
3476
3477
3477
3478
3478
3478
3479
3480
3480
3481
3481
3481
3482
3482
3482
3482
3483
3484
3484
3485
3485
3485
3486
3486
3487
3487
3488
3488
3488
3489
3489
3490
3491
3492
3493
3494
3494
3495
3495
3496
3497
3498
3498
3499
3499
3500
3500
3501
3501
3502
3502
3502
3503
3504
3505
3507
3507
3507
3508
3509
3509
3510
3511
3511
3511
3511
3512
3512
3513
3513
3514
3514
3515
3515
3516
3516
3516
3517
3517
3518
3518
3518
3519
3519
3519
3520
3520
3521
3522
3522
3524
3524
3525
3526
3526
3527
3527
3528
3528
3529
3530
3530
3531
3531
3532
3532
3532
3534
3534
3535
3535
3536
3537
3537
3538
3538
3539
3539
3539
3540
3540
3540
3541
3542
3542
3543
3543
3544
3544
3544
3545
3545
3545
3546
3546
3547
3547
3548
3549
3550
3550
3550
3552
3553
3554
3555
3555
3555
3556
3557
3557
3558
3558
3558
3559
3559
3560
3560
3560
3561
3562
3562
3563
3564
3564
3565
3566
3566
3567
3568
3570
3570
3571
3571
3572
3572
3573
3573
3574
3575
3575
3576
3576
3577
3579
3579
3580
3581
3581
3582
3582
3583
3584
3585
3585
3585
3586
3586
3586
3587
3587
3588
3589
3589
3590
3590
3591
3591
3592
3592
3592
3595
3595
3595
3596
3597
3598
3599
3600
3600
3601
3601
3603
3604
3604
3605
3606
3606
3607
3607
3608
3608
3609
3609
3610
3610
3610
3611
3612
3612
3613
3614
3615
3615
3616
3616
3616
3617
3617
3618
3618
3618
3619
3619
3619
3620
3620
3621
3621
3621
3622
3622
3622
3624
3625
3625
3625
3626
3626
3627
3627
3628
3628
3629
3629
3629
3630
3631
3632
3633
3633
3634
3634
3635
3635
3636
3636
3637
3637
3638
3638
3639
3639
3639
3640
3641
3642
3644
3646
3647
3647
3648
3649
3651
3652
3652
3652
3653
3653
3655
3655
3655
3656
3656
3656
3657
3657
3658
3659
3659
3660
3660
3661
3661
3662
3662
3663
3663
3664
3664
3664
3665
3665
3666
3669
3669
3669
3670
3670
3671
3671
3671
3673
3673
3673
3674
3676
3677
3677
3677
3678
3679
3679
3680
3680
3681
3683
3684
3684
3684
3685
3685
3688
3688
3688
3688
3689
3690
3690
3691
3691
3691
3693
3694
3695
3695
3695
3696
3696
3697
3697
3697
3698
3698
3699
3700
3701
3701
3702
3703
3703
3704
3705
3706
3706
3706
3707
3708
3709
3709
3709
3710
3710
3710
3711
3711
3712
3713
3713
3713
3714
3714
3714
3714
3715
3715
3715
3716
3718
3718
3719
3719
3719
3720
3720
3721
3721
3722
3722
3723
3724
3724
3724
3725
3725
3725
3727
3727
3727
3728
3729
3730
3730
3730
3731
3732
3734
3734
3735
3736
3736
3737
3738
3738
3739
3739
3740
3741
3741
3742
3742
3743
3743
3744
3744
3745
3747
3747
3747
3748
3748
3749
3749
3749
3750
3750
3750
3751
3752
3752
3752
3752
3753
3754
3754
3755
3755
3757
3757
3758
3758
3759
3760
3761
3761
3762
3763
3763
3764
3764
3765
3765
3766
3767
3767
3767
3767
3768
3768
3769
3769
3770
3770
3770
3770
3771
3771
3771
3772
3772
3772
3773
3774
3774
3775
3775
3776
3776
3777
3778
3778
3778
3779
3780
3780
3780
3781
3781
3783
3783
3785
3785
3786
3786
3787
3787
3788
3788
3788
3789
3790
3790
3790
3790
3791
3792
3793
3793
3794
3794
3795
3798
3798
3799
3799
3800
3800
3801
3801
3801
3802
3803
3804
3804
3804
3805
3805
3806
3806
3808
3809
3810
3810
3811
3811
3811
3812
3813
3814
3814
3815
3816
3816
3817
3817
3818
3818
3819
3819
3820
3821
3821
3822
3823
3823
3823
3825
3826
3826
3827
3828
3828
3829
3829
3830
3830
3831
3832
3832
3834
3835
3836
3836
3837
3838
3838
3839
3839
3841
3841
3842
3842
3842
3843
3843
3845
3845
3845
3846
3847
3848
3849
3849
3850
3850
3851
3852
3853
3853
3854
3855
3855
3856
3856
3858
3859
3860
3860
3861
3861
3862
3862
3862
3863
3863
3863
3864
3865
3865
3866
3867
3867
3867
3867
3868
3868
3869
3870
3870
3871
3871
3871
3873
3873
3873
3874
3874
3874
3875
3875
3876
3876
3876
3876
3877
3878
3878
3879
3879
3879
3880
3880
3881
3881
3882
3883
3884
3884
3885
3886
3887
3887
3887
3888
3888
3889
3890
3893
3895
3896
3896
3896
3898
3899
3899
3900
3900
3901
3902
3904
3904
3904
3905
3907
3907
3908
3908
3909
3909
3909
3910
3910
3911
3911
3912
3913
3913
3914
3915
3916
3917
3920
3920
3923
3923
3924
3925
3926
3927
3928
3928
3929
3929
3929
3930
3930
3930
3932
3933
3933
3935
3936
3936
3937
3937
3938
3939
3939
3940
3941
3941
3943
3945
3945
3946
3948
3948
3949
3949
3949
3950
3951
3951
3952
3952
3953
3953
3953
3954
3955
3955
3956
3956
3956
3956
3957
3957
3957
3958
3958
3959
3959
3959
3960
3961
3963
3964
3964
3964
3965
3966
3967
3967
3968
3968
3968
3970
3970
3970
3971
3972
3972
3972
3973
3974
3975
3975
3976
3976
3977
3978
3981
3982
3982
3983
3984
3984
3984
3985
3985
3985
3986
3986
3987
3987
3987
3988
3988
3989
3989
3990
3990
3990
3991
3992
3992
3994
3995
3995
3996
3996
3997
3997
3998
3998
3999
3999
4000
4000
4000
4002
4004
4006
4007
4007
4007
4009
4010
4010
4010
4011
4011
4012
4013
4014
4015
4015
4017
4017
4017
4018
4019
4019
4020
4021
4022
4022
4023
4023
4024
4024
4025
4025
4026
4027
4028
4029
4029
4030
4030
4031
4031
4031
4032
4032
4033
4033
4034
4035
4035
4036
4036
4037
4037
4038
4038
4039
4040
4040
4040
4040
4041
4042
4042
4042
4042
4043
4044
4045
4045
4046
4046
4047
4047
4048
4048
4050
4050
4051
4052
4052
4053
4054
4054
4055
4055
4056
4057
4058
4058
4059
4059
4059
4060
4061
4061
4062
4063
4065
4066
4067
4069
4070
4071
4071
4072
4073
4075
4076
4076
4076
4077
4077
4078
4079
4079
4079
4080
4080
4081
4081
4084
4084
4085
4085
4086
4086
4089
4089
4090
4090
4092
4093
4093
4094
4094
4095
4095
4095
4096
4096
4097
4097
4098
4098
4099
4099
4099
4099
4100
4100
4101
4102
4102
4103
4105
4105
4106
4106
4106
4108
4108
4109
4110
4111
4111
4112
4114
4114
4114
4115
4116
4116
4116
4118
4118
4119
4119
4119
4120
4121
4121
4122
4122
4122
4123
4124
4125
4125
4126
4126
4126
4127
4128
4128
4130
4130
4131
4131
4132
4133
4133
4134
4135
4135
4136
4137
4137
4137
4138
4138
4138
4139
4140
4140
4141
4142
4142
4143
4144
4144
4145
4146
4146
4146
4146
4147
4148
4148
4150
4150
4153
4153
4154
4154
4154
4155
4155
4156
4156
4156
4157
4157
4158
4159
4160
4160
4161
4161
4162
4163
4163
4163
4163
4164
4165
4165
4166
4166
4167
4167
4167
4168
4168
4169
4169
4169
4170
4171
4171
4171
4171
4172
4173
4174
4175
4176
4176
4176
4177
4178
4180
4180
4182
4183
4184
4184
4184
4186
4187
4188
4188
4189
4189
4190
4190
4190
4191
4191
4192
4193
4193
4194
4195
4199
4199
4200
4201
4202
4202
4203
4203
4204
4204
4205
4206
4206
4207
4207
4208
4208
4210
4212
4214
4214
4215
4216
4216
4217
4217
4219
4219
4220
4220
4221
4222
4223
4223
4225
4225
4226
4226
4228
4229
4229
4230
4230
4231
4232
4234
4235
4235
4236
4236
4237
4238
4238
4239
4239
4240
4240
4241
4241
4242
4242
4242
4243
4243
4244
4244
4245
4245
4245
4246
4246
4246
4247
4250
4251
4252
4253
4253
4253
4254
4254
4254
4255
4256
4256
4256
4257
4259
4259
4260
4261
4261
4262
4262
4263
4263
4263
4264
4265
4265
4266
4267
4267
4268
4268
4268
4269
4271
4272
4273
4273
4274
4275
4276
4276
4277
4277
4278
4278
4279
4279
4279
4280
4280
4280
4281
4282
4282
4282
4282
4283
4284
4284
4285
4286
4286
4288
4288
4288
4289
4290
4290
4291
4291
4291
4292
4293
4294
4295
4295
4296
4297
4297
4297
4298
4298
4298
4298
4299
4299
4301
4301
4301
4302
4303
4304
4306
4307
4307
4308
4308
4309
4309
4310
4311
4311
4312
4313
4313
4314
4316
4316
4316
4317
4317
4318
4318
4318
4319
4321
4323
4323
4325
4325
4325
4326
4326
4327
4327
4328
4329
4329
4330
4330
4331
4332
4332
4334
4335
4335
4336
4336
4337
4338
4338
4339
4340
4340
4341
4341
4341
4342
4343
4344
4345
4345
4345
4346
4346
4348
4348
4349
4349
4350
4351
4351
4352
4352
4352
4353
4353
4354
4354
4355
4355
4356
4357
4357
4357
4358
4358
4359
4360
4360
4361
4362
4362
4363
4363
4364
4365
4366
4367
4367
4368
4369
4369
4370
4370
4372
4372
4374
4375
4375
4377
4378
4380
4381
4381
4382
4382
4384
4386
4386
4389
4389
4390
4390
4391
4392
4392
4392
4393
4394
4395
4395
4397
4399
4399
4400
4400
4401
4402
4402
4403
4404
4404
4405
4405
4405
4406
4406
4407
4408
4410
4410
4411
4412
4412
4412
4413
4413
4414
4414
4414
4415
4415
4416
4416
4416
4416
4417
4418
4418
4419
4420
4422
4422
4423
4423
4423
4424
4427
4427
4427
4428
4428
4429
4429
4429
4429
4430
4430
4430
4431
4431
4432
4432
4433
4434
4435
4436
4436
4436
4436
4437
4438
4439
4439
4440
4441
4441
4442
4443
4444
4444
4445
4445
4446
4447
4449
4450
4450
4452
4453
4454
4454
4454
4455
4455
4455
4458
4459
4460
4461
4461
4462
4462
4463
4463
4464
4465
4465
4466
4466
4467
4467
4468
4468
4469
4469
4471
4472
4472
4472
4473
4473
4474
4475
4475
4476
4477
4477
4478
4479
4479
4479
4480
4481
4483
4484
4487
4487
4488
4489
4493
4493
4494
4494
4494
4495
4496
4496
4497
4497
4498
4498
4499
4499
4500
4500
4502
4503
4504
4505
4505
4505
4506
4506
4508
4508
4509
4509
4510
4510
4510
4511
4512
4512
4514
4514
4515
4517
4517
4518
4518
4518
4520
4521
4521
4522
4522
4523
4523
4525
4525
4525
4526
4527
4527
4528
4528
4530
4530
4531
4532
4533
4534
4535
4535
4535
4536
4536
4536
4537
4537
4538
4538
4539
4540
4541
4541
4542
4542
4543
4543
4544
4545
4545
4546
4546
4547
4547
4548
4550
4551
4551
4552
4552
4553
4553
4555
4556
4556
4556
4556
4557
4559
4559
4560
4560
4560
4560
4562
4563
4563
4566
4566
4568
4569
4569
4570
4570
4571
4572
4572
4572
4574
4574
4575
4575
4576
4576
4578
4578
4579
4580
4580
4580
4581
4581
4582
4582
4582
4583
4583
4584
4585
4586
4587
4588
4589
4589
4590
4590
4590
4591
4591
4592
4592
4592
4593
4594
4595
4596
4596
4597
4597
4597
4599
4600
4601
4602
4603
4604
4604
4605
4606
4607
4607
4608
4608
4609
4610
4610
4612
4613
4613
4614
4615
4615
4616
4616
4617
4618
4618
4619
4619
4619
4620
4620
4621
4621
4621
4622
4623
4624
4625
4625
4626
4627
4627
4627
4629
4630
4630
4631
4632
4632
4634
4634
4635
4635
4636
4637
4638
4639
4642
4642
4643
4643
4645
4646
4649
4649
4649
4650
4652
4653
4654
4656
4657
4658
4658
4659
4659
4659
4660
4660
4660
4661
4661
4663
4664
4664
4666
4666
4667
4668
4669
4669
4670
4670
4671
4671
4672
4672
4672
4675
4676
4677
4678
4679
4679
4680
4681
4681
4682
4682
4682
4683
4684
4684
4685
4687
4688
4688
4689
4689
4690
4690
4690
4692
4693
4695
4696
4697
4697
4697
4700
4701
4702
4702
4705
4706
4709
4711
4712
4712
4712
4713
4714
4715
4715
4716
4716
4717
4718
4719
4719
4719
4721
4722
4723
4724
4724
4725
4726
4726
4727
4732
4733
4733
4734
4735
4735
4735
4736
4736
4738
4739
4739
4740
4742
4743
4744
4746
4746
4747
4747
4748
4748
4749
4750
4751
4752
4752
4753
4755
4755
4756
4759
4760
4760
4761
4761
4762
4762
4762
4763
4765
4765
4766
4766
4767
4767
4767
4768
4768
4771
4771
4772
4773
4773
4774
4774
4775
4776
4776
4776
4777
4777
4779
4780
4780
4782
4782
4784
4784
4784
4785
4785
4786
4786
4787
4787
4788
4789
4789
4790
4790
4791
4791
4792
4793
4794
4794
4795
4795
4796
4797
4798
4798
4799
4799
4800
4801
4802
4805
4806
4806
4807
4807
4808
4808
4809
4810
4811
4813
4813
4814
4815
4815
4816
4816
4817
4818
4818
4819
4819
4820
4822
4822
4823
4823
4824
4825
4828
4828
4828
4829
4830
4831
4832
4834
4834
4835
4836
4836
4837
4838
4840
4841
4842
4842
4843
4844
4846
4846
4847
4847
4848
4848
4849
4850
4851
4852
4854
4855
4855
4856
4856
4857
4857
4857
4858
4858
4858
4859
4859
4860
4861
4862
4863
4863
4864
4865
4865
4867
4867
4868
4869
4869
4871
4871
4873
4874
4876
4877
4879
4881
4881
4882
4883
4883
4883
4884
4885
4885
4885
4886
4887
4887
4887
4888
4890
4890
4891
4891
4892
4892
4893
4895
4896
4896
4897
4897
4898
4898
4898
4900
4902
4902
4903
4903
4904
4905
4905
4905
4906
4907
4908
4909
4910
4910
4911
4912
4913
4914
4915
4915
4915
4916
4917
4917
4918
4918
4919
4921
4921
4922
4922
4925
4926
4927
4929
4930
4930
4931
4931
4932
4934
4935
4936
4936
4937
4937
4939
4939
4941
4941
4943
4944
4946
4946
4947
4947
4948
4950
4951
4951
4951
4952
4953
4955
4957
4958
4959
4960
4961
4962
4963
4964
4965
4966
4966
4967
4968
4968
4969
4969
4970
4971
4972
4973
4974
4974
4975
4976
4976
4977
4978
4980
4980
4981
4983
4983
4984
4985
4987
4988
4989
4989
4990
4991
4991
4992
4992
4992
4993
4995
4996
4996
4997
4998
4998
4999
5000
5001
5001
5001
5002
5003
5004
5004
5006
5009
5010
5011
5012
5013
5013
5014
5015
5016
5018
5018
5019
5020
5020
5021
5021
5022
5022
5022
5023
5024
5026
5026
5027
5028
5029
5030
5031
5032
5034
5035
5035
5037
5039
5039
5041
5042
5042
5045
5045
5046
5046
5047
5048
5048
5049
5049
5050
5051
5051
5052
5054
5055
5056
5056
5057
5058
5058
5060
5061
5062
5062
5062
5063
5064
5066
5067
5068
5068
5069
5070
5071
5071
5072
5073
5074
5075
5076
5077
5079
5080
5081
5084
5085
5087
5087
5087
5088
5088
5089
5089
5092
5093
5095
5095
5096
5098
5098
5099
5100
5100
5101
5103
5103
5104
5104
5104
5105
5107
5108
5108
5109
5110
5110
5112
5112
5115
5117
5118
5119
5120
5120
5120
5120
5121
5123
5124
5124
5125
5125
5127
5127
5128
5129
5129
5129
5130
5131
5132
5132
5133
5133
5134
5135
5136
5137
5137
5138
5139
5140
5140
5140
5141
5141
5142
5143
5145
5145
5145
5146
5146
5147
5149
5150
5153
5154
5157
5157
5161
5161
5162
5162
5164
5164
5165
5168
5168
5170
5171
5172
5173
5175
5176
5176
5177
5177
5178
5178
5179
5180
5182
5183
5187
5187
5188
5189
5189
5189
5190
5190
5193
5193
5195
5196
5197
5197
5198
5199
5199
5199
5200
5200
5201
5201
5201
5204
5205
5205
5206
5206
5206
5207
5207
5207
5209
5210
5211
5212
5213
5213
5213
5214
5214
5215
5216
5217
5217
5218
5218
5219
5220
5221
5222
5222
5223
5224
5224
5225
5226
5226
5228
5228
5229
5230
5231
5233
5234
5235
5235
5237
5238
5239
5241
5241
5243
5244
5244
5244
5245
5245
5246
5247
5247
5248
5248
5248
5251
5251
5252
5252
5253
5253
5254
5254
5255
5256
5256
5256
5257
5257
5258
5259
5260
5260
5261
5262
5263
5264
5265
5267
5268
5269
5270
5271
5273
5273
5274
5274
5277
5277
5277
5278
5279
5279
5280
5281
5281
5282
5282
5283
5283
5283
5284
5288
5290
5296
5297
5298
5301
5301
5301
5302
5302
5304
5305
5306
5307
5308
5309
5309
5311
5312
5312
5313
5313
5314
5316
5317
5318
5319
5319
5321
5321
5323
5323
5324
5325
5325
5326
5327
5328
5328
5329
5330
5330
5331
5331
5333
5333
5333
5334
5334
5334
5335
5335
5336
5338
5338
5338
5340
5340
5341
5342
5346
5346
5346
5347
5348
5349
5351
5352
5354
5354
5355
5357
5358
5359
5361
5361
5362
5363
5366
5366
5367
5368
5369
5370
5370
5371
5372
5373
5374
5374
5374
5376
5376
5379
5380
5381
5381
5383
5383
5385
5390
5391
5391
5392
5393
5393
5394
5394
5394
5395
5396
5397
5398
5398
5398
5398
5399
5401
5402
5403
5404
5404
5405
5405
5406
5406
5406
5407
5407
5408
5408
5408
5409
5409
5410
5410
5411
5411
5413
5413
5414
5414
5415
5417
5418
5420
5421
5422
5426
5426
5427
5427
5428
5434
5434
5436
5436
5437
5438
5439
5440
5441
5441
5442
5442
5443
5444
5444
5445
5445
5446
5446
5447
5448
5448
5449
5449
5449
5450
5450
5451
5452
5453
5455
5455
5456
5456
5456
5457
5458
5459
5460
5460
5460
5461
5461
5461
5462
5462
5463
5463
5464
5464
5467
5468
5468
5471
5471
5471
5472
5472
5475
5476
5476
5477
5478
5478
5479
5479
5480
5482
5483
5484
5485
5485
5486
5486
5488
5488
5488
5489
5489
5490
5491
5491
5495
5500
5502
5502
5503
5504
5504
5504
5506
5507
5510
5516
5518
5518
5519
5519
5521
5523
5523
5524
5525
5526
5527
5528
5528
5529
5530
5531
5531
5536
5537
5537
5539
5540
5541
5542
5542
5543
5543
5544
5545
5546
5547
5547
5548
5548
5549
5549
5550
5550
5551
5551
5552
5552
5553
5554
5554
5556
5557
5558
5559
5559
5560
5561
5561
5561
5562
5563
5563
5564
5565
5565
5566
5567
5568
5569
5570
5571
5571
5573
5573
5573
5574
5574
5575
5576
5577
5577
5578
5579
5580
5581
5582
5582
5583
5583
5584
5584
5585
5585
5587
5588
5589
5591
5591
5594
5595
5598
5599
5599
5600
5601
5601
5602
5602
5603
5603
5603
5604
5606
5606
5608
5608
5609
5611
5611
5612
5612
5613
5613
5615
5615
5616
5617
5617
5618
5618
5620
5620
5621
5621
5622
5623
5624
5627
5627
5627
5629
5629
5630
5631
5632
5632
5633
5634
5635
5636
5637
5637
5638
5639
5639
5640
5640
5643
5646
5646
5647
5648
5649
5650
5651
5651
5651
5652
5653
5653
5653
5654
5655
5656
5656
5657
5657
5658
5658
5659
5660
5661
5661
5662
5662
5664
5665
5665
5666
5667
5668
5668
5669
5670
5670
5671
5671
5673
5674
5674
5674
5675
5676
5677
5678
5680
5682
5682
5684
5685
5685
5687
5687
5689
5689
5690
5692
5694
5695
5695
5695
5696
5696
5697
5699
5700
5701
5703
5704
5704
5705
5706
5707
5708
5709
5712
5712
5713
5716
5716
5717
5717
5719
5720
5720
5723
5723
5723
5724
5726
5726
5727
5728
5728
5728
5728
5730
5730
5731
5732
5733
5736
5736
5738
5739
5739
5739
5740
5740
5741
5742
5743
5743
5743
5747
5747
5748
5751
5752
5753
5753
5753
5754
5757
5757
5758
5759
5759
5760
5764
5765
5766
5766
5767
5767
5768
5768
5769
5771
5771
5772
5774
5775
5776
5777
5779
5779
5779
5781
5782
5782
5784
5785
5785
5785
5786
5787
5788
5789
5789
5791
5793
5794
5794
5795
5795
5798
5798
5799
5800
5802
5803
5803
5805
5806
5808
5808
5809
5811
5811
5812
5813
5813
5813
5814
5814
5815
5817
5817
5818
5818
5818
5819
5819
5821
5821
5821
5823
5823
5825
5825
5826
5827
5827
5828
5830
5830
5832
5832
5834
5835
5835
5835
5836
5838
5838
5839
5839
5840
5841
5841
5845
5846
5847
5850
5851
5852
5853
5853
5854
5854
5855
5856
5860
5861
5862
5864
5864
5865
5865
5865
5868
5869
5870
5871
5871
5872
5872
5873
5874
5875
5875
5875
5878
5880
5880
5881
5882
5882
5883
5884
5884
5885
5886
5886
5886
5886
5887
5889
5889
5890
5891
5891
5893
5894
5895
5895
5895
5898
5899
5900
5901
5901
5904
5905
5905
5907
5908
5910
5912
5913
5914
5915
5915
5917
5919
5920
5920
5920
5921
5921
5924
5925
5926
5927
5927
5928
5932
5933
5934
5936
5938
5938
5939
5942
5943
5943
5944
5945
5946
5947
5949
5951
5952
5953
5955
5956
5956
5958
5959
5959
5960
5961
5961
5962
5962
5963
5963
5964
5967
5967
5969
5978
5979
5980
5980
5981
5982
5983
5984
5985
5986
5989
5989
5990
5991
5991
5991
5994
5994
5995
5995
5997
5997
5998
6000
6002
6002
6003
6004
6004
6005
6005
6006
6006
6007
6009
6009
6012
6013
6014
6014
6015
6019
6019
6019
6020
6021
6022
6022
6023
6026
6027
6028
6029
6030
6031
6032
6033
6034
6034
6036
6040
6040
6041
6042
6042
6044
6044
6045
6046
6047
6049
6050
6050
6052
6052
6053
6053
6054
6054
6054
6056
6056
6057
6058
6058
6061
6063
6065
6065
6067
6068
6069
6069
6071
6072
6072
6072
6074
6076
6076
6076
6078
6079
6080
6080
6081
6081
6083
6083
6083
6084
6085
6085
6086
6089
6092
6092
6093
6093
6094
6095
6096
6096
6097
6098
6098
6102
6102
6103
6103
6105
6105
6106
6111
6111
6112
6112
6112
6113
6114
6115
6117
6117
6118
6120
6121
6123
6123
6124
6126
6126
6129
6130
6131
6132
6134
6139
6140
6141
6142
6145
6146
6148
6148
6150
6150
6150
6152
6155
6160
6160
6160
6163
6167
6168
6168
6171
6172
6172
6173
6174
6176
6177
6179
6179
6180
6181
6182
6183
6185
6189
6189
6190
6191
6192
6194
6194
6195
6195
6198
6199
6201
6202
6204
6206
6207
6209
6210
6210
6213
6213
6214
6216
6218
6219
6219
6220
6227
6227
6228
6230
6232
6233
6236
6237
6238
6238
6240
6241
6242
6243
6245
6246
6246
6246
6247
6248
6251
6251
6252
6253
6254
6257
6258
6260
6260
6260
6261
6263
6268
6269
6269
6271
6272
6275
6275
6276
6277
6278
6279
6279
6280
6280
6281
6285
6285
6286
6287
6287
6288
6288
6289
6290
6292
6293
6293
6294
6294
6295
6298
6299
6299
6301
6303
6313
6315
6317
6318
6318
6322
6325
6326
6327
6327
6328
6330
6331
6333
6337
6337
6340
6340
6342
6343
6345
6346
6346
6349
6349
6350
6350
6350
6351
6352
6354
6356
6360
6363
6363
6364
6364
6365
6366
6368
6371
6371
6373
6374
6375
6375
6376
6379
6380
6383
6386
6386
6387
6387
6390
6393
6395
6395
6396
6401
6402
6403
6403
6403
6405
6409
6410
6412
6413
6414
6414
6416
6417
6418
6421
6423
6423
6425
6426
6427
6428
6429
6430
6430
6433
6434
6435
6437
6437
6438
6442
6444
6445
6446
6447
6448
6451
6454
6458
6460
6461
6462
6464
6467
6467
6468
6468
6469
6474
6475
6476
6476
6477
6478
6480
6481
6483
6484
6487
6488
6489
6491
6491
6494
6494
6496
6498
6498
6499
6501
6505
6507
6508
6515
6516
6518
6519
6519
6520
6520
6522
6523
6524
6525
6526
6527
6528
6531
6532
6534
6535
6536
6536
6537
6537
6539
6541
6542
6545
6545
6546
6547
6548
6549
6549
6549
6550
6551
6551
6551
6553
6554
6556
6559
6560
6561
6562
6563
6564
6565
6571
6571
6572
6573
6574
6575
6575
6578
6579
6581
6581
6582
6583
6584
6584
6584
6585
6589
6589
6592
6592
6594
6594
6597
6598
6605
6607
6608
6609
6610
6611
6611
6612
6614
6617
6617
6618
6619
6620
6622
6624
6626
6626
6627
6628
6631
6635
6637
6639
6640
6640
6641
6643
6645
6646
6646
6649
6653
6653
6654
6655
6656
6657
6659
6662
6663
6666
6667
6668
6669
6669
6671
6672
6673
6674
6674
6674
6675
6675
6676
6677
6678
6680
6686
6686
6687
6689
6690
6690
6691
6692
6696
6697
6697
6697
6697
6700
6701
6701
6701
6702
6703
6705
6709
6714
6716
6719
6723
6723
6725
6726
6727
6732
6732
6739
6740
6740
6744
6745
6746
6748
6750
6751
6751
6752
6754
6755
6755
6756
6761
6764
6766
6766
6767
6768
6770
6773
6773
6773
6775
6777
6777
6779
6781
6784
6784
6784
6786
6786
6788
6788
6790
6792
6793
6793
6794
6794
6795
6799
6799
6800
6804
6806
6807
6808
6814
6819
6820
6821
6822
6825
6826
6826
6827
6828
6828
6830
6830
6831
6831
6831
6836
6837
6837
6839
6839
6840
6841
6842
6842
6843
6843
6844
6847
6848
6850
6852
6854
6854
6856
6858
6862
6863
6865
6869
6870
6871
6871
6873
6877
6878
6883
6883
6884
6885
6885
6890
6891
6891
6895
6896
6896
6897
6898
6899
6901
6902
6907
6908
6909
6910
6911
6911
6913
6913
6915
6916
6917
6917
6918
6919
6921
6924
6925
6928
6933
6936
6936
6937
6940
6941
6942
6945
6946
6946
6953
6953
6953
6954
6955
6956
6957
6957
6958
6960
6962
6968
6970
6971
6979
6984
6987
6987
6989
6990
6992
6993
6993
6994
6996
6998
7006
7006
7010
7012
7014
7018
7019
7019
7020
7021
7022
7023
7024
7033
7033
7034
7035
7035
7037
7039
7041
7047
7047
7049
7051
7052
7052
7053
7053
7056
7060
7060
7062
7064
7066
7067
7071
7072
7072
7074
7075
7076
7077
7078
7083
7086
7087
7087
7090
7091
7092
7096
7098
7103
7104
7105
7109
7112
7113
7113
7115
7119
7122
7123
7124
7124
7126
7127
7128
7128
7131
7134
7137
7137
7137
7138
7140
7142
7146
7146
7149
7151
7152
7152
7152
7153
7153
7157
7158
7161
7163
7164
7164
7165
7166
7170
7173
7174
7177
7177
7178
7179
7179
7182
7182
7182
7185
7187
7187
7189
7191
7192
7193
7194
7197
7199
7200
7202
7203
7204
7205
7206
7206
7208
7213
7213
7215
7218
7220
7221
7222
7223
7224
7224
7227
7229
7231
7234
7235
7235
7235
7237
7240
7242
7242
7245
7247
7250
7253
7256
7257
7257
7258
7260
7261
7268
7275
7276
7277
7278
7282
7282
7289
7294
7296
7300
7304
7306
7307
7308
7309
7312
7312
7313
7313
7314
7315
7318
7319
7320
7322
7322
7324
7325
7327
7328
7329
7336
7336
7337
7338
7339
7343
7343
7344
7347
7348
7351
7351
7352
7353
7354
7354
7356
7356
7358
7359
7362
7364
7367
7377
7378
7379
7381
7381
7382
7384
7385
7387
7390
7396
7403
7404
7406
7412
7415
7415
7417
7419
7419
7423
7423
7424
7425
7427
7430
7430
7431
7432
7437
7437
7438
7438
7441
7442
7443
7445
7446
7449
7455
7456
7459
7460
7464
7465
7468
7470
7471
7473
7473
7474
7475
7478
7484
7485
7487
7489
7489
7490
7491
7497
7498
7499
7502
7505
7508
7512
7518
7526
7527
7531
7534
7545
7547
7552
7553
7556
7556
7561
7564
7564
7565
7566
7571
7574
7577
7580
7581
7585
7588
7589
7592
7598
7602
7606
7606
7613
7614
7617
7617
7619
7620
7625
7626
7627
7629
7635
7638
7643
7644
7651
7651
7654
7654
7656
7656
7657
7659
7659
7660
7661
7661
7668
7680
7681
7681
7690
7695
7695
7696
7698
7699
7699
7700
7703
7703
7705
7709
7715
7717
7718
7719
7721
7728
7733
7741
7741
7746
7751
7754
7754
7757
7759
7776
7780
7780
7781
7783
7790
7790
7791
7796
7808
7812
7822
7826
7827
7827
7835
7836
7853
7861
7865
7869
7877
7877
7882
7886
7892
7895
7902
7902
7904
7905
7910
7911
7917
7935
5974
7447
2721
7213
6488
7192
2728
6209
3087
1624
294
234
5679
5291
3718
2516
3983
7448
7365
2505
6490
5572
1165
1197
23
1855
2526
4724
5676
7299
7297
5910
4037
6217
5672
7745
7746
1098
6738
4793
5884
5973
6508
6492
1129
1689
4027
358
5970
3
1446
1436
7184
5419
5996
5597
1006
4205
797
7599
7400
1926
559
2404
722
2969
1870
6388
4247
2349
3683
6048
6258
616
1483
5555
7064
4001
6230
7544
1322
5703
2535
7720
5749
7005
5557
2951
6804
1578
3687
5931
6038
3583
6557
6533
7609
7466
4910
0
1
7184
784
5
2944
5699
6957
5115
467
4676
2221
1802
6640
4812
3478
6519
2986
4608
3241
111
1334
1070
4474
25
4290
7717
7307
5667
7520
3433
1663
1345
7598
1809
5306
814
542
5961
7767
5681
4916
7398
5634
5529
3818
5116
3087
369
4967
5727
1167
1183
3296
3069
4562
2085
7221
7067
6990
5434
7865
5442
250
3332
2259
280
7900
5247
4898
6634
1331
4788
6087
1053
5412
860
508
22
2712
99
6185
76
6647
3485
4214
2529
4498
5068
7409
1179
3297
6301
7629
5860
1749
5200
5143
2395
153
5177
4082
516
2207
2640
6
5169
3952
3545
3457
2779
1425
3486
4430
6822
315
5850
7815
7729
7902
2255
4446
6796
4493
7052
1881
773
2638
895
4850
1210
4757
5097
965
365
6016
859
4820
4330
1559
1875
4993
4816
3209
1298
221
7256
1743
4854
1186
3967
4293
3000
7017
5783
4359
5279
7574
6585
2139
2444
6482
205
3078
5291
6597
3675
3726
6722
7863
4630
5083
787
853
47
7653
2336
158
6576
1930
6758
778
3383
7302
6547
2550
4679
2363
363
3172
3983
6161
2220
2747
6192
7446
3117
44
4776
52
4157
3302
616
3280
5764
7877
5765
4454
1050
5780
6567
3389
1926
5385
5220
5426
5204
5504
7303
5564
5065
1275
7448
3418
5046
5606
5684
3742
7284
2369
2376
979
1314
880
4671
2159
252
568
3931
6296
4826
1368
6950
5951
6568
7790
6142
1256
2899
7688
5745
1069
5896
3845
5050
7915
7672
7570
4021
1731
5045
4468
3766
4640
1860
5978
2404
1451
1704
1537
7393
6381
2530
4948
3863
415
6177
2459
4721
5395
3991
797
1127
7220
3762
7925
2446
2228
971
1824
446
3346
6409
1594
3031
3848
6485
816
2457
1480
4444
2833
3651
6863
845
5857
2132
329
8
9
10
5122
14
15
16
18
24
28
29
32
34
56
59
62
66
67
68
69
70
72
73
75
81
82
83
85
86
87
88
90
96
97
105
106
109
110
112
116
120
122
129
131
135
136
138
144
146
147
148
149
154
157
159
163
164
167
172
177
178
184
186
188
190
191
196
200
201
202
203
207
208
209
211
213
215
216
225
231
232
233
234
236
237
238
242
246
247
248
254
259
260
263
268
272
273
276
284
285
286
289
293
294
295
299
300
302
303
309
312
313
314
316
318
322
323
332
336
337
340
345
346
347
353
355
362
364
367
371
376
378
383
384
387
388
389
397
399
402
408
412
414
416
417
426
4153
430
433
434
436
437
441
445
449
457
458
459
460
461
464
465
466
468
469
471
474
475
477
483
485
486
488
489
496
505
510
511
512
518
520
521
522
524
525
527
531
533
540
549
552
554
555
556
558
559
563
566
567
569
572
573
575
580
581
583
590
593
595
602
603
608
612
614
620
622
623
625
630
631
635
636
638
639
642
646
650
652
654
661
667
668
673
674
676
677
678
679
682
684
687
689
691
695
696
698
702
705
709
710
712
721
722
724
732
735
737
744
745
749
751
752
755
760
761
767
769
771
772
775
776
785
790
791
796
798
799
802
804
805
815
819
820
823
824
830
831
836
840
843
855
857
864
866
867
871
872
876
879
883
884
888
889
891
896
3361
898
899
901
903
904
905
906
907
908
914
916
917
919
920
921
922
928
930
936
937
938
940
942
943
946
947
948
949
951
954
961
966
968
974
976
977
978
980
981
983
987
989
992
994
996
997
999
1000
1001
1004
1005
1006
1007
1012
1022
1026
1029
1030
1031
1032
1035
1039
1040
1042
1046
1052
1057
1059
1064
1065
1068
1071
1072
1083
1085
1086
1088
1089
1091
1092
1094
1096
1102
1104
1109
1112
1118
1122
1125
1128
1130
1133
1141
1143
1144
1148
1153
1154
1157
1162
1163
1164
1165
1171
1174
1176
1178
1181
1182
1184
1189
1191
1192
1196
1202
1203
1206
1207
1209
1211
1224
1225
1226
1230
1233
1234
1236
1238
1239
1243
1246
1248
1251
1259
1260
1264
1272
1273
1276
1280
1284
1285
1286
1290
1294
1296
1299
1303
1305
1308
1309
1310
1320
1323
1324
1329
1332
1333
1335
1336
1337
1343
4964
1346
1351
1352
1354
1359
1361
1362
1366
1367
1375
1377
1379
1380
1382
1384
1396
1397
1400
1403
1405
1410
1417
1420
1426
1427
1429
1430
1431
1433
1435
1436
1437
1444
1446
1449
2239
1455
1457
1458
1459
1460
1469
1471
1472
1474
1475
1478
1479
1482
1483
1485
1488
1495
1498
1499
1501
1505
1506
1507
1508
1509
1510
1511
1512
1516
1517
1525
1526
1531
1533
1535
1544
1549
1550
1551
1553
1558
1562
1564
1568
1573
1574
1581
1585
1586
1588
1593
1597
1598
1599
1600
1602
1604
1608
1609
1611
1612
1614
1618
1620
1622
1624
1626
1627
1629
1630
1631
1632
1635
1646
1651
1655
1657
1658
1660
1661
1664
1670
1671
1677
1685
1687
1688
1693
1696
1700
3965
1713
1717
1718
1719
1727
1733
1734
1735
1740
1741
1742
1745
1747
1748
1751
1754
1755
1764
1767
1776
1777
1778
1782
1784
1788
1791
1792
1796
1798
1799
1801
1803
1804
1805
1814
1817
1819
1820
1821
1823
1831
1844
1848
1850
1854
1855
1856
1858
1861
1863
1864
1865
1869
1870
1880
1883
1885
1887
1890
1895
1896
1897
1898
1910
1912
1918
1920
1925
1927
1929
1931
1935
1944
1945
5762
1950
1951
1952
1955
1956
2191
1963
1966
1969
1972
1975
1976
1979
1994
1996
2003
2004
2013
2014
2016
2020
2022
2024
2026
2027
2028
2031
2032
2033
2035
2037
2044
2049
2052
2055
2056
2059
2064
2066
2068
2071
2077
2080
2081
2083
2086
2089
2090
2094
2096
2097
2102
2104
2105
2110
2113
2114
2117
2123
2127
2128
2135
2137
2138
2145
2146
2154
2160
2161
2162
2163
2164
2165
2169
2175
2180
2182
2185
2189
2195
2197
2198
2200
2205
2206
2208
2209
2211
2213
2215
2216
2218
2231
2236
2237
2240
2242
2245
2246
2247
2249
2252
2253
2261
2262
2263
2265
2266
2270
2272
2274
2275
2279
2282
2284
4605
2289
2290
2292
2298
2300
2305
2308
2316
2317
2318
2320
2321
2326
2328
2331
2333
2348
2349
2352
2362
2364
2370
2372
2374
2378
2379
2380
2383
2384
2392
2396
2398
2402
2410
2412
2414
2417
2419
2420
2422
2427
2429
2430
2433
2436
2442
2443
2452
2456
2460
2465
2466
2473
2477
2481
2485
2486
2488
2505
2508
2510
2511
2513
2516
2518
2519
2521
2526
2527
2545
2547
2548
2553
2557
5024
2559
2565
2569
2571
2574
2576
2578
2580
2582
2583
2587
2592
2595
2597
2599
2601
2602
2604
2616
2617
2619
2631
2646
2648
2649
2650
2657
2658
2659
2661
2671
2674
2676
2678
2681
2685
2689
2691
2694
2698
2699
2701
2705
2707
2713
2715
2717
2721
2724
2725
2727
2728
2730
2734
2744
2750
2751
2753
2755
2759
2763
2764
2765
2767
2776
2777
2786
2787
2791
2802
2804
2805
2806
2807
2810
2811
2813
2818
2819
2820
2823
2828
2831
2837
2839
2842
2846
2850
2852
2854
2855
2857
2858
2859
7752
2864
2865
2867
2868
3441
2869
2870
2871
2874
2878
2885
2886
2887
2890
2894
2895
2900
2902
2905
2907
2910
2914
2920
2923
2930
2931
2932
2933
2935
2938
2940
2943
2946
2948
2949
2954
2959
2960
2961
2962
2965
2969
2972
2974
2976
2977
2978
2981
2984
2991
3002
3003
7551
3007
3011
3013
3016
3032
3037
3038
3039
3042
3043
3045
3049
3057
3060
3062
3064
3070
3073
3074
3077
3084
3086
3088
3089
3099
3103
3104
3107
3109
3113
3115
3120
3124
3132
3133
3134
3135
3137
3138
3145
3147
3149
3150
3156
3160
3171
3180
3188
3193
3195
3198
3199
3201
3203
3204
3205
3208
3213
3217
6604
3226
3230
3231
3232
3236
3246
3249
3254
3259
3262
3267
3269
3273
3274
3276
3277
3287
3291
3294
3295
3298
3299
3300
3307
3312
3313
3323
3325
3331
3334
3337
3338
3339
3341
3344
3357
3359
3362
3365
3369
3370
3371
3373
3374
3375
3378
3379
3381
3382
3385
3388
3390
3393
3395
3396
3397
3398
3404
3415
3419
3421
3423
3424
3425
3427
3428
3440
3445
3452
3453
3455
3458
7481
3468
3470
3473
3480
6219
3499
3500
3508
3509
3510
3512
3517
3518
3524
3526
3527
3528
3535
3536
3537
3538
3540
3544
3546
3548
3551
3557
3559
3564
3569
3571
3572
3575
3576
3577
3578
3579
3582
3586
3587
3591
3595
3597
3600
3609
3610
3611
3613
3615
3618
3621
3623
3634
3640
3642
3645
3646
3647
3649
3650
3653
3659
3660
3665
3666
3667
3668
3670
3673
3674
3677
3680
3681
3682
3683
3689
3698
3700
3703
3707
3708
3709
3718
3720
3724
3732
3735
3737
3739
3744
3745
3749
3757
3758
3773
3775
3781
3782
3787
3788
3791
3796
3801
3803
3807
3811
3815
3823
3824
3825
3827
3831
3832
3835
3836
3837
3841
3843
3846
3849
3852
3855
3857
3875
3880
3883
3889
3890
3892
3895
3898
3905
3908
3910
3912
3916
3920
3922
3924
3925
3927
3928
3929
3932
3934
3943
3944
3947
3950
3951
3958
3968
3969
3970
3974
3975
3976
3977
3988
3989
3995
4688
4003
4007
4009
4017
4018
4022
4023
4025
4031
4032
4035
4038
4049
4051
4652
4054
4055
4058
4060
4061
4062
4065
4068
4071
4074
4080
4081
4084
4085
4086
4089
4090
4094
4100
5003
4107
4110
4113
4124
4125
4127
4129
4133
4134
4139
4143
4144
4148
4151
4155
4156
4158
4159
4161
4164
4166
4167
4172
4175
4176
4177
4178
4181
4183
4189
4190
4191
4196
4202
4203
4205
4207
4209
4211
4212
4213
4218
4221
4224
4225
4227
4228
4232
4233
4243
4246
4247
4248
4250
4251
4253
4258
4259
4264
4268
4270
4271
4276
4279
4281
4283
4286
4299
4304
4306
4307
4308
4313
4316
4317
4320
4321
4324
4328
4332
4334
4336
4338
4342
4344
4346
4347
4349
4351
4352
4353
4357
4365
4366
4369
4371
4372
4373
4382
4389
4390
4392
4394
4399
4407
4409
4419
4438
4447
4449
4453
4458
4460
4463
4464
4466
4471
4472
4478
4481
4482
4483
4485
4491
4492
4494
6614
4507
4509
4512
4515
4516
4519
4522
4526
4527
4528
4531
4533
4534
4537
4539
4541
4543
4544
4554
4561
4564
4565
4567
4568
4569
4579
4581
4584
4585
4587
4593
4595
4596
4598
4601
4602
4607
4609
4610
4611
4612
4613
4619
4620
4622
4624
4626
4627
4628
4629
4632
4635
4636
4637
4642
4655
4656
4657
4658
6090
4663
4665
4666
4668
4669
4670
4672
4673
4674
4675
4678
4680
4687
4693
4703
4704
4709
4717
4718
4720
4722
4723
4726
4729
4732
4734
4735
4737
4738
4739
4740
4741
4743
4752
4754
4756
4764
4766
4769
4771
4774
4775
4779
4780
4781
4784
4785
4787
4792
4797
4800
4801
4802
4805
4814
4815
4821
4822
4827
4831
4833
4836
4838
4839
4840
4841
4842
4844
4849
4853
4860
4865
4870
4872
4873
4876
4878
4889
4893
4902
4904
4905
4906
4908
4914
4918
4919
4922
4924
4925
4929
4930
4931
4932
4935
4936
4938
4939
4940
4943
4945
4946
4950
4951
4952
4956
4957
4963
4972
4978
4979
4983
4984
4987
4991
4994
5008
5010
5012
5015
5017
5025
5026
5027
5029
5035
5038
5051
5054
5055
5059
5060
5064
5073
5078
5081
5082
5090
5101
5104
5106
5107
5110
5114
5123
5125
5126
5139
5141
5148
5150
5154
5155
5156
5159
5162
5165
5170
5171
5174
5175
5176
5181
5183
5186
5188
5189
5191
5192
5196
5197
5202
5205
5207
5208
5210
5213
5214
5215
5222
5223
5224
5226
5229
5231
5234
5236
5238
5239
5241
5242
5243
5246
5248
5252
5256
5259
5262
5264
5268
5278
5282
5283
5287
5288
5292
5294
5296
5297
5301
5303
5305
5310
5311
5315
5322
5324
5325
5327
5330
5332
5335
5338
5339
5340
5342
5343
5344
5349
5350
5351
5352
5357
5359
5361
5363
5364
5367
5372
5378
5379
5381
5382
5384
5387
5388
5389
5390
5399
5401
5405
5406
5407
5411
5416
5417
5419
5423
5425
5427
5429
5431
5432
5433
5435
5438
5440
5441
5443
5446
5451
5452
5454
5459
5462
5464
5465
5466
5468
5471
5475
5476
5477
5481
5483
5486
5488
5491
5492
5496
5500
5507
5508
5509
5516
5519
5523
5524
5525
5526
5527
5528
5530
5532
5534
5535
5536
5543
5553
5555
5559
5562
5566
5569
5570
5572
5579
6209
5590
5592
5594
5597
5603
5607
5771
5612
5615
5622
5624
5625
5629
5638
5641
5644
5648
5649
5650
5652
5655
5656
5662
5663
5665
5679
5680
5685
5687
5689
5691
5692
5696
5697
5702
5705
5708
5710
5713
5715
5719
5721
5722
5725
5729
5732
5737
5738
5744
5748
5751
5754
5759
5760
5761
5767
5774
5782
5784
5786
5789
5790
5792
5794
5801
5806
5808
5809
5810
5817
5818
5820
5821
5822
5826
5833
5844
5862
5867
5868
5869
5870
5871
5880
5883
5885
5887
5890
5892
5894
5898
5901
5902
5904
5905
5912
5913
5916
5922
5926
5927
5933
5935
5936
5939
5950
5960
5965
5967
5976
5979
5982
5983
5988
5994
5996
5998
6000
6001
6004
6008
6015
6017
6032
6033
6040
6041
6045
6048
6049
6050
6052
6053
6055
6061
6062
6067
6068
6075
6078
6081
6082
6086
6088
6091
6092
6098
6099
6101
6107
6108
6121
6128
6129
6134
6139
6140
6141
6146
6149
6154
6158
6159
6164
6173
6175
6179
6194
6199
6200
6201
6204
6205
6206
6211
6212
6213
6221
6222
6239
6240
6241
6251
6256
6258
6265
6267
6272
6275
6278
6284
6287
6300
6303
6306
6307
6308
6309
6312
6313
6321
6327
6328
6329
6331
6336
6339
6340
6342
6349
6350
6352
6358
6360
6363
6376
6380
6383
6384
6388
6391
6393
6394
6395
6399
6401
6405
6406
6407
6408
6411
6412
6415
6416
6421
6423
6425
6429
6434
6440
6442
6447
6448
6449
6457
6459
6465
6466
6469
6478
6484
6487
6490
6493
6503
6509
6512
6513
6514
6517
6520
6521
6522
6523
6524
6525
6529
6530
6535
6539
6550
6552
6555
6556
6558
6563
6572
6579
6580
6586
6596
6601
6602
6606
6619
6620
6623
6625
6626
6627
6628
6632
6635
6636
6637
6643
6645
6650
6661
6668
6671
6673
6680
6688
6690
6695
6696
6700
6702
6707
6713
6714
6716
6721
6727
6729
6730
6735
6737
6742
6747
6760
6763
6766
6768
6769
6771
6772
6774
6782
6784
6789
6799
6800
6802
6809
6811
6814
6818
6821
6823
6825
6826
6828
6829
6836
6837
6839
6840
6841
6846
6847
6855
6856
6857
6858
6860
6864
6867
6870
6874
6875
6878
6883
6886
6887
6891
6895
6903
6904
6909
6910
6912
6913
6920
6921
6925
6928
6929
6930
6934
6939
6943
6947
6949
6951
6952
6958
6961
6963
6970
6981
6982
7664
6994
6998
7002
7003
7004
7007
7010
7018
7019
7024
7027
7035
7038
7039
7040
7042
7045
7047
7049
7057
7061
7063
7064
7065
7078
7082
7085
7086
7087
7089
7090
7092
7097
7104
7105
7115
7120
7121
7124
7126
7127
7129
7135
7141
7147
7155
7159
7161
7168
7169
7170
7174
7176
7178
7180
7189
7192
7193
7195
7200
7209
7211
7228
7230
7234
7237
7239
7240
7242
7246
7249
7254
7260
7261
7268
7271
7272
7273
7280
7286
7288
7290
7294
7296
7298
7308
7310
7311
7314
7316
7317
7318
7320
7323
7326
7336
7338
7340
7344
7350
7353
7354
7359
7360
7361
7362
7364
7365
7367
7373
7381
7385
7386
7387
7396
7397
7400
7404
7405
7411
7413
7416
7417
7421
7424
7425
7426
7427
7432
7433
7434
7436
7441
7443
7445
7447
7451
7452
7455
7458
7460
7464
7471
7472
7476
7480
7484
7485
7494
7500
7504
7507
7527
7528
7534
7547
7548
7550
7554
7557
7560
7562
7567
7568
7573
7575
7579
7580
7584
7590
7591
7595
7599
7600
7607
7608
7610
7615
7618
7620
7622
7623
7628
7630
7631
7633
7637
7641
7642
7643
7650
7652
7657
7663
7668
7679
7684
7685
7687
7689
7691
7692
7693
7694
7696
7697
7698
7701
7708
7709
7712
7714
7725
7728
7732
7734
7738
7743
7750
7755
7756
7758
7763
7765
7766
7770
7771
7779
7780
7798
7803
7810
7811
7818
7820
7821
7826
7828
7833
7838
7839
7841
7848
7850
7855
7856
7858
7859
7862
7864
7868
7874
7876
7879
7882
7883
7891
7898
7904
7905
7912
7914
7916
7919
7921
7922
7927
7931
7932
7934
7935
7936
758
91
5095
4571
1786
6629
1415
4550
4518
380
1020
7506
2714
5132
4206
1826
6651
1300
3189
5366
3731
275
6988
3497
1414
1067
3437
6630
6071
7073
3114
4
3405
692
4545
4335
5020
4559
1959
4965
7144
4267
4625
2286
1081
4173
6366
140
5858
7292
3870
7095
7376
7297
3377
5915
6330
6919
2476
4749
7094
3261
3622
258
13
632
4874
7492
180
1674
3309
7207
277
7325
4194
894
5855
6103
1878
7594
2445
7682
7722
6794
4406
1524
2780
2153
6598
2130
5645
1388
1161
3247
733
6450
2172
4540
1818
3186
3029
2517
3158
2663
210
2227
5355
6893
6976
874
1047
78
6685
2118
2544
2919
3885
6608
117
2462
1641
6386
551
7162
2847
2143
4219
7151
3130
6659
5805
4725
3118
1350
1760
1857
166
6557
5832
4083
3052
3225
3777
2987
4923
2499
5004
1100
6245
1421
1774
3222
6916
6972
3953
536
1659
7212
7098
5230
4192
3479
5203
393
7917
4476
545
1496
4937
1954
7799
2704
1649
3822
6038
7131
2845
2716
6960
4297
548
4315
5993
4331
2201
2437
6779
3318
701
4048
1412
7058
3466
1570
1592
2957
3933
5987
4700
1822
7394
1136
6063
5829
768
4027
1301
3907
1985
6436
4345
6364
3503
6057
6869
2893
4174
4405
703
6711
4846
1900
7793
5835
2193
2533
2177
685
2994
1447
3175
770
3596
1707
5676
2038
5598
5931
7586
985
4926
3464
6024
2324
3034
6420
2998
7834
1137
5053
2495
4647
7801
3168
4477
7266
7438
2365
5990
5803
2431
6956
331
2502
6851
2067
4147
6043
3971
3531
1330
6945
46
6036
6297
3795
1845
731
7474
7071
2341
5966
3182
5267
1145
6398
1761
5773
1576
6655
7907
2156
3116
6144
5668
5277
6554
1933
1859
4434
789
2937
5513
195
5099
358
2373
6400
1739
4803
754
7068
5574
7896
33
5586
1173
1565
3048
4819
4112
3021
2677
3178
2672
5740
1974
7794
2556
1199
2116
4064
681
1249
1255
7720
5049
5749
1416
950
1198
1254
7543
1241
1138
1625
6028
3245
2666
2345
2214
6463
6353
3520
6215
4198
1054
2126
2150
6253
3878
3403
2664
2798
3869
3315
6433
1708
3710
2079
6217
7334
1665
6118
1962
6672
7564
3828
2624
6230
523
7764
3985
4126
7786
4309
2568
4818
4677
5992
2448
932
5094
5900
1036
1839
7526
7224
7723
7111
2825
3840
3283
3410
645
2690
5838
4360
6249
351
4706
2844
4975
2723
7609
2346
2283
1998
2600
6009
401
7814
1812
3941
5845
607
3542
7225
2561
6237
1215
3179
373
4897
6510
6573
6820
7341
4911
42
1055
2301
3669
2590
3446
7715
3588
1188
5796
1837
7285
1132
1960
1961
5647
3900
1014
7479
6780
4686
5842
2268
2958
1763
3110
6320
5956
6132
7013
4439
7157
7473
6475
4015
2463
7521
4643
1879
5589
2835
3607
2793
6020
2608
3549
5940
1991
565
3347
1491
6220
2778
6323
6615
2688
6902
613
3081
5133
4002
5743
3986
644
3014
2773
1080
6648
5498
3605
4934
7538
1603
425
7910
5830
1714
4123
1428
3861
2669
6326
7352
2788
4141
6781
3122
7869
3012
4154
4582
3352
6197
6678
2796
3079
5903
431
1575
3155
1319
3340
5863
4450
3376
4008
6371
7118
3768
4340
3566
6738
398
4824
4397
547
3224
720
2824
183
6593
7539
6906
1075
2741
4733
1689
2891
1997
4600
4549
6571
7309
6798
5944
4617
1185
7676
5061
1723
3686
6511
7444
3728
4517
713
4179
2144
3654
151
3978
1800
125
3881
5910
4053
5333
6641
3467
3143
1518
5375
7546
2057
17
4302
5217
12
307
490
1079
5494
7830
3258
6168
2061
2304
6624
4553
877
3901
4020
7706
3764
3808
6348
5546
7263
6654
6720
4953
1402
3293
2775
3255
956
7204
2528
6439
1833
5472
1304
6787
1262
6369
1561
2411
5943
4116
5274
6871
4033
3469
5921
4098
3738
562
5048
5505
5033
3082
4118
2019
6852
487
6896
5945
7510
7518
7236
7847
2603
6467
4140
1666
4790
1464
4470
6259
7711
6607
4185
452
5077
3140
5414
821
5889
7890
3541
5232
4989
7493
6712
4222
5602
7099
6190
1886
6734
970
3729
3348
5109
2196
1730
3349
6980
7561
7651
5284
235
2679
3554
3271
2577
4358
2634
6477
2925
4322
4395
2797
27
3552
2179
3111
7113
1862
4013
6018
4006
3648
4103
1523
2483
4026
3402
3407
1390
7737
3252
2803
3514
664
5479
444
7137
4829
3994
3798
1916
2882
7043
6762
3716
4502
1027
6471
1008
1217
7406
4847
4755
3278
6933
3223
1454
435
5266
5658
4294
5917
3270
7215
4707
2498
7569
756
6944
4037
220
4459
6843
3183
1074
3200
6271
4135
1024
7197
6224
6877
4848
1978
3918
2784
4646
4442
6359
1940
6276
2204
4326
6029
6564
2303
5040
2585
5811
2800
7009
1728
587
6803
2051
4240
5272
5117
3826
1672
6414
7096
589
1117
3937
6172
6536
4832
3850
6138
6757
1905
4016
256
3530
716
7604
1453
7419
6740
5973
5591
2425
5304
4374
793
6991
7887
406
7412
6565
4329
561
656
454
3234
2447
4985
918
3481
6938
6021
395
6502
2241
89
4659
219
126
6289
7602
1077
7044
3687
6003
1567
7849
6656
2628
7860
5071
5163
7634
4142
1295
6422
6783
4603
1322
6479
3697
4280
6166
5552
4867
6165
5693
55
5281
7832
6876
4942
2514
4508
6687
7214
7671
1028
2440
2232
1129
538
6662
2989
2606
574
281
7456
3127
1542
7522
7072
2278
5798
7454
6816
7347
7673
7187
3981
647
991
2564
7384
5802
6171
7496
1113
6314
6578
261
7509
5831
5002
6483
6316
7707
851
1840
5752
5250
5300
5584
1058
649
1076
4138
1566
2928
7270
6588
2018
887
5897
6481
152
2225
4475
265
5878
2809
2973
1349
3638
878
7408
3813
4272
7819
3148
6131
4954
7589
6066
3496
2285
537
7565
4102
7335
4363
6599
870
7117
7140
4431
4044
4292
3025
5932
3216
6741
3894
6182
2149
1698
4384
2997
3678
3866
2011
2484
5402
7026
7015
704
6263
2783
3949
7450
2904
381
4180
3363
3717
5360
1013
71
6633
3805
6396
5506
6343
3085
2314
4810
5664
6500
2951
764
7477
7647
604
6574
6657
7005
5666
7343
3521
224
683
6025
344
4303
1187
2883
3765
6801
1098
2307
597
5314
5750
3260
7283
7175
3102
5070
7102
3871
4907
2106
5678
6443
3641
7391
1274
1235
7378
1245
5037
6901
4440
1757
1293
5257
143
3628
2552
6853
3525
1124
5673
5893
2099
7918
2834
6262
7486
7100
51
5424
882
3248
6122
3506
2358
3913
3141
1606
3215
7388
4379
6736
931
4421
5653
1381
3789
7511
5522
4667
1948
5636
3272
4530
6281
296
627
5237
6286
2814
4809
582
4291
478
7190
6508
3539
5074
2107
1652
929
3584
6646
633
1907
7179
5557
4683
249
3095
4197
7892
4997
7524
5403
842
1557
5997
3196
5456
462
7772
2366
4959
2368
7888
2332
4220
5609
5608
1279
5254
809
1756
3856
4050
7372
1373
3123
169
4990
4852
2996
6203
7514
6792
2152
328
5358
1049
718
1222
6235
837
7735
2888
4114
7358
1316
6460
2407
5918
2076
5962
4078
963
5930
3243
350
1348
3830
1694
5626
7136
1891
5864
3909
1892
3583
5348
7420
6918
723
4072
6931
7846
1095
3358
2881
2192
1849
579
5544
7525
1780
3487
3589
142
6114
2729
6056
2629
6332
6971
4501
7640
5823
6533
6591
7537
2119
141
7636
2387
3047
5958
4132
5795
7703
4696
5846
6516
3797
4204
2522
2566
5621
7508
6691
5383
7243
4376
7301
4149
2884
1172
7835
1204
3041
4855
715
2008
1987
1838
326
2999
2639
3416
934
1914
4958
5022
3364
5781
5949
5410
7075
2046
2896
7678
5630
7277
3734
2912
7333
1989
1680
1355
7257
3879
5758
1578
4576
2405
2929
6708
5981
1982
5703
2612
5286
7840
1213
3635
6133
6531
7349
7644
747
6355
7656
7596
7103
2389
550
6051
3351
4806
7549
2535
5836
2740
7267
6494
1419
6070
3275
2088
7605
1462
1078
3847
1943
21
3701
7603
955
4289
2388
2594
3705
6728
5408
7571
1383
1621
4505
4834
5323
2652
1548
6207
7374
6819
2982
298
4881
2700
6264
6454
7206
4402
6160
822
420
6862
4692
6105
7532
4761
1175
5316
4511
2322
6682
3386
7845
4894
3919
6890
1372
6679
1038
4748
5575
3574
6566
4639
7588
7677
711
6357
2353
5134
5396
5618
1715
1941
6152
700
6170
1311
6611
3513
494
743
5963
7299
6155
5013
7164
2115
4355
7499
45
442
4413
6084
1667
6176
4998
1393
5755
3624
697
780
2306
6117
7704
7463
6187
4428
958
1019
7495
5884
1595
1986
2988
3068
6427
5578
6288
746
828
2702
3119
835
100
4260
7933
2041
6293
7807
4535
6125
5218
6922
3151
2785
7515
3040
4433
6507
6881
1706
7395
6115
4641
4109
1073
2030
6315
7774
6505
7754
7553
1307
7029
6498
1407
4208
3550
839
5770
7022
5975
2598
848
4835
4913
1208
2515
6181
4456
3903
3136
6047
5707
1353
5772
5365
1736
4845
3594
5731
657
3219
4887
1120
1147
2435
1973
1269
375
3097
4256
2084
7233
6404
50
6011
3009
4988
1231
2939
1313
7513
5540
736
728
4552
534
6445
1115
7718
850
5787
7295
4730
519
5105
1615
7255
473
7025
4305
4052
4101
1513
4411
492
973
3210
7659
320
2860
3784
5852
1724
1374
7632
6111
621
779
6497
5972
5474
6223
2540
290
2297
7844
5849
6402
2922
6848
4414
7145
3692
4488
6060
7028
2748
4108
4499
3450
1589
7401
4750
6304
1697
6226
6545
3303
852
7134
5345
4490
1992
7053
440
515
476
4381
7059
3960
637
2992
2480
257
6119
2458
3308
7727
1678
160
2993
5146
4105
4825
2567
6135
5851
513
3945
3617
5138
2769
706
6120
6378
3627
5193
1409
4856
3459
1988
5044
6995
7804
2722
794
1216
1692
324
6504
4791
2990
2354
7322
514
5873
6345
2455
4886
7645
5021
5839
7093
6761
1957
6996
5172
2520
3056
1640
6225
3477
782
5128
3181
123
7482
1866
6370
3187
6600
2731
7210
7116
6188
3460
4077
3211
2043
5726
3429
6726
4728
7776
7748
6587
4862
7741
6268
5317
4648
6012
2968
5168
3906
4599
1011
2754
6280
7700
2012
3865
6743
4859
7331
2194
1142
6698
4424
7001
7143
1579
4088
2347
3489
3327
3476
2781
3759
1376
5042
4681
6889
748
3940
570
270
6975
2136
6085
6703
1503
5164
5079
7253
5711
2040
227
108
1691
5642
694
3484
3493
7183
6392
3664
57
1422
660
6562
2830
3006
6109
3859
7380
392
759
910
3522
1317
6967
4884
3317
3106
2184
1358
7875
913
6234
3304
2739
5672
3018
3244
341
4420
3776
5244
95
6603
3997
3505
1263
4130
5233
5080
6966
2335
4765
1160
5271
6058
134
6464
1540
6492
5447
282
6030
3713
4001
6486
7544
3372
7146
6335
6905
253
1605
2148
3474
3449
7705
5009
279
470
2911
7913
6534
2006
4092
3625
6319
37
7749
2641
7036
553
7461
5776
5444
2581
6746
5439
7185
1937
3959
7327
5086
4325
5058
5583
5908
1177
6693
7558
5455
7281
2230
3492
6461
3877
4823
3694
1440
5567
5515
7223
5185
7468
6248
4043
5747
571
4457
2836
5371
3963
5289
5493
4570
5985
3637
4300
7153
7889
3063
1775
585
4903
3128
5160
6244
6147
7661
6665
7795
4745
175
6804
2563
5877
2615
5718
7342
564
6489
5628
7321
5919
5255
48
5328
5593
4432
3409
6385
6431
1283
5778
4995
6824
4813
432
2967
173
5253
7163
2551
4238
7768
171
2790
6544
925
2849
6541
6096
2340
6143
2271
7885
3414
6900
1882
4056
2768
6186
1487
6077
7787
2467
2472
3475
6778
2543
7435
7627
6583
6709
927
2687
2449
4837
2125
4888
1347
3567
6232
5565
484
5938
107
4573
3563
3368
1773
6080
6476
297
3227
7824
4005
1901
2737
5089
3384
6302
6833
4210
5538
2512
5221
5533
6191
6499
7041
6937
3736
176
2771
6999
5872
4012
5119
5482
6618
2500
4999
881
3581
6865
529
3942
4070
4034
390
4121
3560
3993
1519
6677
1356
1401
4234
1919
6926
5947
4915
1768
3154
404
4760
2112
2421
4215
7625
4469
6724
6438
3523
5124
455
6686
818
3794
4793
6725
693
4269
1539
3221
239
128
2343
2475
3022
1923
30
4529
7478
4473
3311
4170
5487
3192
6965
1554
4028
1753
4869
7675
6095
3401
1769
4000
4736
5178
7084
7034
482
3723
6462
7616
5690
7459
2660
2794
5517
4448
3966
4804
792
7805
3844
121
2503
2863
957
4266
5614
2683
5580
4011
1413
5299
218
834
6151
3288
7566
6932
5135
7422
3212
653
4758
3028
7156
2490
3534
3779
6501
7305
3616
1965
825
4417
5011
4128
3553
7498
7825
1445
2408
377
2743
7587
115
1456
6347
7414
1107
1432
4710
5617
6389
1949
3699
3353
264
3306
40
2579
719
5502
3820
7503
2950
7315
5946
6238
7854
3979
7536
1915
2091
4864
6689
5490
7375
4404
6472
1825
2531
3741
3806
3092
4548
5091
502
4650
1318
634
5828
7829
4104
5245
4777
7247
4614
1815
3235
228
1220
6455
4096
2897
4097
3685
7158
5356
4111
2023
6715
986
7769
5373
7196
4753
5144
2295
308
7491
7291
3917
5876
7167
3438
6104
3157
2426
3753
6968
366
1787
3519
2697
4236
3874
7357
7542
7662
4662
6845
5970
5075
2799
4590
1853
7654
1061
5611
7466
4287
3024
7683
6257
1983
6537
3755
1673
1328
1909
2072
5639
4115
6797
1682
7016
5899
7745
1636
726
4385
7809
2397
1452
1852
3833
5092
2627
3159
6515
5121
7392
4296
5735
4370
6748
5640
5600
7202
3860
2536
969
1344
5270
7746
493
1953
1711
1538
2428
2381
3599
626
4451
1338
2468
5334
7289
3238
2133
742
4364
669
3568
7872
6228
5421
2872
4254
5706
4654
3059
2254
6807
2487
1111
7757
6979
5195
4036
1227
629
3400
3712
2025
3809
6745
6658
5582
998
909
5480
7666
2620
2838
5797
1722
4230
6180
7150
3436
3326
875
5948
6079
1489
5216
3817
6649
5800
5577
1720
2312
2506
1408
1790
532
4067
1481
6010
5518
3746
1490
1473
727
2927
1395
2696
5724
1114
6243
6324
104
3604
5709
3054
3066
4041
2916
4045
3061
6153
4274
1637
7813
6984
3286
2000
2591
1289
3176
3144
6210
5157
3360
2296
3743
1056
3899
599
6744
4973
6989
4751
826
3612
4532
2453
3972
6059
3435
4900
41
1229
1744
4891
6246
3763
7686
3462
3169
5194
4928
2821
5511
1119
2323
4131
4714
2060
5016
6137
3330
6609
3237
6764
1995
1710
4586
2985
)


// ************************************************************************* //
