/*--------------------------------*- C++ -*----------------------------------*\
| =========                 |                                                 |
| \\      /  F ield         | OpenFOAM: The Open Source CFD Toolbox           |
|  \\    /   O peration     | Version:  2312                                  |
|   \\  /    A nd           | Website:  www.openfoam.com                      |
|    \\/     M anipulation  |                                                 |
\*---------------------------------------------------------------------------*/
FoamFile
{
    version     2.0;
    format      ascii;
    arch        "LSB;label=32;scalar=64";
    class       vectorField;
    location    "constant/copper/polyMesh";
    object      points;
}
// * * * * * * * * * * * * * * * * * * * * * * * * * * * * * * * * * * * * * //


2691
(
(0.007 -1.71451e-18 0)
(0.007 -1.71451e-18 0.2)
(0.009 -2.20436e-18 0)
(0.009 -2.20436e-18 0.2)
(0.00668065 0.0020902 0)
(0.0057427 0.00400267 0)
(0.00425281 0.00556 0)
(0.00249457 0.00654042 0)
(0.000479934 0.00698353 0)
(-0.00173013 0.00678282 0)
(-0.00358274 0.00601365 0)
(-0.00514114 0.00475065 0)
(-0.00627736 0.00309753 0)
(-0.0068981 0.00119005 0)
(-0.00695238 -0.000815156 0)
(-0.00633959 -0.0029681 0)
(-0.00511656 -0.00477712 0)
(-0.00355165 -0.00603206 0)
(-0.00158697 -0.00681774 0)
(0.000509224 -0.00698145 0)
(0.00259462 -0.00650138 0)
(0.00439133 -0.00545126 0)
(0.00581271 -0.00390031 0)
(0.00671259 -0.00198524 0)
(0.00668048 0.00209073 0.2)
(0.00574263 0.00400278 0.2)
(0.00425295 0.00555989 0.2)
(0.00249514 0.0065402 0.2)
(0.000480762 0.00698347 0.2)
(-0.00172901 0.00678311 0.2)
(-0.00358147 0.0060144 0.2)
(-0.00513992 0.00475197 0.2)
(-0.00627643 0.00309943 0.2)
(-0.00689768 0.00119245 0.2)
(-0.0069527 -0.000812412 0.2)
(-0.0063409 -0.00296531 0.2)
(-0.00511888 -0.00477463 0.2)
(-0.00355487 -0.00603017 0.2)
(-0.00159091 -0.00681682 0.2)
(0.000504009 -0.00698183 0.2)
(0.00258941 -0.00650346 0.2)
(0.00438742 -0.0054544 0.2)
(0.00580973 -0.00390475 0.2)
(0.00671124 -0.0019898 0.2)
(0.007 -1.71451e-18 0.00199516)
(0.007 -1.71451e-18 0.00418931)
(0.007 -1.71451e-18 0.00653267)
(0.007 -1.71451e-18 0.00877433)
(0.007 -1.71451e-18 0.0109235)
(0.007 -1.71451e-18 0.0130387)
(0.007 -1.71451e-18 0.0155535)
(0.007 -1.71451e-18 0.0175522)
(0.007 -1.71451e-18 0.0197464)
(0.007 -1.71451e-18 0.022073)
(0.007 -1.71451e-18 0.0243314)
(0.007 -1.71451e-18 0.0264722)
(0.007 -1.71451e-18 0.0286263)
(0.007 -1.71451e-18 0.0310871)
(0.007 -1.71451e-18 0.0330859)
(0.007 -1.71451e-18 0.0353126)
(0.007 -1.71451e-18 0.0376713)
(0.007 -1.71451e-18 0.039903)
(0.007 -1.71451e-18 0.042209)
(0.007 -1.71451e-18 0.044326)
(0.007 -1.71451e-18 0.0464801)
(0.007 -1.71451e-18 0.0489973)
(0.007 -1.71451e-18 0.050996)
(0.007 -1.71451e-18 0.0532228)
(0.007 -1.71451e-18 0.0554687)
(0.007 -1.71451e-18 0.0577843)
(0.007 -1.71451e-18 0.0598965)
(0.007 -1.71451e-18 0.0620506)
(0.007 -1.71451e-18 0.0645726)
(0.007 -1.71451e-18 0.0665713)
(0.007 -1.71451e-18 0.0687655)
(0.007 -1.71451e-18 0.0710218)
(0.007 -1.71451e-18 0.0733505)
(0.007 -1.71451e-18 0.0754561)
(0.007 -1.71451e-18 0.0775713)
(0.007 -1.71451e-18 0.0801297)
(0.007 -1.71451e-18 0.0821284)
(0.007 -1.71451e-18 0.0843226)
(0.007 -1.71451e-18 0.0865622)
(0.007 -1.71451e-18 0.0889076)
(0.007 -1.71451e-18 0.0910048)
(0.007 -1.71451e-18 0.09312)
(0.007 -1.71451e-18 0.0956868)
(0.007 -1.71451e-18 0.0976855)
(0.007 -1.71451e-18 0.0998797)
(0.007 -1.71451e-18 0.102103)
(0.007 -1.71451e-18 0.104465)
(0.007 -1.71451e-18 0.106554)
(0.007 -1.71451e-18 0.108669)
(0.007 -1.71451e-18 0.111188)
(0.007 -1.71451e-18 0.113187)
(0.007 -1.71451e-18 0.115413)
(0.007 -1.71451e-18 0.117656)
(0.007 -1.71451e-18 0.119975)
(0.007 -1.71451e-18 0.122085)
(0.007 -1.71451e-18 0.124239)
(0.007 -1.71451e-18 0.126427)
(0.007 -1.71451e-18 0.128908)
(0.007 -1.71451e-18 0.130989)
(0.007 -1.71451e-18 0.133215)
(0.007 -1.71451e-18 0.135372)
(0.007 -1.71451e-18 0.137777)
(0.007 -1.71451e-18 0.13981)
(0.007 -1.71451e-18 0.142002)
(0.007 -1.71451e-18 0.144474)
(0.007 -1.71451e-18 0.146564)
(0.007 -1.71451e-18 0.148789)
(0.007 -1.71451e-18 0.150943)
(0.007 -1.71451e-18 0.153352)
(0.007 -1.71451e-18 0.15538)
(0.007 -1.71451e-18 0.157545)
(0.007 -1.71451e-18 0.160027)
(0.007 -1.71451e-18 0.16213)
(0.007 -1.71451e-18 0.164324)
(0.007 -1.71451e-18 0.166464)
(0.007 -1.71451e-18 0.168909)
(0.007 -1.71451e-18 0.170929)
(0.007 -1.71451e-18 0.173102)
(0.007 -1.71451e-18 0.175567)
(0.007 -1.71451e-18 0.177687)
(0.007 -1.71451e-18 0.179881)
(0.007 -1.71451e-18 0.182012)
(0.007 -1.71451e-18 0.184466)
(0.007 -1.71451e-18 0.186478)
(0.007 -1.71451e-18 0.188659)
(0.007 -1.71451e-18 0.191108)
(0.007 -1.71451e-18 0.193244)
(0.007 -1.71451e-18 0.195438)
(0.007 -1.71451e-18 0.1976)
(0.00878065 0.00197488 0)
(0.00814514 0.00382841 0)
(0.0070552 0.00558785 0)
(0.00556699 0.00707168 0)
(0.0037456 0.00818355 0)
(0.00188571 0.00880023 0)
(-6.35596e-05 0.00899978 0)
(-0.00200982 0.00877272 0)
(-0.00386081 0.00812983 0)
(-0.00559127 0.0070525 0)
(-0.00705449 0.00558875 0)
(-0.00809683 0.00392954 0)
(-0.00878707 0.00194612 0)
(-0.00899971 -7.28031e-05 0)
(-0.00877065 -0.00201883 0)
(-0.00810807 -0.00390629 0)
(-0.00701557 -0.00563754 0)
(-0.00559192 -0.00705198 0)
(-0.00384983 -0.00813504 0)
(-0.00199797 -0.00877543 0)
(-2.03651e-05 -0.00899998 0)
(0.00215118 -0.00873913 0)
(0.00399155 -0.00806644 0)
(0.00564272 -0.0070114 0)
(0.00702641 -0.00562401 0)
(0.00807705 -0.00397004 0)
(0.00874483 -0.00212788 0)
(0.00878057 0.00197525 0.2)
(0.00814504 0.00382863 0.2)
(0.00705515 0.00558793 0.2)
(0.00556703 0.00707165 0.2)
(0.00374577 0.00818347 0.2)
(0.00188604 0.00880016 0.2)
(-6.30763e-05 0.00899978 0.2)
(-0.0020092 0.00877286 0.2)
(-0.00386011 0.00813016 0.2)
(-0.00559055 0.00705307 0.2)
(-0.00705383 0.00558958 0.2)
(-0.00809631 0.00393062 0.2)
(-0.00878672 0.0019477 0.2)
(-0.00899972 -7.13092e-05 0.2)
(-0.00877102 -0.00201723 0.2)
(-0.008109 -0.00390437 0.2)
(-0.00701677 -0.00563604 0.2)
(-0.00559355 -0.00705069 0.2)
(-0.00385183 -0.00813409 0.2)
(-0.00200028 -0.0087749 0.2)
(-2.3359e-05 -0.00899997 0.2)
(0.00214861 -0.00873976 0.2)
(0.00398905 -0.00806768 0.2)
(0.00564043 -0.00701324 0.2)
(0.00702449 -0.00562642 0.2)
(0.00807563 -0.00397293 0.2)
(0.00874404 -0.00213116 0.2)
(0.009 -2.20436e-18 0.00212473)
(0.009 -2.20436e-18 0.0044578)
(0.009 -2.20436e-18 0.00663168)
(0.009 -2.20436e-18 0.00903926)
(0.009 -2.20436e-18 0.0113723)
(0.009 -2.20436e-18 0.0133693)
(0.009 -2.20436e-18 0.015867)
(0.009 -2.20436e-18 0.0180094)
(0.009 -2.20436e-18 0.0202838)
(0.009 -2.20436e-18 0.0225456)
(0.009 -2.20436e-18 0.0248653)
(0.009 -2.20436e-18 0.0271983)
(0.009 -2.20436e-18 0.0291953)
(0.009 -2.20436e-18 0.0317089)
(0.009 -2.20436e-18 0.0339686)
(0.009 -2.20436e-18 0.0361424)
(0.009 -2.20436e-18 0.0384901)
(0.009 -2.20436e-18 0.0410436)
(0.009 -2.20436e-18 0.0432614)
(0.009 -2.20436e-18 0.0456505)
(0.009 -2.20436e-18 0.0476659)
(0.009 -2.20436e-18 0.0502085)
(0.009 -2.20436e-18 0.0525189)
(0.009 -2.20436e-18 0.0545946)
(0.009 -2.20436e-18 0.0569914)
(0.009 -2.20436e-18 0.0591526)
(0.009 -2.20436e-18 0.0615417)
(0.009 -2.20436e-18 0.0636704)
(0.009 -2.20436e-18 0.0660997)
(0.009 -2.20436e-18 0.0684327)
(0.009 -2.20436e-18 0.0704297)
(0.009 -2.20436e-18 0.0729392)
(0.009 -2.20436e-18 0.0750933)
(0.009 -2.20436e-18 0.0773442)
(0.009 -2.20436e-18 0.0796295)
(0.009 -2.20436e-18 0.0819257)
(0.009 -2.20436e-18 0.0842587)
(0.009 -2.20436e-18 0.0862557)
(0.009 -2.20436e-18 0.0888091)
(0.009 -2.20436e-18 0.0910072)
(0.009 -2.20436e-18 0.0931702)
(0.009 -2.20436e-18 0.0955435)
(0.009 -2.20436e-18 0.0977517)
(0.009 -2.20436e-18 0.100085)
(0.009 -2.20436e-18 0.102113)
(0.009 -2.20436e-18 0.104666)
(0.009 -2.20436e-18 0.106921)
(0.009 -2.20436e-18 0.108996)
(0.009 -2.20436e-18 0.111393)
(0.009 -2.20436e-18 0.113554)
(0.009 -2.20436e-18 0.115943)
(0.009 -2.20436e-18 0.118073)
(0.009 -2.20436e-18 0.120501)
(0.009 -2.20436e-18 0.12289)
(0.009 -2.20436e-18 0.125233)
(0.009 -2.20436e-18 0.127276)
(0.009 -2.20436e-18 0.129689)
(0.009 -2.20436e-18 0.131848)
(0.009 -2.20436e-18 0.134224)
(0.009 -2.20436e-18 0.136384)
(0.009 -2.20436e-18 0.138782)
(0.009 -2.20436e-18 0.141171)
(0.009 -2.20436e-18 0.143168)
(0.009 -2.20436e-18 0.145637)
(0.009 -2.20436e-18 0.147852)
(0.009 -2.20436e-18 0.150115)
(0.009 -2.20436e-18 0.152389)
(0.009 -2.20436e-18 0.15464)
(0.009 -2.20436e-18 0.156973)
(0.009 -2.20436e-18 0.15897)
(0.009 -2.20436e-18 0.161546)
(0.009 -2.20436e-18 0.163766)
(0.009 -2.20436e-18 0.165885)
(0.009 -2.20436e-18 0.168288)
(0.009 -2.20436e-18 0.170466)
(0.009 -2.20436e-18 0.172799)
(0.009 -2.20436e-18 0.174872)
(0.009 -2.20436e-18 0.177381)
(0.009 -2.20436e-18 0.17968)
(0.009 -2.20436e-18 0.181711)
(0.009 -2.20436e-18 0.184158)
(0.009 -2.20436e-18 0.186292)
(0.009 -2.20436e-18 0.188625)
(0.009 -2.20436e-18 0.190786)
(0.009 -2.20436e-18 0.193207)
(0.009 -2.20436e-18 0.19554)
(0.009 -2.20436e-18 0.197537)
(0.00643989 0.00274369 0.198244)
(0.00524234 0.00463873 0.198133)
(0.00359532 0.00600614 0.197962)
(0.00162593 0.00680855 0.197901)
(-0.0004965 0.00698237 0.197812)
(-0.00255959 0.00651525 0.197773)
(-0.00435793 0.00547799 0.197714)
(-0.00576904 0.00396462 0.19775)
(-0.00665803 0.00216117 0.197713)
(-0.00699915 0.000109017 0.197696)
(-0.00671082 -0.00199122 0.197726)
(-0.00578405 -0.00394269 0.197746)
(-0.00436305 -0.00547392 0.197739)
(-0.00250328 -0.00653709 0.197781)
(-0.000470078 -0.0069842 0.197761)
(0.00166175 -0.0067999 0.197791)
(0.00363302 -0.00598341 0.197868)
(0.00523043 -0.00465216 0.197924)
(0.00631539 -0.00301925 0.198107)
(0.00687159 -0.00133465 0.198491)
(0.00680445 -0.00164299 0.00282682)
(0.00677917 -0.00174438 0.00742239)
(0.00668408 -0.00207919 0.0118771)
(0.00678281 -0.00173017 0.0165037)
(0.00662236 -0.0022681 0.0207875)
(0.00663399 -0.00223386 0.0254838)
(0.00664412 -0.00220354 0.0301425)
(0.00668257 -0.00208405 0.034191)
(0.00678311 -0.00172901 0.0386342)
(0.00662482 -0.00226092 0.04327)
(0.00649587 -0.00260837 0.0476416)
(0.00661976 -0.0022757 0.052003)
(0.00661474 -0.00229025 0.0566721)
(0.0067806 -0.0017388 0.0610075)
(0.00671964 -0.00196125 0.0654668)
(0.00660059 -0.00233072 0.0699186)
(0.00668065 -0.00209021 0.0745388)
(0.00651115 -0.00257001 0.0787886)
(0.00660462 -0.00231927 0.0831561)
(0.00661713 -0.00228332 0.0878263)
(0.00677737 -0.00175137 0.0921398)
(0.00671898 -0.00196348 0.0965983)
(0.00660619 -0.00231479 0.101035)
(0.00668408 -0.0020792 0.105666)
(0.00652425 -0.00253657 0.109933)
(0.00662076 -0.00227277 0.114315)
(0.00660991 -0.00230416 0.119068)
(0.00682977 -0.00153436 0.123271)
(0.00661433 -0.00229142 0.127727)
(0.00665715 -0.00216387 0.132026)
(0.00645461 -0.00270887 0.136472)
(0.00663275 -0.00223756 0.140965)
(0.00677251 -0.00177007 0.145511)
(0.00674844 -0.00185972 0.149771)
(0.00673901 -0.00189361 0.154335)
(0.00663355 -0.00223516 0.158913)
(0.00666285 -0.00214627 0.163139)
(0.00645765 -0.00270162 0.167554)
(0.00664079 -0.00221357 0.172051)
(0.00678422 -0.00172463 0.1766)
(0.00676735 -0.00178968 0.180846)
(0.0067593 -0.00181984 0.185445)
(0.00667004 -0.0021238 0.190071)
(0.00674373 -0.00187674 0.194327)
(0.00681118 -0.00161488 0.196568)
(0.00621994 0.00321129 0.00148404)
(0.00351822 0.00605162 0.00188133)
(-0.000509466 0.00698144 0.00206965)
(-0.00435013 0.00548419 0.0020884)
(-0.00666654 0.00213478 0.00210662)
(-0.00671034 -0.00199283 0.00215449)
(-0.00435391 -0.00548119 0.00211738)
(-0.000416531 -0.0069876 0.0021223)
(0.00363499 -0.00598221 0.00205441)
(0.00626955 -0.00311331 0.00159496)
(0.0067967 0.00167477 0.00274302)
(0.00675889 0.00182136 0.00511453)
(0.00671002 0.00199389 0.00739671)
(0.00665134 0.00218166 0.00962292)
(0.00659357 0.00235049 0.0119115)
(0.00657031 0.00241476 0.014206)
(0.00652895 0.00252444 0.0164713)
(0.00652242 0.00254126 0.0187005)
(0.00652374 0.00253787 0.0209431)
(0.00651878 0.0025506 0.023186)
(0.00651247 0.00256665 0.0254089)
(0.00651388 0.00256307 0.0276232)
(0.00652522 0.00253406 0.0298589)
(0.00650864 0.00257635 0.0320844)
(0.00651724 0.00255453 0.0342976)
(0.00652487 0.00253497 0.0365416)
(0.00652147 0.00254371 0.0387946)
(0.00652312 0.00253948 0.0410402)
(0.00651594 0.00255784 0.0432691)
(0.00651904 0.00254993 0.0454877)
(0.00653254 0.00251515 0.0477324)
(0.00651258 0.00256637 0.0499628)
(0.00651873 0.00255071 0.0521681)
(0.00652152 0.00254358 0.0543897)
(0.00652448 0.00253598 0.0566216)
(0.00651734 0.00255428 0.0588435)
(0.00652086 0.00254526 0.0610579)
(0.00653459 0.00250981 0.0633011)
(0.00651402 0.00256272 0.0655307)
(0.00651799 0.00255261 0.0677326)
(0.00652044 0.00254635 0.0699519)
(0.00652061 0.0025459 0.0721838)
(0.00650919 0.00257498 0.0744021)
(0.0065097 0.00257367 0.0766083)
(0.00652644 0.00253092 0.0788471)
(0.00650579 0.00258355 0.0810774)
(0.00651203 0.00256777 0.083279)
(0.00651705 0.00255501 0.0854969)
(0.00652152 0.00254358 0.0877297)
(0.0065115 0.00256912 0.0899507)
(0.00651315 0.00256494 0.092159)
(0.00652973 0.00252243 0.0944002)
(0.00650773 0.00257864 0.0966307)
(0.00651323 0.00256472 0.0988294)
(0.00651822 0.00255202 0.101042)
(0.0065254 0.00253361 0.103272)
(0.00651623 0.00255709 0.105491)
(0.00651924 0.0025494 0.107695)
(0.00653503 0.00250866 0.109928)
(0.00651624 0.00255707 0.112152)
(0.00652391 0.00253743 0.114353)
(0.00652786 0.00252725 0.116571)
(0.00653139 0.00251813 0.1188)
(0.00652279 0.00254031 0.121017)
(0.00652276 0.0025404 0.123218)
(0.00652486 0.00253499 0.125433)
(0.00653405 0.00251122 0.127678)
(0.00651662 0.0025561 0.129915)
(0.00651807 0.0025524 0.132129)
(0.00651604 0.00255758 0.134346)
(0.00652392 0.00253741 0.136576)
(0.0065096 0.00257394 0.138795)
(0.00651558 0.00255874 0.141005)
(0.00652656 0.00253061 0.143248)
(0.00651167 0.00256868 0.145485)
(0.00651457 0.00256133 0.147698)
(0.00651401 0.00256276 0.149914)
(0.00652341 0.00253873 0.152142)
(0.00650951 0.00257416 0.154359)
(0.00651549 0.00255899 0.156564)
(0.00652859 0.00252537 0.158803)
(0.00651392 0.00256298 0.16104)
(0.00651466 0.00256109 0.163252)
(0.00651394 0.00256293 0.165465)
(0.00652408 0.002537 0.167698)
(0.00650725 0.00257987 0.169921)
(0.00651282 0.00256577 0.172131)
(0.00652598 0.0025321 0.174376)
(0.00651602 0.00255763 0.176622)
(0.00652256 0.0025409 0.178848)
(0.0065318 0.00251707 0.181078)
(0.00655727 0.00244994 0.183335)
(0.00656353 0.00243311 0.185591)
(0.00660016 0.00233194 0.187841)
(0.00665941 0.0021569 0.190145)
(0.00670392 0.00201431 0.19235)
(0.00675499 0.00183577 0.1945)
(0.00681174 0.00161251 0.1965)
(0.00677302 -0.00176812 0.00516333)
(0.006744 -0.00187575 0.00968236)
(0.00655265 -0.00246228 0.0143648)
(0.00667182 -0.0021182 0.0185269)
(0.00663568 -0.00222885 0.0231389)
(0.0066232 -0.00226566 0.0278185)
(0.0067849 -0.00172198 0.0321544)
(0.00670049 -0.00202569 0.0364751)
(0.00647744 -0.00265382 0.0407486)
(0.00675997 -0.00181734 0.0454119)
(0.00672863 -0.00193017 0.0499032)
(0.00660792 -0.00230986 0.0543283)
(0.00668406 -0.00207925 0.0589415)
(0.00650563 -0.00258395 0.0631975)
(0.00660827 -0.00230883 0.0675816)
(0.00660533 -0.00231724 0.0722798)
(0.00678067 -0.00173854 0.0765847)
(0.0067194 -0.00196206 0.0810454)
(0.00659498 -0.00234653 0.085479)
(0.00667787 -0.00209906 0.090096)
(0.00650505 -0.00258539 0.0943437)
(0.00661054 -0.00230234 0.0987073)
(0.00661307 -0.00229507 0.103398)
(0.00678392 -0.00172583 0.107706)
(0.00673493 -0.00190805 0.112179)
(0.00661492 -0.00228972 0.116693)
(0.0067059 -0.00200771 0.121313)
(0.00667544 -0.00210679 0.125332)
(0.00676327 -0.00180504 0.129912)
(0.00674817 -0.00186069 0.134211)
(0.00674098 -0.00188657 0.138786)
(0.00663588 -0.00222825 0.143375)
(0.00666446 -0.00214125 0.1476)
(0.00645197 -0.00271516 0.152014)
(0.00662857 -0.00224991 0.156505)
(0.00677182 -0.0017727 0.161055)
(0.00674857 -0.00185925 0.165305)
(0.00674425 -0.00187487 0.169883)
(0.00664936 -0.00218768 0.17446)
(0.0066857 -0.002074 0.178682)
(0.00649523 -0.00260997 0.183098)
(0.00666568 -0.00213745 0.187624)
(0.00680333 -0.00164762 0.192225)
(-0.00255921 0.0065154 0.00207865)
(0.0051094 0.00478477 0.00171873)
(0.00159137 0.00681671 0.0019822)
(-0.00575778 0.00398096 0.00209789)
(-0.00699936 9.48657e-05 0.00212165)
(-0.00579802 -0.00392211 0.0021555)
(-0.00250635 -0.00653592 0.00210231)
(0.00170984 -0.00678796 0.00212438)
(0.00519054 -0.00469663 0.00186621)
(0.00472133 0.00516808 0.195929)
(0.00287495 0.00638237 0.195672)
(0.000786759 0.00695565 0.195494)
(-0.00138595 0.00686142 0.195352)
(-0.00339734 0.0061203 0.195247)
(-0.00507367 0.00482265 0.195193)
(-0.00627137 0.00310966 0.19517)
(-0.00690957 0.00112152 0.195178)
(-0.00693037 -0.000984876 0.195213)
(-0.00631173 -0.00302689 0.195249)
(-0.00509437 -0.00480077 0.195245)
(-0.0033891 -0.00612486 0.195238)
(-0.00136803 -0.00686502 0.195231)
(0.000784848 -0.00695586 0.195305)
(0.00287403 -0.00638279 0.195485)
(0.00475754 -0.00513477 0.19555)
(0.00609852 -0.00343629 0.195805)
(0.000756472 0.006959 0.00456463)
(0.00600839 -0.00359155 0.0061343)
(0.00566923 -0.00410607 0.0125359)
(0.00571693 -0.00403939 0.010315)
(0.0053783 -0.00448039 0.0217284)
(0.00585953 -0.00382961 0.0167096)
(0.00538562 -0.00447159 0.0268814)
(0.00575084 -0.00399097 0.0323424)
(0.00567858 -0.00409314 0.0353009)
(0.00588681 -0.00378754 0.0380197)
(0.00521537 -0.00466903 0.0425533)
(0.00573622 -0.00401195 0.0451345)
(0.00546501 -0.00437421 0.0500863)
(0.00544872 -0.00439449 0.0529874)
(0.00555316 -0.00426174 0.0581207)
(0.00584908 -0.00384555 0.0606746)
(0.00535964 -0.00450269 0.0655934)
(0.00526337 -0.00461486 0.0685793)
(0.00552992 -0.00429185 0.0738083)
(0.00585146 -0.00384193 0.076318)
(0.00535106 -0.00451288 0.0812302)
(0.00522205 -0.00466156 0.0841761)
(0.00551369 -0.00431268 0.0893897)
(0.00583012 -0.00387424 0.0918948)
(0.00534388 -0.00452138 0.0967738)
(0.00527994 -0.0045959 0.0997362)
(0.00555837 -0.00425494 0.104967)
(0.0058663 -0.00381923 0.107497)
(0.00550314 -0.00432614 0.112502)
(0.00543891 -0.00440661 0.115502)
(0.00561113 -0.00418512 0.120875)
(0.00608285 -0.00346395 0.123386)
(0.00529717 -0.00457602 0.126261)
(0.00560393 -0.00419476 0.130025)
(0.00566466 -0.00411238 0.133609)
(0.00564749 -0.00413592 0.139158)
(0.00544578 -0.00439812 0.142259)
(0.00565523 -0.00412533 0.145638)
(0.00566113 -0.00411723 0.14913)
(0.00563488 -0.00415309 0.154661)
(0.00543063 -0.00441681 0.157761)
(0.00564859 -0.00413442 0.161156)
(0.00566156 -0.00411664 0.164656)
(0.00566797 -0.00410782 0.170203)
(0.00550113 -0.0043287 0.173299)
(0.00573471 -0.00401411 0.176691)
(0.0057806 -0.00394774 0.180171)
(0.00575071 -0.00399116 0.185783)
(0.00563671 -0.00415061 0.188897)
(0.00585669 -0.00383395 0.192539)
(0.00285638 0.0063907 0.00435321)
(-0.00692775 -0.00100315 0.00482565)
(-0.00627905 0.00309411 0.00477227)
(-0.00506959 0.00482693 0.00474419)
(0.00467629 0.00520887 0.00404974)
(-0.00338887 0.00612499 0.00472065)
(0.00609975 -0.00343409 0.00830961)
(0.00603164 0.00355237 0.00361519)
(-0.00509985 -0.00479495 0.00479453)
(-0.0013213 -0.00687417 0.00476684)
(0.00303904 -0.00630589 0.00487622)
(0.00546866 -0.00436964 0.0294929)
(0.00608133 0.00346661 0.196259)
(0.00552356 -0.00430003 0.0192111)
(0.00535226 -0.00451146 0.0242903)
(0.00583404 0.00386833 0.00588662)
(0.00562384 0.00416803 0.00821249)
(0.00542853 0.0044194 0.0105344)
(0.00526105 0.0046175 0.0128942)
(0.00513161 0.00476094 0.0152274)
(0.00505059 0.00484681 0.0175407)
(0.00501925 0.00487926 0.0198237)
(0.00500378 0.00489512 0.0220803)
(0.00499145 0.00490769 0.0243193)
(0.00498655 0.00491267 0.0265488)
(0.00499152 0.00490762 0.0287757)
(0.00499019 0.00490897 0.0309999)
(0.00499062 0.00490854 0.0332302)
(0.00500306 0.00489585 0.0354637)
(0.00501004 0.00488871 0.0377021)
(0.00501098 0.00488775 0.039943)
(0.00500844 0.00489036 0.0421791)
(0.00500811 0.00489069 0.0444125)
(0.00501543 0.00488318 0.0466431)
(0.00500987 0.00488889 0.0488667)
(0.00500036 0.00489861 0.0510908)
(0.00500344 0.00489547 0.0533098)
(0.0050093 0.00488947 0.0555309)
(0.00501184 0.00488686 0.057754)
(0.00501456 0.00488408 0.0599807)
(0.00502339 0.00487499 0.0622088)
(0.00501827 0.00488026 0.0644317)
(0.00500704 0.00489178 0.0666562)
(0.00500465 0.00489423 0.0688776)
(0.00499854 0.00490047 0.0710998)
(0.00498353 0.00491574 0.0733193)
(0.00497147 0.00492793 0.0755382)
(0.00497603 0.00492333 0.0777582)
(0.00497563 0.00492373 0.0799753)
(0.00497383 0.00492554 0.0821972)
(0.00498458 0.00491467 0.0844176)
(0.00499378 0.00490532 0.0866404)
(0.00499247 0.00490665 0.0888625)
(0.00498819 0.004911 0.0910863)
(0.00499294 0.00490617 0.0933113)
(0.00498613 0.00491309 0.0955298)
(0.00497733 0.00492201 0.0977478)
(0.00498669 0.00491253 0.0999608)
(0.0050019 0.00489704 0.102177)
(0.00500961 0.00488915 0.104396)
(0.00501265 0.00488603 0.106618)
(0.0050221 0.00487632 0.108841)
(0.00501988 0.00487861 0.111056)
(0.00501646 0.00488212 0.113273)
(0.00502812 0.00487011 0.115486)
(0.00503973 0.0048581 0.117704)
(0.00504072 0.00485707 0.119924)
(0.00503475 0.00486326 0.122146)
(0.00503119 0.00486694 0.124367)
(0.00503002 0.00486815 0.126591)
(0.00501859 0.00487994 0.128816)
(0.00500355 0.00489535 0.131043)
(0.00499745 0.00490158 0.133266)
(0.0049969 0.00490214 0.135489)
(0.004992 0.00490714 0.13771)
(0.00498808 0.00491112 0.139934)
(0.00499465 0.00490443 0.14216)
(0.00499144 0.0049077 0.144385)
(0.00498434 0.00491491 0.146611)
(0.00498542 0.00491382 0.148833)
(0.00499105 0.0049081 0.151054)
(0.0049906 0.00490855 0.153272)
(0.00498992 0.00490924 0.155494)
(0.00500022 0.00489875 0.157718)
(0.00500006 0.00489891 0.159942)
(0.00499285 0.00490627 0.162168)
(0.00499152 0.00490762 0.164393)
(0.00499327 0.00490584 0.166621)
(0.0049859 0.00491333 0.168847)
(0.00497922 0.0049201 0.171078)
(0.00498992 0.00490925 0.173314)
(0.00500002 0.00489896 0.175557)
(0.00501488 0.00488375 0.177812)
(0.00504949 0.00484795 0.180076)
(0.00510788 0.00478639 0.182356)
(0.00518216 0.00470587 0.184653)
(0.00528894 0.00458554 0.186975)
(0.00544403 0.00440029 0.189315)
(0.00562005 0.00417313 0.191646)
(0.00582695 0.003879 0.193973)
(0.00612833 -0.00338283 0.00378399)
(-0.00691296 0.00110044 0.0048023)
(0.00452632 -0.0053397 0.039842)
(-0.00138658 0.0068613 0.00467679)
(0.00437071 -0.0054678 0.0473222)
(0.00541973 -0.00443019 0.0555602)
(0.00534695 -0.00451775 0.0712924)
(0.0052905 -0.00458373 0.0868344)
(0.00538915 -0.00446733 0.10244)
(0.00532679 -0.00454151 0.118303)
(0.00394332 -0.00578362 0.136377)
(0.00387544 -0.00582932 0.151778)
(0.00391741 -0.0058012 0.167297)
(0.00436813 -0.00546986 0.182739)
(-0.00630621 -0.00303837 0.00482776)
(0.00460553 -0.00527153 0.0144844)
(0.00480295 -0.00509232 0.00449036)
(-0.00338322 -0.00612812 0.00474873)
(0.000928564 -0.00693814 0.00486043)
(0.00455107 -0.00531862 0.109724)
(0.00440336 -0.00544154 0.0939977)
(0.00449652 -0.00536483 0.0784065)
(0.00446757 -0.00538895 0.0627139)
(0.00220883 0.00664237 0.193141)
(-1.43354e-05 0.00699999 0.192862)
(-0.00220619 0.00664325 0.192652)
(-0.0041738 0.00561956 0.192499)
(-0.00569624 0.00406851 0.192408)
(-0.00665994 0.00215526 0.192385)
(-0.00699976 5.80583e-05 0.192429)
(-0.00669311 -0.00204994 0.192525)
(-0.00574061 -0.00400567 0.192576)
(-0.0042047 -0.00559647 0.192544)
(-0.00224043 -0.00663178 0.192472)
(-2.51663e-05 -0.00699995 0.192496)
(0.00217735 -0.00665275 0.192746)
(0.00410488 -0.00567009 0.193287)
(-0.0066779 -0.00209895 0.0075395)
(-0.0042003 -0.00559977 0.00741217)
(-4.46525e-05 0.00699986 0.00719349)
(0.00393954 -0.00578619 0.0369804)
(0.00337479 -0.00613277 0.0445502)
(0.00279913 -0.00641599 0.0830511)
(0.00293455 -0.00635519 0.06732)
(0.00330928 -0.00616836 0.0570542)
(0.00374701 -0.00591269 0.0598778)
(0.00289921 -0.00637139 0.098575)
(0.00314919 -0.00625161 0.0542829)
(0.00319323 -0.00622923 0.0729061)
(0.00372551 -0.00592626 0.0756417)
(0.00362284 -0.00598958 0.114386)
(0.00308138 -0.00628531 0.0701898)
(0.00320321 -0.0062241 0.0885621)
(0.00365011 -0.005973 0.0912741)
(0.00295581 -0.00634533 0.0858314)
(0.00341238 -0.00611193 0.132301)
(0.00335672 -0.00614267 0.104131)
(0.00376793 -0.00589938 0.106944)
(0.0031978 -0.00622689 0.101393)
(0.00290818 -0.0063673 0.120767)
(0.0044957 -0.00536551 0.123215)
(0.00321269 -0.00621921 0.15943)
(0.0033744 -0.00613298 0.147693)
(0.00347512 -0.00607647 0.174977)
(0.00336927 -0.0061358 0.16316)
(0.00375084 -0.00591026 0.178663)
(0.00238656 -0.0065806 0.00778213)
(0.00324814 -0.00620077 0.143986)
(0.00364443 -0.00597647 0.0340714)
(0.00375195 -0.00590956 0.0111439)
(-0.00421179 0.00559114 0.0073259)
(2.84706e-05 -0.00699994 0.00741664)
(-0.0022712 -0.0066213 0.00728434)
(-0.00572708 -0.004025 0.00750258)
(0.00382943 0.00585965 0.00890265)
(0.00342307 0.00610595 0.0113798)
(0.00310849 0.00627195 0.0137966)
(0.00288428 0.00637816 0.016234)
(0.00276373 0.00643131 0.0186242)
(0.0026931 0.00646121 0.0209487)
(0.00265367 0.0064775 0.0232233)
(0.00263469 0.00648524 0.0254692)
(0.0026288 0.00648763 0.0277014)
(0.00262892 0.00648759 0.0299276)
(0.00263587 0.00648476 0.0321549)
(0.00265049 0.0064788 0.034388)
(0.0026663 0.00647231 0.0366255)
(0.00267593 0.00646834 0.0388651)
(0.00267883 0.00646714 0.0411038)
(0.00267983 0.00646672 0.0433383)
(0.0026845 0.00646479 0.045567)
(0.00268318 0.00646534 0.0477916)
(0.00267097 0.00647039 0.0500146)
(0.00265925 0.00647521 0.0522337)
(0.00266265 0.00647382 0.0544489)
(0.00267987 0.00646671 0.0566701)
(0.00269569 0.00646013 0.0588986)
(0.00270317 0.006457 0.0611286)
(0.00270132 0.00645778 0.063353)
(0.00269347 0.00646105 0.0655746)
(0.00268308 0.00646538 0.067799)
(0.0026657 0.00647256 0.0700245)
(0.0026355 0.00648492 0.0722474)
(0.00260247 0.00649824 0.0744666)
(0.00258284 0.00650607 0.0766829)
(0.00258174 0.00650651 0.0788966)
(0.00259475 0.00650133 0.0811134)
(0.00261414 0.00649356 0.0833357)
(0.00263307 0.0064859 0.0855592)
(0.00264285 0.00648193 0.0877822)
(0.00264326 0.00648176 0.0900067)
(0.0026364 0.00648455 0.092233)
(0.00262081 0.00649087 0.0944551)
(0.00260502 0.00649722 0.0966704)
(0.0026069 0.00649647 0.0988809)
(0.00263384 0.00648559 0.101091)
(0.00266911 0.00647115 0.103307)
(0.00269445 0.00646065 0.105532)
(0.00270316 0.006457 0.107761)
(0.0026973 0.00645946 0.109983)
(0.0026908 0.00646217 0.112196)
(0.00270223 0.0064574 0.114406)
(0.00273437 0.00644385 0.116617)
(0.0027611 0.00643244 0.118837)
(0.00276554 0.00643054 0.121064)
(0.00274969 0.00643733 0.123289)
(0.00272773 0.00644667 0.125511)
(0.00270662 0.00645556 0.127735)
(0.0026826 0.00646557 0.129961)
(0.00266027 0.00647479 0.132186)
(0.00264747 0.00648004 0.134408)
(0.00264213 0.00648222 0.136629)
(0.00263957 0.00648326 0.138853)
(0.00263672 0.00648442 0.141081)
(0.00263178 0.00648643 0.143307)
(0.00262551 0.00648897 0.145531)
(0.00262285 0.00649004 0.147754)
(0.00262717 0.00648829 0.149976)
(0.00263338 0.00648578 0.152195)
(0.00264034 0.00648295 0.154416)
(0.00264736 0.00648008 0.156641)
(0.00265046 0.00647882 0.158866)
(0.00264968 0.00647914 0.16109)
(0.00264904 0.0064794 0.163318)
(0.00264686 0.00648029 0.165551)
(0.00263584 0.00648478 0.167786)
(0.00262143 0.00649062 0.170024)
(0.00261893 0.00649162 0.172267)
(0.00263747 0.00648412 0.174521)
(0.00267777 0.00646758 0.176793)
(0.00274416 0.00643969 0.179088)
(0.00284749 0.00639467 0.181409)
(0.00299828 0.00632537 0.18376)
(0.00320664 0.00622234 0.186153)
(0.00348951 0.00606822 0.18858)
(0.00384477 0.00584959 0.191064)
(0.00348431 -0.00607121 0.0517431)
(0.00302325 -0.00631347 0.128517)
(0.00360779 -0.00599865 0.186938)
(0.00341908 -0.00610818 0.171269)
(0.00327898 -0.00618452 0.155723)
(0.00332161 -0.00616173 0.140314)
(0.00425671 0.00555701 0.00645276)
(0.00252966 -0.00652693 0.0417326)
(0.00425412 0.005559 0.193519)
(0.00310593 -0.00627321 0.0229078)
(0.00229469 -0.0066132 0.0494059)
(0.00311712 -0.00626766 0.117208)
(0.0024016 -0.00657513 0.124814)
(0.00401177 -0.00573635 0.190577)
(-0.00225267 0.00662763 0.00730603)
(-0.00573059 0.00401999 0.00737636)
(0.00453868 -0.0053292 0.00766262)
(0.00370513 -0.00593902 0.0171443)
(0.00327588 -0.00618616 0.0200574)
(-0.007 7.59545e-06 0.00752867)
(0.00341165 -0.00611233 0.0312223)
(0.00221382 0.00664071 0.00688833)
(0.0025383 -0.00652358 0.111979)
(0.00211356 -0.00667329 0.0959299)
(0.00234528 -0.00659543 0.0803114)
(0.00228201 -0.00661758 0.0645818)
(-0.000780579 0.00695634 0.190171)
(-0.00299824 0.00632539 0.189888)
(-0.00486859 0.00502959 0.189674)
(-0.00621985 0.00321145 0.189548)
(-0.00691091 0.00111324 0.189519)
(-0.00692057 -0.00105153 0.18963)
(-0.00628166 -0.00308881 0.189888)
(-0.004977 -0.00492234 0.189931)
(-0.0031507 -0.00625085 0.189719)
(-0.000887121 -0.00694356 0.189631)
(0.00166094 -0.00680009 0.189781)
(-0.00667504 0.00210803 0.00746895)
(0.00305922 -0.00629612 0.0256568)
(0.00164736 -0.0068034 0.0142426)
(0.00177434 -0.00677139 0.0388211)
(0.00114086 -0.00690641 0.0466567)
(0.000198613 -0.00699718 0.0241889)
(0.000305779 -0.00699332 0.0556278)
(0.000257551 -0.00699526 0.15739)
(0.000822976 -0.00695145 0.11505)
(0.00122506 -0.00689197 0.0932256)
(0.000582361 -0.00697573 0.0904271)
(0.000692825 -0.00696563 0.0747434)
(0.00188506 -0.00674141 0.183991)
(0.00151269 -0.0068346 0.0775465)
(0.00147374 -0.0068431 0.0617276)
(0.000765156 -0.00695806 0.134574)
(0.000324922 -0.00699245 0.145849)
(0.000804084 -0.00695366 0.0587432)
(0.000306894 -0.00699327 0.142068)
(0.000845522 -0.00694875 0.106049)
(0.000127681 -0.00699884 0.0522178)
(0.00116873 -0.00690174 0.0358518)
(0.00316184 -0.00624522 0.0284208)
(-0.00311579 0.00626832 0.00984662)
(0.00161399 0.00681139 0.190565)
(0.00155422 0.00682528 0.00948145)
(0.000444604 -0.00698587 0.153537)
(0.000475444 -0.00698384 0.149704)
(0.000876898 0.00694486 0.0121176)
(0.000433963 0.00698654 0.0146935)
(0.000191721 0.00699737 0.0172844)
(-3.86748e-07 0.007 0.0197363)
(-0.000121551 0.00699894 0.0220884)
(-0.000182542 0.00699762 0.0243762)
(-0.000209859 0.00699685 0.0266284)
(-0.000220792 0.00699652 0.0288615)
(-0.000216304 0.00699666 0.0310881)
(-0.000190951 0.0069974 0.0333182)
(-0.000160403 0.00699816 0.0355557)
(-0.00013779 0.00699864 0.0377987)
(-0.000126077 0.00699886 0.0400416)
(-0.000125838 0.00699887 0.042279)
(-0.000123001 0.00699892 0.0445077)
(-0.000105625 0.0069992 0.0467239)
(-0.000114734 0.00699906 0.0489474)
(-0.000154131 0.0069983 0.0511672)
(-0.000183485 0.00699759 0.0533694)
(-0.000144138 0.00699852 0.0555836)
(-9.20614e-05 0.00699939 0.0578151)
(-7.1896e-05 0.00699963 0.0600538)
(-7.99137e-05 0.00699954 0.0622821)
(-8.93019e-05 0.00699943 0.0644963)
(-9.18567e-05 0.0069994 0.0667155)
(-0.000107485 0.00699917 0.0689442)
(-0.000157259 0.00699823 0.071174)
(-0.000231178 0.00699618 0.0733982)
(-0.00029843 0.00699364 0.0756152)
(-0.000328344 0.0069923 0.0778245)
(-0.000303765 0.00699341 0.0800349)
(-0.000256189 0.00699531 0.0822553)
(-0.000215834 0.00699667 0.0844812)
(-0.000188622 0.00699746 0.0867042)
(-0.000175236 0.00699781 0.0889269)
(-0.00017785 0.00699774 0.0911545)
(-0.000207719 0.00699692 0.0933829)
(-0.000255114 0.00699535 0.0956031)
(-0.000285362 0.00699418 0.0978112)
(-0.000261551 0.00699511 0.10001)
(-0.000179289 0.0069977 0.102215)
(-9.76057e-05 0.00699932 0.104441)
(-6.22763e-05 0.00699972 0.106679)
(-7.76468e-05 0.00699957 0.108914)
(-0.000111892 0.00699911 0.111134)
(-0.000120324 0.00699897 0.113344)
(-7.57781e-05 0.00699959 0.115546)
(1.92459e-05 0.00699997 0.117747)
(7.23885e-05 0.00699963 0.119976)
(5.14895e-05 0.00699981 0.122208)
(-1.15506e-05 0.00699999 0.124424)
(-5.01294e-05 0.00699982 0.126646)
(-8.96115e-05 0.00699943 0.128876)
(-0.000139149 0.00699862 0.131104)
(-0.00017596 0.00699779 0.133323)
(-0.000188019 0.00699747 0.135542)
(-0.000183824 0.00699759 0.137767)
(-0.000187522 0.00699749 0.139999)
(-0.000203957 0.00699703 0.14223)
(-0.000218243 0.0069966 0.144455)
(-0.000225409 0.00699637 0.146678)
(-0.000223561 0.00699643 0.148902)
(-0.000212906 0.00699676 0.151122)
(-0.000195542 0.00699727 0.153342)
(-0.000177232 0.00699776 0.155568)
(-0.000172337 0.00699788 0.157797)
(-0.000176768 0.00699777 0.160024)
(-0.000171983 0.00699789 0.162248)
(-0.000161722 0.00699813 0.16448)
(-0.000167722 0.00699799 0.166728)
(-0.000202171 0.00699708 0.168983)
(-0.000235096 0.00699605 0.171237)
(-0.000222859 0.00699645 0.173503)
(-0.000156243 0.00699826 0.175801)
(-5.1201e-05 0.00699981 0.178134)
(9.9412e-05 0.00699929 0.180503)
(0.000320734 0.00699265 0.18292)
(0.00064013 0.00697067 0.185388)
(0.001079 0.00691634 0.187972)
(0.00038126 -0.00698961 0.130797)
(-0.000886244 0.00694367 0.00989462)
(0.000550179 -0.00697835 0.138268)
(0.000607773 -0.00697357 0.169058)
(0.000621652 -0.00697234 0.172992)
(0.00150567 -0.00683615 0.109142)
(0.00116944 -0.00690162 0.0105128)
(-0.00691207 -0.001106 0.0102975)
(-0.00487842 -0.00502006 0.0101568)
(-0.00307995 -0.00628601 0.00998183)
(0.000269931 -0.00699479 0.161237)
(0.000138718 -0.00699863 0.0437466)
(0.000197792 -0.00699721 0.0271111)
(0.000732068 -0.00696161 0.0329016)
(-0.000219869 -0.00699655 0.0717102)
(0.000572955 -0.00697651 0.0690004)
(0.000603501 -0.00697394 0.18672)
(0.000167923 -0.00699799 0.0876398)
(-9.15762e-05 -0.0069994 0.118836)
(0.000454275 -0.00698524 0.103082)
(0.000637477 -0.00697091 0.100396)
(-5.03165e-05 -0.00699982 0.0848613)
(-0.000307152 -0.00699326 0.127044)
(0.00138267 -0.00686209 0.18066)
(0.000892253 -0.0069429 0.176857)
(0.000794174 -0.0069548 0.0179353)
(-0.00498152 0.00491777 0.00982925)
(-0.000634765 -0.00697116 0.122912)
(-0.00107859 -0.0069164 0.00956434)
(0.000498971 -0.00698219 0.165143)
(0.000406674 -0.00698818 0.0212075)
(-0.000603464 -0.00697394 0.0980426)
(-0.000285881 -0.00699416 0.0821405)
(-0.000348587 -0.00699132 0.0665048)
(-0.0062236 -0.00320419 0.0102521)
(-0.00626281 0.00312686 0.0100729)
(-0.00372832 0.00592449 0.18706)
(-0.00552303 0.00430072 0.186766)
(-0.0066337 0.00223474 0.186584)
(-0.0069995 -8.40797e-05 0.18654)
(-0.00661035 -0.00230288 0.186797)
(-0.00567907 -0.00409245 0.187536)
(-0.00421276 -0.00559041 0.187045)
(-0.00203459 -0.0066978 0.186737)
(-0.00691861 0.00106435 0.0102386)
(-0.00235383 -0.00659238 0.104798)
(-0.000695995 -0.00696531 0.040761)
(-0.00206873 -0.00668733 0.133006)
(-0.00278411 -0.00642252 0.101144)
(-0.00134237 -0.00687008 0.0489747)
(-0.00201336 -0.00670421 0.0346673)
(-0.00283994 -0.00639803 0.155326)
(-0.00247761 -0.00654686 0.0741008)
(-0.00247315 -0.00654855 0.116296)
(0.000399915 -0.00698857 0.029997)
(-0.00230615 -0.00660921 0.0924139)
(-0.00114808 -0.00690521 0.0636973)
(-0.0026665 -0.00647223 0.0690169)
(-0.00660515 -0.00231775 0.0130512)
(-0.00220403 -0.00664396 0.174948)
(-0.00304291 -0.00630402 0.0543175)
(-0.0019192 0.00673177 0.0127993)
(-0.00143791 0.00685072 0.187458)
(-0.00282456 -0.00640483 0.143942)
(-0.00140119 -0.00685833 0.0377176)
(-0.00404395 0.00571371 0.0119684)
(-0.00115071 -0.00690477 0.112065)
(-0.00188042 -0.0067427 0.0157322)
(-0.00224539 0.0066301 0.0158208)
(-0.00257189 0.00651041 0.0183962)
(-0.0028371 0.00639929 0.020866)
(-0.00297285 0.00633736 0.023224)
(-0.00302867 0.00631087 0.0255276)
(-0.00306958 0.00629108 0.027792)
(-0.00308776 0.00628218 0.0300207)
(-0.00306461 0.0062935 0.0322567)
(-0.00300836 0.00632058 0.0344889)
(-0.00296122 0.00634281 0.0367335)
(-0.00293703 0.00635404 0.0389908)
(-0.00293701 0.00635405 0.0412314)
(-0.00294069 0.00635235 0.0434735)
(-0.00294148 0.00635198 0.0456959)
(-0.00286627 0.00638627 0.0478702)
(-0.002918 0.0063628 0.0501108)
(-0.00307938 0.00628629 0.052275)
(-0.00303201 0.00630927 0.054485)
(-0.00289931 0.00637134 0.0567165)
(-0.00282326 0.0064054 0.0589692)
(-0.00284654 0.00639509 0.0612205)
(-0.00289971 0.00637116 0.0634219)
(-0.00287876 0.00638065 0.065613)
(-0.00285367 0.00639192 0.0678441)
(-0.0028975 0.00637216 0.070076)
(-0.0030141 0.00631785 0.0723032)
(-0.00315104 0.00625067 0.0745313)
(-0.00326226 0.00619336 0.0767419)
(-0.00325945 0.00619484 0.078953)
(-0.00316136 0.00624546 0.0811676)
(-0.00307535 0.00628826 0.0834028)
(-0.00303671 0.00630701 0.0856327)
(-0.0030062 0.00632161 0.0878388)
(-0.00298078 0.00633364 0.0900634)
(-0.00299635 0.00632629 0.0922934)
(-0.00307829 0.00628682 0.0945204)
(-0.00317974 0.00623612 0.0967415)
(-0.00323126 0.00620958 0.0989353)
(-0.00312708 0.0062627 0.101125)
(-0.00292891 0.00635779 0.103329)
(-0.00280692 0.00641258 0.105579)
(-0.00281211 0.00641031 0.107835)
(-0.00289718 0.00637231 0.110065)
(-0.0029579 0.00634436 0.112293)
(-0.00295544 0.0063455 0.114516)
(-0.00284148 0.00639734 0.116709)
(-0.002599 0.00649963 0.11887)
(-0.00257146 0.00651058 0.12112)
(-0.00273169 0.00644499 0.123299)
(-0.00279305 0.00641863 0.12552)
(-0.00282822 0.00640322 0.127757)
(-0.0029108 0.0063661 0.129993)
(-0.00300072 0.00632421 0.132218)
(-0.00303317 0.00630871 0.134426)
(-0.00301385 0.00631797 0.136657)
(-0.00299583 0.00632653 0.138893)
(-0.00302161 0.00631426 0.141133)
(-0.00306367 0.00629396 0.14337)
(-0.0030815 0.00628525 0.145587)
(-0.00307455 0.00628865 0.147822)
(-0.00307563 0.00628812 0.150053)
(-0.00305243 0.00629942 0.152264)
(-0.00300825 0.00632064 0.154493)
(-0.00298215 0.00633299 0.156726)
(-0.00299902 0.00632502 0.15896)
(-0.00301815 0.00631591 0.16119)
(-0.00299026 0.00632917 0.163403)
(-0.00293834 0.00635344 0.165652)
(-0.00297038 0.00633852 0.167937)
(-0.00308384 0.0062841 0.17022)
(-0.00312016 0.00626615 0.172493)
(-0.00301869 0.00631565 0.174824)
(-0.00287436 0.00638264 0.177217)
(-0.00269952 0.00645853 0.179651)
(-0.00243512 0.00656279 0.182136)
(-0.00199993 0.00670822 0.184767)
(-0.00157906 -0.00681957 0.0953037)
(-0.00248515 -0.00654401 0.170939)
(-0.00290356 -0.00636941 0.15918)
(-0.00490826 -0.00499089 0.0719837)
(-0.00355833 -0.00602813 0.0127068)
(-0.00278636 -0.00642154 0.140124)
(-0.00257981 -0.00650727 0.136339)
(-0.00277705 -0.00642557 0.14774)
(-0.0023961 -0.00657713 0.0458795)
(-0.00559408 0.00420788 0.0125027)
(-0.00194374 -0.00672472 0.0767713)
(-0.0011192 -0.00690995 0.183113)
(-0.00176122 -0.00677482 0.178952)
(-0.00300134 -0.00632392 0.0866188)
(-0.00299355 -0.00632761 0.129767)
(-0.00249232 -0.00654128 0.0316515)
(-0.00179779 -0.0067652 0.0606904)
(-0.00239816 -0.00657638 0.0575432)
(-0.00111866 -0.00691004 0.0123282)
(-0.00286775 -0.00638561 0.0256143)
(-0.00392309 -0.00579736 0.0511744)
(-0.00547733 -0.00435877 0.0128465)
(-0.00226991 -0.00662175 0.0193917)
(-0.00269396 -0.00646085 0.166995)
(-0.0027665 -0.00643012 0.151524)
(-0.00283117 -0.00640191 0.163076)
(-0.00410963 -0.00566665 0.120841)
(-0.00268813 -0.00646328 0.0225882)
(-0.000940109 -0.00693658 0.0794402)
(-0.00275982 -0.00643299 0.0894957)
(-0.00175145 -0.00677735 0.10828)
(-0.00308211 -0.00628495 0.0838305)
(-0.00664191 0.0022102 0.0128841)
(-0.00598638 -0.00362812 0.0156981)
(-0.00544604 -0.0043978 0.142094)
(-0.00604046 0.00353735 0.183826)
(-0.00691724 0.00107324 0.183518)
(-0.00680819 -0.00162745 0.183457)
(-0.00561086 -0.00418549 0.184227)
(-0.00356538 -0.00602396 0.184298)
(-0.00699993 -3.06466e-05 0.013067)
(-0.00319554 -0.00622804 0.0427951)
(-0.00524726 -0.00463317 0.103651)
(-0.00416065 -0.00562929 0.0978373)
(-0.0047686 -0.0051245 0.0480253)
(-0.0027959 -0.00641739 0.028639)
(-0.00368602 -0.00595091 0.0659714)
(-0.00458633 -0.00528825 0.10707)
(-0.0041246 -0.00565576 0.113739)
(-0.00459995 -0.00527641 0.177093)
(-0.00454576 -0.00532317 0.017806)
(-0.00688527 -0.00126217 0.015901)
(-0.00495132 -0.00494817 0.0334225)
(-0.00360066 -0.00600294 0.125726)
(-0.00493284 -0.0049666 0.172949)
(-0.00466405 0.00521983 0.017028)
(-0.0050268 0.00487148 0.0195326)
(-0.00526028 0.00461838 0.0219576)
(-0.00529336 0.00458043 0.0243326)
(-0.00533711 0.00452937 0.0266872)
(-0.00545522 0.00438641 0.0289362)
(-0.00540342 0.00445006 0.0311787)
(-0.00538573 0.00447146 0.0334661)
(-0.00529722 0.00457596 0.0356459)
(-0.00521802 0.00466607 0.0379478)
(-0.00527181 0.00460522 0.0402029)
(-0.00522903 0.00465373 0.0424432)
(-0.00525238 0.00462737 0.0447395)
(-0.00533722 0.00452925 0.0469589)
(-0.00498077 0.00491853 0.0490078)
(-0.00552368 0.00429988 0.0510692)
(-0.00546237 0.00437751 0.0533319)
(-0.00528579 0.00458917 0.0556445)
(-0.00508897 0.0048065 0.0578609)
(-0.00503704 0.00486089 0.0601479)
(-0.00523961 0.00464182 0.062379)
(-0.00527659 0.00459974 0.0644962)
(-0.00509222 0.00480305 0.0667043)
(-0.00511509 0.00477869 0.0689546)
(-0.00522715 0.00465585 0.0711164)
(-0.00538014 0.00447818 0.0733719)
(-0.00560905 0.0041879 0.0755757)
(-0.00567589 0.00409686 0.0778323)
(-0.00559705 0.00420393 0.0800921)
(-0.00539722 0.00445758 0.0823093)
(-0.00533589 0.00453082 0.0845828)
(-0.0053866 0.00447041 0.0867724)
(-0.00527599 0.00460043 0.0889476)
(-0.00525441 0.00462506 0.0911946)
(-0.00531555 0.00455466 0.093367)
(-0.00544037 0.00440481 0.0956241)
(-0.0056497 0.00413291 0.0978242)
(-0.00563796 0.0041489 0.100055)
(-0.00540208 0.00445168 0.102262)
(-0.00507425 0.00482203 0.104446)
(-0.00500075 0.00489821 0.106732)
(-0.00515734 0.00473306 0.108944)
(-0.00525579 0.00462349 0.111195)
(-0.00530484 0.00456713 0.113503)
(-0.00529485 0.00457871 0.115818)
(-0.00509275 0.00480249 0.118025)
(-0.00457676 0.00529653 0.120017)
(-0.00501034 0.0048884 0.122054)
(-0.00504692 0.00485063 0.124271)
(-0.00506946 0.00482706 0.126578)
(-0.00513503 0.00475725 0.128786)
(-0.00526105 0.0046175 0.131049)
(-0.00541498 0.00443599 0.133253)
(-0.00532827 0.00453977 0.135478)
(-0.0052957 0.00457773 0.137761)
(-0.00528876 0.00458574 0.139966)
(-0.00533953 0.00452652 0.142248)
(-0.00545301 0.00438915 0.144467)
(-0.00537534 0.00448394 0.146693)
(-0.00537349 0.00448616 0.148981)
(-0.0054447 0.00439946 0.151199)
(-0.00532731 0.0045409 0.153404)
(-0.00527729 0.00459894 0.155673)
(-0.00527905 0.00459692 0.157868)
(-0.00531561 0.00455459 0.160144)
(-0.00540131 0.00445262 0.162362)
(-0.00523809 0.00464354 0.164558)
(-0.00514177 0.00474997 0.166847)
(-0.00531934 0.00455023 0.169172)
(-0.00556403 0.00424754 0.171489)
(-0.00540088 0.00445314 0.173832)
(-0.00518999 0.00469723 0.176325)
(-0.00505905 0.00483797 0.178867)
(-0.00479442 0.00510034 0.181477)
(-0.00433394 0.005497 0.184243)
(-0.00421023 -0.00559231 0.110483)
(-0.00553769 -0.00428182 0.157111)
(-0.00440732 -0.00543834 0.0150753)
(-0.00544493 -0.00439918 0.138155)
(-0.00544879 -0.00439439 0.0271173)
(-0.00411751 -0.00566093 0.181091)
(-0.00539703 -0.00445781 0.044864)
(-0.00632515 -0.00299874 0.100396)
(-0.00424438 0.00556644 0.0144181)
(-0.00510937 -0.00478481 0.133639)
(-0.00505366 -0.00484361 0.0208373)
(-0.0053108 -0.0045602 0.0303132)
(-0.00626302 -0.00312642 0.179626)
(-0.00541752 -0.00443288 0.145896)
(-0.00549023 -0.00434251 0.160988)
(-0.00519542 -0.00469123 0.0564289)
(-0.00381686 -0.00586785 0.0396846)
(-0.00495176 -0.00494773 0.0756521)
(-0.00550759 -0.00432047 0.11691)
(-0.0042649 -0.00555073 0.0628152)
(-0.00439068 -0.00545178 0.0365446)
(-0.00596954 -0.00365576 0.0533494)
(-0.00541055 -0.00444139 0.149579)
(-0.0057295 -0.00402155 0.0685276)
(-0.00549832 -0.00433226 0.0883616)
(-0.0053047 -0.00456729 0.168912)
(-0.00544316 -0.00440136 0.153322)
(-0.00543365 -0.0044131 0.0239564)
(-0.00308051 -0.00628573 0.081244)
(-0.00552369 -0.00429987 0.0852696)
(-0.00688531 0.00126194 0.0157237)
(-0.004896 -0.00500291 0.0946314)
(-0.00536869 -0.0044919 0.0914987)
(-0.00692109 -0.00104807 0.140578)
(-0.00645248 -0.00271393 0.17499)
(-0.007 4.8608e-06 0.180294)
(-0.00649151 -0.00261921 0.0501502)
(-0.00597636 0.00364461 0.0152103)
(-0.00567382 -0.00409973 0.129232)
(-0.0069263 -0.00101308 0.158944)
(-0.00616498 -0.00331557 0.112987)
(-0.0046221 -0.00525701 0.0596429)
(-0.00644848 -0.00272344 0.106176)
(-0.00619199 -0.00326485 0.0650325)
(-0.00547273 -0.00436454 0.16496)
(-0.00665167 0.00218065 0.0206132)
(-0.00675654 0.00183006 0.0231551)
(-0.00659638 0.0023426 0.0254875)
(-0.00680084 0.00165789 0.0276829)
(-0.00682275 0.00156527 0.0301323)
(-0.00667766 0.00209972 0.0323961)
(-0.00689025 0.00123471 0.0347191)
(-0.00655005 0.00246918 0.0368876)
(-0.00667906 0.00209527 0.0391285)
(-0.00670725 0.0020032 0.0415051)
(-0.00654997 0.00246939 0.0437161)
(-0.00677324 0.00176727 0.0460625)
(-0.00676329 0.00180496 0.0490026)
(-0.00696681 0.00068084 0.0522301)
(-0.00667729 0.00210092 0.0546587)
(-0.00667307 0.00211427 0.0570157)
(-0.0063732 0.00289522 0.0590774)
(-0.00653094 0.00251929 0.0611612)
(-0.00696083 0.000739486 0.063423)
(-0.0065836 0.00237829 0.0657161)
(-0.0064187 0.00279291 0.0677792)
(-0.00668532 0.00207521 0.0698209)
(-0.00658596 0.00237173 0.0720198)
(-0.00685534 0.00141573 0.0740799)
(-0.00691573 0.00108292 0.0764791)
(-0.00690902 0.00112494 0.0789914)
(-0.00684321 0.00147326 0.0814126)
(-0.00661563 0.00228767 0.0835203)
(-0.00678648 0.00171572 0.0856686)
(-0.00677711 0.00175235 0.0879927)
(-0.00655928 0.00244456 0.0900905)
(-0.00674419 0.00187507 0.0921761)
(-0.00663742 0.00222365 0.0943406)
(-0.0068885 0.00124442 0.0964198)
(-0.00694889 0.000844372 0.0988765)
(-0.00688912 0.00124096 0.10135)
(-0.00666968 0.00212494 0.103613)
(-0.0063254 0.00299821 0.105617)
(-0.00654997 0.00246939 0.10766)
(-0.00665156 0.00218099 0.109922)
(-0.0066625 0.00214735 0.112327)
(-0.00669403 0.00204695 0.114918)
(-0.00671923 0.00196263 0.1176)
(-0.00633048 0.00298748 0.120121)
(-0.0066172 0.00228313 0.122794)
(-0.00639372 0.00284961 0.125257)
(-0.00662229 0.00226831 0.127464)
(-0.0065155 0.00255895 0.129694)
(-0.00679172 0.00169486 0.131817)
(-0.00680928 0.00162286 0.134296)
(-0.00660078 0.00233017 0.136569)
(-0.00676456 0.0018002 0.138781)
(-0.00659467 0.0023474 0.140995)
(-0.00681178 0.00161233 0.143167)
(-0.00681679 0.00159105 0.145616)
(-0.00663289 0.00223714 0.147835)
(-0.0068166 0.00159185 0.150046)
(-0.00680724 0.00163139 0.152475)
(-0.00659084 0.00235815 0.154627)
(-0.00675102 0.00185032 0.156828)
(-0.00659159 0.00235605 0.159016)
(-0.00680248 0.00165113 0.161251)
(-0.00679027 0.00170067 0.163745)
(-0.00649837 0.00260216 0.165821)
(-0.00653615 0.00250575 0.167917)
(-0.00685364 0.00142393 0.17015)
(-0.00693571 0.000946544 0.173152)
(-0.0065689 0.00241858 0.175421)
(-0.00656814 0.00242065 0.178067)
(-0.00640202 0.00283092 0.180913)
(-0.0069319 -0.000974063 0.0901737)
(-0.00579267 -0.00393001 0.0416985)
(-0.00472047 -0.00516887 0.0789589)
(-0.00607486 -0.00347795 0.0385104)
(-0.00656861 -0.00241938 0.097003)
(-0.0064788 -0.00265051 0.035358)
(-0.00688412 -0.00126844 0.0937512)
(-0.00670347 -0.00201583 0.074436)
(-0.00638411 -0.00287108 0.0186356)
(-0.00690546 -0.00114657 0.136481)
(-0.00684892 -0.00144649 0.0321782)
(-0.0068251 -0.00155498 0.0287982)
(-0.00690787 -0.00113197 0.116304)
(-0.00684778 -0.00145185 0.162786)
(-0.00682778 -0.00154319 0.144197)
(-0.00637111 -0.00289982 0.0616511)
(-0.00612371 -0.00339119 0.124989)
(-0.00616811 -0.00330975 0.109311)
(-0.00691125 -0.00111111 0.0558364)
(-0.00635828 -0.00292785 0.0585788)
(-0.0067091 -0.00199698 0.171112)
(-0.0063571 0.00293042 0.0179271)
(-0.0069261 -0.00101449 0.154957)
(-0.00692293 -0.0010359 0.0253824)
(-0.0054019 -0.0044519 0.0822504)
(-0.00684854 -0.0014483 0.0217402)
(-0.006902 -0.00116723 0.1478)
(-0.00663747 -0.0022235 0.0775553)
(-0.00699971 6.36784e-05 0.0186131)
(-0.00676901 -0.00178341 0.046981)
(-0.00673421 -0.00191061 0.0805528)
(-0.00687464 -0.00131886 0.10335)
(-0.00681952 -0.00157928 0.132493)
(-0.0068287 -0.00153912 0.151362)
(-0.00695784 -0.000767084 0.166862)
(-0.00698993 -0.000375413 0.0673805)
(-0.0069251 -0.00102128 0.0712284)
(-0.00693805 -0.000929255 0.0403805)
(-0.00690007 -0.00117855 0.120579)
(-0.00686218 -0.00138222 0.0868828)
(-0.00696636 -0.0006854 0.128849)
(-0.00694518 -0.000874364 0.0436367)
(-0.00691168 -0.00110847 0.0836756)
(-0.00699995 -2.56191e-05 0.125079)
(-0.00699163 0.000342314 0.105734)
(-0.00699157 -0.00034335 0.113523)
(-0.00699992 -3.34054e-05 0.0595628)
(-0.00699421 -0.00028461 0.176785)
(-0.00696432 -0.000705865 0.110949)
(-0.00698906 -0.000391219 0.0374432)
(-0.00698463 -0.000463586 0.108266)
(0.00862624 0.00256669 0.19847)
(0.00786735 0.0043709 0.198031)
(0.00661203 0.00610582 0.198096)
(0.00497679 0.00749877 0.198052)
(0.0031087 0.00844606 0.197873)
(0.00109754 0.00893283 0.197793)
(-0.000948589 0.00894987 0.197765)
(-0.002937 0.00850729 0.197776)
(-0.00478564 0.00762218 0.197812)
(-0.00634736 0.00638051 0.197805)
(-0.00761738 0.00479328 0.197777)
(-0.00849961 0.00295917 0.197807)
(-0.00894785 0.000967467 0.19785)
(-0.0089368 -0.00106469 0.197841)
(-0.00849033 -0.00298567 0.197853)
(-0.00759803 -0.0048239 0.197847)
(-0.00631378 -0.00641375 0.197889)
(-0.00475234 -0.00764299 0.197832)
(-0.00292651 -0.00851091 0.19777)
(-0.000956158 -0.00894906 0.19777)
(0.00109057 -0.00893368 0.19779)
(0.00306253 -0.00846291 0.197793)
(0.0048493 -0.00758184 0.197878)
(0.00635056 -0.00637734 0.197982)
(0.0075585 -0.0048856 0.198039)
(0.00838272 -0.00327568 0.198288)
(0.00887981 -0.00146592 0.198296)
(0.00866454 -0.00243427 0.00258697)
(0.00878881 -0.00193823 0.00791276)
(0.00883099 -0.00173599 0.0123468)
(0.00875463 -0.0020872 0.0167567)
(0.00879789 -0.00189662 0.019057)
(0.00877586 -0.00199608 0.0212705)
(0.00872384 -0.00221239 0.0257934)
(0.00871753 -0.00223711 0.0303228)
(0.00873884 -0.00215235 0.0350634)
(0.00872407 -0.00221147 0.0397936)
(0.00875859 -0.00207055 0.044516)
(0.00861106 -0.00261717 0.048797)
(0.00882199 -0.00178114 0.0535574)
(0.0087986 -0.0018933 0.0581351)
(0.00883484 -0.00171628 0.0626486)
(0.00875076 -0.00210339 0.0671082)
(0.00864312 -0.00250928 0.0712528)
(0.0087412 -0.00214277 0.0762313)
(0.00873302 -0.00217588 0.0785561)
(0.00870638 -0.00228011 0.0833733)
(0.00874205 -0.00213929 0.0875357)
(0.00886019 -0.00158018 0.091981)
(0.00870831 -0.00227275 0.0963728)
(0.0088246 -0.00176818 0.100941)
(0.00871496 -0.0022471 0.105756)
(0.0086091 -0.00262363 0.110206)
(0.00862595 -0.00256767 0.114918)
(0.00875004 -0.00210637 0.119264)
(0.00878405 -0.00195969 0.124036)
(0.00867642 -0.00239161 0.12835)
(0.00864748 -0.00249421 0.133071)
(0.00875136 -0.00210088 0.137418)
(0.00880968 -0.00184107 0.141896)
(0.00874501 -0.00212716 0.146516)
(0.00877033 -0.00202023 0.148915)
(0.00875663 -0.0020788 0.151208)
(0.00861926 -0.00259006 0.15611)
(0.00875111 -0.00210191 0.160244)
(0.00883128 -0.0017345 0.164685)
(0.00876286 -0.0020524 0.169263)
(0.00880989 -0.00184007 0.173837)
(0.0087821 -0.00196841 0.178419)
(0.0086739 -0.00240071 0.182732)
(0.00868416 -0.00236332 0.187489)
(0.00878198 -0.00196895 0.191984)
(0.00893285 -0.00109737 0.196471)
(0.00861755 0.00259574 0.00145528)
(0.00661346 0.00610428 0.00217729)
(0.00305574 0.00846537 0.00176196)
(-0.00099505 0.00894482 0.00187716)
(-0.00477651 0.0076279 0.00204195)
(-0.00760361 0.00481509 0.00193624)
(-0.00894486 0.000994709 0.00207256)
(-0.00849119 -0.00298324 0.00206129)
(-0.00633181 -0.00639595 0.00192751)
(-0.00295692 -0.00850039 0.00189778)
(0.00105639 -0.00893779 0.00226081)
(0.00493501 -0.00752633 0.00223048)
(0.00774568 -0.00458306 0.00177455)
(0.008684 0.00236393 0.00337589)
(0.00869278 0.00233144 0.00554116)
(0.00873195 0.00218013 0.00776621)
(0.008735 0.00216789 0.0100369)
(0.00866906 0.00241815 0.0123038)
(0.00868295 0.00236777 0.0145844)
(0.008652 0.0024785 0.0168863)
(0.00863236 0.00254606 0.0191512)
(0.00864127 0.00251563 0.0214157)
(0.00865406 0.0024713 0.0236748)
(0.00864497 0.00250289 0.0259768)
(0.00865988 0.0024508 0.0282235)
(0.00868005 0.0023784 0.0305143)
(0.00866838 0.00242057 0.0328428)
(0.00863762 0.00252814 0.0351432)
(0.00862585 0.00256802 0.0374362)
(0.00862202 0.00258084 0.0397684)
(0.00858905 0.00268854 0.0420998)
(0.00859317 0.00267535 0.044399)
(0.00858114 0.00271367 0.0466734)
(0.00859998 0.00265335 0.0489628)
(0.00861891 0.00259122 0.051272)
(0.00861306 0.00261059 0.0535412)
(0.00861477 0.00260496 0.0558068)
(0.00858587 0.00269866 0.0580728)
(0.00859455 0.0026709 0.0603414)
(0.00861284 0.00261131 0.0626178)
(0.00861683 0.00259812 0.0649013)
(0.00859816 0.00265925 0.0671855)
(0.00861089 0.00261773 0.06945)
(0.00862547 0.00256929 0.0717163)
(0.00861511 0.00260381 0.0739868)
(0.0086193 0.00258991 0.0762499)
(0.0086193 0.00258993 0.0785204)
(0.00861437 0.00260626 0.0807828)
(0.00859714 0.00266254 0.0830557)
(0.00858948 0.00268717 0.0852957)
(0.00862414 0.00257375 0.0875681)
(0.00859443 0.00267129 0.0898419)
(0.00860916 0.00262342 0.0921086)
(0.00859657 0.00266438 0.0943657)
(0.00859928 0.00265563 0.0966281)
(0.00861783 0.00259479 0.0988877)
(0.0086142 0.00260683 0.10115)
(0.00862646 0.00256598 0.103427)
(0.00861531 0.00260316 0.105716)
(0.00859147 0.00268079 0.107976)
(0.00862092 0.00258453 0.110235)
(0.00861542 0.00260281 0.11251)
(0.00861618 0.00260028 0.114786)
(0.0086074 0.00262918 0.117067)
(0.00860021 0.00265263 0.119359)
(0.00862347 0.00257601 0.121669)
(0.00861694 0.00259774 0.123975)
(0.00860729 0.00262956 0.126243)
(0.00861602 0.0026008 0.12851)
(0.00858931 0.0026877 0.130784)
(0.00859964 0.00265448 0.13305)
(0.00861627 0.00259997 0.13533)
(0.00862368 0.0025753 0.137607)
(0.00862098 0.00258431 0.139905)
(0.00859082 0.00268286 0.142171)
(0.00862266 0.0025787 0.144437)
(0.00861733 0.00259648 0.146718)
(0.00861543 0.00260275 0.148987)
(0.00859926 0.00265569 0.151251)
(0.00861441 0.00260614 0.153515)
(0.00861702 0.00259749 0.155784)
(0.00859068 0.00268331 0.158031)
(0.00862968 0.00255511 0.160296)
(0.00861522 0.00260346 0.162585)
(0.00858933 0.00268765 0.164841)
(0.00859769 0.00266078 0.167105)
(0.00859607 0.00266602 0.169366)
(0.00864229 0.00251214 0.171633)
(0.00862794 0.00256099 0.173886)
(0.00860147 0.00264853 0.176156)
(0.00859355 0.0026741 0.178491)
(0.0085817 0.00271192 0.180746)
(0.00858967 0.00268654 0.183012)
(0.00858774 0.00269272 0.18532)
(0.00864601 0.0024993 0.18761)
(0.0086637 0.00243726 0.189882)
(0.00871097 0.00226253 0.192137)
(0.00871564 0.00224448 0.194456)
(0.00866 0.0024504 0.19661)
(0.00876724 -0.00203359 0.00535384)
(0.00875707 -0.00207697 0.0103166)
(0.00872316 -0.00221507 0.0144574)
(0.00874778 -0.00211575 0.0234733)
(0.00872029 -0.00222631 0.0280022)
(0.00873126 -0.0021829 0.0327192)
(0.00871619 -0.00224233 0.0373868)
(0.00873123 -0.00218302 0.0421981)
(0.00883177 -0.00173199 0.0465834)
(0.00872162 -0.00222112 0.0513901)
(0.00863852 -0.00252507 0.0558111)
(0.00864565 -0.00250054 0.0605098)
(0.00876008 -0.00206422 0.0648089)
(0.00882731 -0.00175459 0.0692263)
(0.00873916 -0.00215108 0.0738557)
(0.00869974 -0.00230531 0.0809754)
(0.00882584 -0.00176198 0.0853741)
(0.00877894 -0.00198246 0.0899007)
(0.00874266 -0.00213679 0.0939962)
(0.00874284 -0.00213607 0.0988042)
(0.00859137 -0.00268112 0.103146)
(0.00880979 -0.00184052 0.107953)
(0.00877459 -0.00200163 0.112537)
(0.00882818 -0.00175019 0.117068)
(0.00872695 -0.00220007 0.121671)
(0.0088499 -0.00163684 0.126217)
(0.00880651 -0.00185619 0.130726)
(0.00883381 -0.00172159 0.135264)
(0.00873365 -0.00217332 0.139747)
(0.00860596 -0.00263391 0.143889)
(0.00871263 -0.00225611 0.153562)
(0.00882261 -0.00177808 0.158108)
(0.00876829 -0.00202905 0.162548)
(0.00862265 -0.00257875 0.166834)
(0.00857408 -0.0027359 0.171623)
(0.00875132 -0.00210106 0.176041)
(0.00884781 -0.00164809 0.180572)
(0.00883264 -0.00172759 0.185147)
(0.0088545 -0.00161179 0.189717)
(0.0087798 -0.00197866 0.194618)
(0.0049558 0.00751266 0.00208697)
(0.00787303 0.00436067 0.00184473)
(0.000991921 0.00894517 0.00172014)
(-0.00294094 0.00850593 0.00198172)
(-0.00636567 0.00636225 0.00208188)
(-0.00850509 0.00294336 0.00192677)
(-0.00894217 -0.00101861 0.00210962)
(-0.00761136 -0.00480284 0.00196769)
(-0.00472853 -0.00765774 0.00190966)
(-0.000956521 -0.00894903 0.00198733)
(0.00307365 -0.00845888 0.00227193)
(0.00656326 -0.00615822 0.00217029)
(0.00764323 0.00475195 0.195859)
(0.00611334 0.00660508 0.196195)
(0.00447696 0.00780749 0.195725)
(0.00242719 0.00866653 0.195522)
(0.000276519 0.00899575 0.19539)
(-0.00184691 0.00880846 0.195362)
(-0.00384313 0.0081382 0.195402)
(-0.00559785 0.00704728 0.195386)
(-0.00703096 0.00561833 0.195329)
(-0.0081085 0.00390541 0.195373)
(-0.00878047 0.00197571 0.195406)
(-0.00899988 -4.58627e-05 0.195426)
(-0.0087626 -0.00205351 0.195445)
(-0.00808395 -0.00395598 0.195494)
(-0.00699321 -0.00566524 0.195479)
(-0.00554085 -0.00709218 0.195469)
(-0.00383316 -0.0081429 0.195349)
(-0.00192584 -0.00879154 0.195324)
(0.000123426 -0.00899915 0.19537)
(0.00215814 -0.00873742 0.195345)
(0.00405534 -0.00803456 0.195412)
(0.00572507 -0.00694432 0.195632)
(0.0071369 -0.00548313 0.19573)
(0.00813966 -0.00384004 0.195955)
(0.00769368 -0.00466982 0.0289237)
(0.00822084 -0.00366303 0.00679058)
(0.0079666 -0.00418727 0.0123029)
(0.00810028 -0.00392244 0.0179126)
(0.00791989 -0.00427496 0.0435972)
(0.00784663 -0.00440799 0.0314228)
(0.00801831 -0.00408738 0.0243425)
(0.00774844 -0.0045784 0.0361922)
(0.00789451 -0.00432165 0.0411127)
(0.00811961 -0.00388226 0.0461462)
(0.00770047 -0.00465863 0.0826587)
(0.00763317 -0.0047681 0.0507612)
(0.00806375 -0.00399699 0.053334)
(0.00793189 -0.00425266 0.0582509)
(0.00810421 -0.0039143 0.0631398)
(0.0079096 -0.00429397 0.065891)
(0.00808391 -0.00395605 0.0686097)
(0.00793285 -0.00425087 0.0727444)
(0.00767002 -0.00470859 0.0798972)
(0.00795884 -0.00420201 0.0856548)
(0.00782009 -0.00445491 0.0773414)
(0.0080949 -0.00393352 0.100372)
(0.00795485 -0.00420956 0.0888597)
(0.00822551 -0.00365254 0.0917344)
(0.00752298 -0.00494012 0.10503)
(0.00782943 -0.00443848 0.0975777)
(0.00803354 -0.00405736 0.158668)
(0.00798474 -0.00415259 0.107738)
(0.00784968 -0.00440256 0.112642)
(0.00807497 -0.00397427 0.117565)
(0.00786998 -0.00436616 0.120331)
(0.00795046 -0.00421784 0.123083)
(0.0082051 -0.00369815 0.125771)
(0.00796999 -0.00418082 0.13063)
(0.00809511 -0.00393308 0.135593)
(0.00787207 -0.0043624 0.138344)
(0.0079732 -0.0041747 0.141197)
(0.00787964 -0.00434871 0.145394)
(0.00785942 -0.00438514 0.15229)
(0.00811947 -0.00388254 0.164059)
(-0.00380957 0.00815397 0.00456287)
(0.00790077 -0.0043102 0.161319)
(0.00778769 -0.0045113 0.169013)
(0.00796532 -0.0041897 0.174264)
(0.00794713 -0.00422411 0.177197)
(0.00821599 -0.0036739 0.180052)
(0.00815911 -0.00379854 0.185007)
(0.00823137 -0.00363931 0.190027)
(0.00804619 -0.00403222 0.193118)
(-0.00709902 0.00553208 0.00470816)
(0.00210819 0.0087496 0.00361541)
(0.00614047 0.00657986 0.00506023)
(0.00767468 -0.00470098 0.0155693)
(0.00402194 0.00805133 0.00429667)
(0.00804375 -0.00403709 0.00927089)
(0.00777359 -0.00453555 0.00444113)
(-0.00565937 0.00699797 0.00472193)
(0.0077336 0.00460342 0.00418736)
(-0.00873597 0.00216397 0.00471349)
(-0.00877416 -0.00200355 0.00483248)
(-0.00700907 -0.00564562 0.00437367)
(0.00408553 -0.00801926 0.00510629)
(0.00606237 -0.0066519 0.00480807)
(0.00196977 -0.0087818 0.00519528)
(0.00786597 -0.00437338 0.0338709)
(0.00781282 -0.00446764 0.0220876)
(0.0079685 0.00418366 0.00880502)
(0.00768394 0.00468584 0.0108646)
(0.00754275 0.00490988 0.0131744)
(0.00745664 0.00503969 0.0156574)
(0.0074288 0.00508065 0.0180049)
(0.00739305 0.00513253 0.020237)
(0.00733325 0.00521761 0.0225099)
(0.00732497 0.00522923 0.0248322)
(0.00736906 0.0051669 0.0270398)
(0.00743048 0.00507818 0.0293476)
(0.00745296 0.00504513 0.0316966)
(0.00740858 0.00511008 0.0340722)
(0.00730913 0.00525135 0.0363269)
(0.00727266 0.00530174 0.0386144)
(0.0072684 0.00530758 0.0409323)
(0.0072438 0.0053411 0.0432713)
(0.00726099 0.00531771 0.0455151)
(0.00725252 0.00532925 0.047781)
(0.00727646 0.00529653 0.0501021)
(0.00727663 0.00529629 0.052393)
(0.00729743 0.00526759 0.0546701)
(0.00726785 0.00530832 0.0569323)
(0.00724958 0.00533325 0.0591781)
(0.00727853 0.00529367 0.0614869)
(0.00730519 0.00525682 0.0637578)
(0.00724547 0.00533883 0.0660347)
(0.00728008 0.00529154 0.0683185)
(0.00727622 0.00529685 0.0706227)
(0.00725994 0.00531914 0.0728635)
(0.00728297 0.00528757 0.0751437)
(0.00729748 0.00526752 0.0774408)
(0.0072437 0.00534123 0.0796811)
(0.00729019 0.0052776 0.0819733)
(0.00723624 0.00535134 0.0841857)
(0.00729104 0.00527643 0.086471)
(0.00724013 0.00534607 0.0886932)
(0.00730728 0.00525392 0.0909803)
(0.00725031 0.00533227 0.0932504)
(0.00727223 0.00530233 0.095528)
(0.00727548 0.00529787 0.097715)
(0.00730123 0.00526233 0.100018)
(0.00727149 0.00530335 0.102303)
(0.00726632 0.00531042 0.104578)
(0.00728035 0.00529117 0.106849)
(0.00725165 0.00533043 0.109129)
(0.00728882 0.0052795 0.111404)
(0.0072781 0.00529426 0.11369)
(0.00727548 0.00529786 0.115979)
(0.00726312 0.0053148 0.118257)
(0.00725726 0.0053228 0.120572)
(0.00729804 0.00526675 0.122812)
(0.00727309 0.00530115 0.125102)
(0.00727292 0.00530138 0.127387)
(0.007263 0.00531497 0.129687)
(0.00723657 0.00535089 0.131938)
(0.00728464 0.00528527 0.13421)
(0.00725835 0.00532131 0.136485)
(0.0072972 0.00526791 0.138755)
(0.0072681 0.00530799 0.141026)
(0.00726524 0.00531191 0.143308)
(0.00726969 0.00530581 0.145589)
(0.00728632 0.00528295 0.147862)
(0.00727024 0.00530506 0.150149)
(0.0072717 0.00530305 0.152357)
(0.00729069 0.00527691 0.154663)
(0.00725794 0.00532188 0.156927)
(0.00726379 0.00531388 0.159195)
(0.00729621 0.00526928 0.161442)
(0.00726149 0.00531703 0.163713)
(0.00727204 0.00530258 0.166003)
(0.00723034 0.0053593 0.168214)
(0.00728506 0.00528469 0.170525)
(0.0072903 0.00527745 0.172775)
(0.00727737 0.00529527 0.17506)
(0.00728899 0.00527927 0.177346)
(0.00728006 0.00529157 0.179637)
(0.00727527 0.00529816 0.181933)
(0.00724002 0.00534623 0.184234)
(0.00731012 0.00524996 0.186638)
(0.0074039 0.00511686 0.189121)
(0.00761121 0.00480306 0.191445)
(0.00792433 0.00426672 0.193534)
(0.00814285 -0.00383327 0.0199923)
(0.00801191 -0.00409991 0.149993)
(0.00865598 -0.00246456 0.196685)
(0.00783102 -0.00443567 0.0386402)
(0.00761651 -0.00479466 0.0943122)
(-0.00177064 0.00882411 0.00439698)
(0.00771119 0.00464086 0.00660224)
(0.0071637 -0.00544806 0.0557232)
(0.00714364 -0.00547433 0.0609616)
(0.00707899 -0.00555769 0.070526)
(0.00791098 -0.00429143 0.0749423)
(0.007011 -0.00564321 0.102295)
(0.00705097 -0.00559319 0.115384)
(0.00712029 -0.00550467 0.13318)
(0.00652132 -0.00620261 0.143077)
(0.00691699 -0.00575806 0.156672)
(0.00720185 -0.00539754 0.16607)
(0.00801498 -0.0040939 0.147615)
(0.00753239 -0.00492576 0.182142)
(0.00782062 -0.00445398 0.154508)
(0.00655101 -0.00617125 0.171592)
(0.00759885 -0.00482259 0.187504)
(0.000227125 0.00899713 0.00410552)
(-0.00899954 9.10287e-05 0.00487537)
(-0.00808711 0.00394951 0.00413835)
(-0.00807205 -0.0039802 0.00463493)
(0.0070628 -0.00557824 0.0480816)
(-0.00204498 -0.00876459 0.00416955)
(-0.000207918 -0.0089976 0.00489423)
(-0.00546177 -0.00715326 0.00429486)
(0.00738356 -0.00514617 0.127937)
(0.00698222 -0.00567878 0.110087)
(-0.00378898 -0.00816355 0.00450025)
(0.00412322 0.00799994 0.193152)
(0.00174036 0.00883013 0.192916)
(-0.000540356 0.00898376 0.192828)
(-0.0026665 0.00859592 0.192745)
(-0.00468223 0.00768614 0.19267)
(-0.00635925 0.00636867 0.192563)
(-0.00757914 0.00485352 0.192538)
(-0.00849659 0.00296783 0.192571)
(-0.00895075 0.000940238 0.192576)
(-0.00893105 -0.00111187 0.192591)
(-0.00845347 -0.00308852 0.192676)
(-0.0075474 -0.00490273 0.192842)
(-0.00630382 -0.00642354 0.192883)
(-0.00466128 -0.00769886 0.192644)
(-0.00287972 -0.00852685 0.1926)
(-0.000906784 -0.0089542 0.192665)
(0.00132664 -0.00890169 0.192647)
(0.00332323 -0.00836398 0.192666)
(0.00514792 -0.00738234 0.192842)
(0.00675709 -0.00594489 0.193437)
(0.00626346 -0.0064629 0.118598)
(0.00584391 -0.00684461 0.0783133)
(0.0063291 -0.00639863 0.0641415)
(0.00427276 0.00792108 0.00713676)
(0.00597807 -0.00672775 0.0300892)
(0.00769926 -0.00466062 0.0264477)
(-0.00841738 -0.00318554 0.00778509)
(0.00510126 -0.00741465 0.00774779)
(0.00623925 -0.00648627 0.0529403)
(0.00650885 -0.0062157 0.099328)
(0.00621528 -0.00650924 0.0675649)
(0.00621285 -0.00651156 0.0876262)
(0.00618023 -0.00654253 0.0424104)
(0.00646379 -0.00626254 0.0758321)
(0.00669185 -0.00601823 0.0909868)
(0.00580784 -0.00687525 0.15968)
(0.00595919 -0.00674449 0.0962449)
(0.00599536 -0.00671235 0.1072)
(0.00630892 -0.00641853 0.136213)
(0.00615052 -0.00657048 0.121945)
(0.00673307 -0.00597209 0.12503)
(0.00609495 -0.00662205 0.139599)
(0.00641188 0.00631568 0.00855264)
(0.00673682 -0.00596786 0.179088)
(0.00550184 -0.00712248 0.014085)
(0.00646364 -0.00626269 0.0452184)
(0.00202155 0.00877003 0.00586403)
(-0.0089587 -0.000861228 0.00799975)
(0.00635401 0.0063739 0.193686)
(0.00605661 -0.00665714 0.0237528)
(0.00604747 0.00666545 0.0115664)
(0.00585034 0.00683912 0.0142453)
(0.00567151 0.00698813 0.0166662)
(0.00559275 0.00705132 0.0190799)
(0.00545394 0.00715923 0.0214337)
(0.00540032 0.00719976 0.0237016)
(0.00543556 0.0071732 0.0259627)
(0.00559804 0.00704712 0.0281961)
(0.00581774 0.00686687 0.0304379)
(0.00581181 0.00687189 0.032899)
(0.00544407 0.00716674 0.0350871)
(0.00517078 0.00736635 0.0373033)
(0.00498421 0.00749384 0.039621)
(0.00492145 0.00753521 0.0420208)
(0.00495077 0.00751598 0.0443374)
(0.00502344 0.0074676 0.0466084)
(0.00497303 0.00750127 0.0489528)
(0.00495157 0.00751545 0.051282)
(0.00496553 0.00750623 0.0535224)
(0.00497528 0.00749977 0.0558481)
(0.00501319 0.00747448 0.0581031)
(0.00500854 0.0074776 0.0603549)
(0.00497285 0.00750138 0.0626073)
(0.00496298 0.00750792 0.0649279)
(0.00497004 0.00750324 0.0671553)
(0.00501261 0.00747487 0.0694493)
(0.00508541 0.00742553 0.0717446)
(0.00500195 0.00748201 0.0739712)
(0.00495828 0.00751102 0.076277)
(0.00496873 0.00750411 0.0785795)
(0.00494579 0.00751925 0.0807948)
(0.0049442 0.0075203 0.0830933)
(0.00494907 0.00751709 0.0853065)
(0.00495926 0.00751038 0.0876054)
(0.00496916 0.00750383 0.0898332)
(0.00499775 0.00748482 0.0921479)
(0.00503341 0.00746089 0.0943795)
(0.00504967 0.00744989 0.0966187)
(0.00504149 0.00745542 0.0988536)
(0.00510443 0.00741247 0.101169)
(0.00507846 0.00743029 0.103471)
(0.00501851 0.00747091 0.105702)
(0.00499469 0.00748686 0.108026)
(0.00502076 0.0074694 0.110261)
(0.0050792 0.00742979 0.112562)
(0.0049969 0.00748539 0.114864)
(0.00494113 0.00752232 0.117101)
(0.00492403 0.00753352 0.11942)
(0.00493419 0.00752687 0.121665)
(0.00494996 0.00751651 0.123993)
(0.00497088 0.00750269 0.126239)
(0.00498777 0.00749147 0.128555)
(0.00498569 0.00749286 0.130798)
(0.00496673 0.00750544 0.133109)
(0.00498562 0.0074929 0.135405)
(0.00500336 0.00748107 0.137629)
(0.00502633 0.00746566 0.13993)
(0.00507859 0.0074302 0.142158)
(0.00510768 0.00741024 0.144466)
(0.00501484 0.00747338 0.146701)
(0.00501396 0.00747397 0.14902)
(0.00504861 0.00745061 0.151268)
(0.00503544 0.00745951 0.153512)
(0.00504352 0.00745405 0.155837)
(0.00504914 0.00745025 0.158071)
(0.00501737 0.00747168 0.160298)
(0.00502052 0.00746957 0.1626)
(0.00505712 0.00744484 0.164833)
(0.00509779 0.00741704 0.167155)
(0.00502849 0.0074642 0.169403)
(0.00505326 0.00744745 0.171676)
(0.00519899 0.00734646 0.173972)
(0.00525023 0.00730993 0.176261)
(0.00524104 0.00731653 0.178512)
(0.00526452 0.00729964 0.180835)
(0.00530211 0.00727239 0.183246)
(0.00536452 0.00722647 0.185838)
(0.00550743 0.00711816 0.188353)
(0.00589417 0.00680138 0.190964)
(0.00639199 -0.0063358 0.150935)
(-0.00239573 0.00867528 0.00711266)
(0.00703034 -0.00561911 0.00724605)
(0.00684301 -0.00584579 0.148646)
(0.00623062 -0.00649457 0.0190364)
(0.00640743 -0.00632019 0.16288)
(0.00575615 -0.00691858 0.027208)
(0.00589969 -0.0067966 0.0843469)
(0.00593808 -0.00676308 0.17552)
(0.00572257 -0.00694638 0.0812266)
(0.0058546 -0.00683547 0.0584322)
(0.00286833 -0.00853069 0.00820915)
(0.00622609 -0.00649891 0.0732045)
(-0.00885066 0.00163273 0.00792957)
(0.00497191 -0.00750201 0.0931678)
(0.00517798 -0.00736129 0.104278)
(-0.00741322 -0.00510335 0.00727738)
(0.00675647 -0.0059456 0.184596)
(0.0056096 -0.00703793 0.168075)
(0.0039592 -0.00808237 0.156373)
(0.00682478 -0.00586706 0.190486)
(-0.00801422 0.0040954 0.00732951)
(-0.000197126 0.00899784 0.00661146)
(0.00656422 -0.00615719 0.010405)
(-0.00659221 0.00612722 0.00761428)
(-0.00464288 0.00770997 0.00744142)
(0.00631985 -0.00640777 0.146191)
(0.00538092 -0.00721427 0.0501566)
(0.00592692 -0.00677286 0.0349129)
(0.000365647 -0.00899257 0.00837384)
(0.00646242 -0.00626396 0.0398993)
(0.00581579 -0.00686852 0.0374738)
(0.00593703 -0.006764 0.130301)
(0.00560469 -0.00704183 0.112852)
(-0.00620831 -0.00651589 0.00656146)
(0.00341041 0.00832881 0.190434)
(0.000955277 0.00894916 0.19043)
(-0.00143725 0.0088845 0.190319)
(-0.00352574 0.00828065 0.189959)
(-0.00546876 0.00714791 0.189726)
(-0.00694045 0.00572976 0.189663)
(-0.00805454 0.00401551 0.189623)
(-0.00878999 0.00193292 0.189565)
(-0.00899774 -0.000201635 0.189489)
(-0.00870151 -0.00229864 0.18953)
(-0.00794241 -0.00423298 0.18977)
(-0.0069635 -0.00570172 0.190426)
(-0.00559607 -0.00704869 0.189846)
(-0.00388357 -0.00811898 0.189747)
(-0.00194091 -0.00878822 0.18983)
(0.000348713 -0.00899324 0.189943)
(0.00250646 -0.00864394 0.18992)
(0.00463977 -0.00771184 0.190017)
(-0.000690908 0.00897344 0.00920385)
(0.00397899 -0.00807265 0.0897662)
(0.00334002 -0.00835729 0.145093)
(0.00427905 -0.00791768 0.0107128)
(0.00407013 -0.00802708 0.178398)
(0.00334955 -0.00835347 0.0862771)
(0.00443949 -0.00782885 0.101104)
(0.00397396 -0.00807512 0.172798)
(0.00352566 -0.00828068 0.137235)
(0.00313538 -0.0084362 0.120536)
(0.00407152 -0.00802638 0.109867)
(0.00277771 -0.00856063 0.0170134)
(0.00323563 -0.00839825 0.141059)
(0.00582965 -0.00685676 0.153745)
(0.00251722 -0.00864081 0.159045)
(0.00405817 -0.00803314 0.124512)
(0.00652049 -0.00620349 0.0325596)
(0.00541607 -0.00718792 0.127296)
(0.00559482 -0.00704968 0.181581)
(0.00397232 -0.00807593 0.0705391)
(0.00415548 -0.00798323 0.133161)
(0.00173611 0.00883096 0.0084382)
(0.00330836 -0.00836987 0.0291555)
(-0.00222376 -0.00872095 0.00729892)
(0.00391803 0.00810241 0.00994469)
(0.00347256 0.00830309 0.012678)
(0.00315514 0.00842882 0.0152682)
(0.00281994 0.00854681 0.017687)
(0.00255638 0.00862931 0.0201791)
(0.00248694 0.00864957 0.0225488)
(0.00250603 0.00864406 0.024907)
(0.00265799 0.00859855 0.0272532)
(0.00305074 0.00846717 0.0294016)
(0.00369491 0.00820656 0.0315833)
(0.00231126 0.00869817 0.0358598)
(0.00179517 0.00881915 0.0454056)
(0.0017685 0.00882453 0.0477964)
(0.00197685 0.00878021 0.0569715)
(0.00197952 0.00877961 0.0592556)
(0.00195157 0.00878586 0.0615343)
(0.00191836 0.00879317 0.0638065)
(0.00188458 0.00880047 0.0705627)
(0.0019606 0.00878385 0.0728937)
(0.00200173 0.00877457 0.075161)
(0.00197681 0.00878022 0.0774503)
(0.00190955 0.00879509 0.0797188)
(0.00191991 0.00879283 0.0887335)
(0.00196918 0.00878193 0.0909971)
(0.00199998 0.00877497 0.093265)
(0.00202804 0.00876853 0.0955172)
(0.00197403 0.00878084 0.102355)
(0.00190454 0.00879618 0.10916)
(0.00177853 0.00882252 0.111422)
(0.00175111 0.008828 0.113754)
(0.00181471 0.00881515 0.116017)
(0.00183229 0.00881151 0.118298)
(0.00183754 0.00881042 0.120583)
(0.00199124 0.00877696 0.129701)
(0.00195464 0.00878518 0.136524)
(0.00190593 0.00879588 0.1433)
(0.00194865 0.00878651 0.145634)
(0.00200403 0.00877404 0.147895)
(0.00202912 0.00876828 0.150163)
(0.00207699 0.00875706 0.152417)
(0.00201212 0.00877219 0.159202)
(0.00187235 0.00880308 0.165958)
(0.00192324 0.00879211 0.168302)
(0.00207498 0.00875754 0.17516)
(0.00251395 0.00864176 0.184727)
(0.00249927 0.00864602 0.187668)
(0.00426822 -0.00792353 0.116251)
(0.00427431 -0.00792024 0.0982517)
(0.00500952 -0.00747694 0.165071)
(0.00444354 -0.00782655 0.0616508)
(0.00322019 -0.00840419 0.0657127)
(0.00457357 -0.00775129 0.055562)
(0.00231637 -0.00869681 0.153271)
(0.00305309 -0.00846632 0.0255025)
(-0.000146784 -0.0089988 0.156121)
(0.00246934 0.00865462 0.182127)
(-0.00304008 0.008471 0.00980179)
(0.00175609 -0.00882701 0.149231)
(0.00308608 -0.00845436 0.0827255)
(0.00185128 -0.00880754 0.0122639)
(0.0019569 0.00878468 0.163702)
(0.003107 -0.00844669 0.0791196)
(0.00197376 0.0087809 0.141047)
(0.00197336 0.00878099 0.134259)
(-0.00758277 -0.00484784 0.010313)
(0.00300851 -0.00848227 0.0955855)
(0.00300738 -0.00848267 0.106568)
(0.00240948 -0.00867147 0.175337)
(-0.00445923 -0.00781763 0.00717467)
(0.00583169 -0.00685503 0.187397)
(0.00312963 -0.00843833 0.162466)
(0.00331697 -0.00836646 0.169728)
(-0.00609968 -0.00661769 0.0091971)
(0.00363075 -0.00823515 0.0751882)
(0.00197986 0.00877953 0.106884)
(-0.0086705 -0.00241296 0.0109631)
(0.00446609 -0.00781371 0.0470726)
(0.00379761 -0.00815955 0.0438652)
(-0.00139486 -0.00889125 0.0113725)
(0.00349838 -0.00829224 0.0525487)
(0.00306893 -0.00846059 0.0214426)
(-0.0089922 0.000374717 0.0111055)
(0.00283444 0.00854201 0.0336485)
(0.00199489 0.00877613 0.0382126)
(0.00184771 0.00880829 0.0406116)
(0.00180713 0.0088167 0.04303)
(0.00195951 0.00878409 0.0546843)
(0.0018673 0.00880416 0.050113)
(0.00190383 0.00879633 0.052401)
(0.00191061 0.00879486 0.0683167)
(0.00189013 0.00879928 0.0660661)
(0.00187981 0.00880149 0.0864733)
(0.001876 0.00880231 0.0819754)
(0.00185261 0.00880726 0.0842241)
(0.00203172 0.00876767 0.100015)
(0.00204396 0.00876483 0.0977643)
(0.00201349 0.00877188 0.104612)
(0.00197267 0.00878115 0.127413)
(0.00187937 0.00880159 0.122862)
(0.00192195 0.00879239 0.125138)
(0.0019966 0.00877574 0.131982)
(0.00197806 0.00877994 0.138792)
(0.00207369 0.00875784 0.156959)
(0.00210116 0.00875129 0.154689)
(0.00198549 0.00877826 0.161452)
(0.00203573 0.00876674 0.172806)
(0.00197325 0.00878102 0.170545)
(0.00355987 -0.00826603 0.040103)
(0.00221028 0.00872437 0.177409)
(0.0023336 0.0086922 0.179707)
(0.00466274 -0.00769798 0.148448)
(-0.00400233 -0.0080611 0.0103329)
(-0.00211316 0.0087484 0.187606)
(-0.00746223 0.00503141 0.186773)
(-0.00849522 0.00297175 0.186711)
(-0.0089665 0.000775805 0.18642)
(-0.00887014 -0.00152334 0.186349)
(-0.0081563 -0.00380457 0.186596)
(-0.00689482 -0.00578459 0.187255)
(-0.00496818 -0.00750448 0.186851)
(-0.00299821 -0.00848591 0.186879)
(-0.000954249 -0.00894927 0.187125)
(0.001548 -0.00886587 0.187213)
(0.0017926 -0.00881967 0.0922485)
(0.00064273 -0.00897702 0.0885257)
(0.0030508 -0.00846715 0.181356)
(-0.000949766 0.00894975 0.167159)
(-0.000899413 0.00895495 0.144503)
(9.92843e-05 -0.00899945 0.0766733)
(0.00115053 -0.00892616 0.0620037)
(0.00212376 -0.00874584 0.103052)
(0.00246079 -0.00865705 0.113179)
(0.000989554 -0.00894543 0.117122)
(-0.0010551 0.00893794 0.110306)
(-0.000777761 -0.00896633 0.0154425)
(-0.000536103 -0.00898402 0.160417)
(0.00125272 -0.00891239 0.134733)
(-0.000922511 0.0089526 0.135381)
(-0.00115582 0.00892547 0.0416198)
(0.00406046 -0.00803198 0.0324586)
(-0.00108608 0.00893423 0.0853528)
(0.000129346 -0.00899907 0.14604)
(4.46796e-05 0.00899989 0.185929)
(0.00291929 -0.00851339 0.0585647)
(0.000883901 -0.00895649 0.0318975)
(0.00272309 -0.00857816 0.0358572)
(-0.00842736 0.00315905 0.0110931)
(-0.000915917 0.00895327 0.0898663)
(0.00268943 -0.00858877 0.166322)
(-0.000847854 0.00895997 0.0717226)
(-0.00084228 0.0089605 0.0581252)
(-0.00718701 0.00541728 0.0107957)
(-0.00541957 0.00718528 0.0103229)
(-0.00105625 0.0089378 0.0465454)
(-4.22051e-07 -0.009 0.0279812)
(0.00458281 -0.00774583 0.184284)
(-0.000857631 0.00895904 0.105747)
(0.000788249 -0.00896541 0.0688375)
(0.000507628 0.00898567 0.0162348)
(6.68905e-05 0.00899975 0.0187196)
(-0.000284406 0.00899551 0.0212106)
(0.000122619 0.00899916 0.0289523)
(0.00102882 0.008941 0.0314539)
(-0.000734248 0.00897 0.0364606)
(-0.0010509 0.00893843 0.0390988)
(-0.00111088 0.00893118 0.0440776)
(-0.00105399 0.00893807 0.0489461)
(-0.00104941 0.00893861 0.0512526)
(-0.00101178 0.00894295 0.0876009)
(-0.00105049 0.00893848 0.0672079)
(-0.000880012 0.00895687 0.0604303)
(-0.000968211 0.00894777 0.0627108)
(-0.00104637 0.00893897 0.0649627)
(-0.000912203 0.00895365 0.126272)
(-0.000832511 0.00896141 0.12856)
(-0.000817371 0.00896281 0.0740277)
(-0.000781684 0.00896599 0.0763291)
(-0.000914856 0.00895338 0.0786044)
(-0.00104173 0.00893951 0.080863)
(-0.00075409 0.00896835 0.101185)
(-0.00110355 0.00893209 0.0831046)
(-0.000966309 0.00894797 0.0535193)
(-0.000854831 0.00895931 0.0921457)
(-0.000837829 0.00896092 0.0944136)
(-0.000812204 0.00896328 0.0966621)
(-0.000795081 0.00896481 0.103481)
(-0.00112838 0.00892898 0.112597)
(-0.00114377 0.00892703 0.114896)
(-0.0011334 0.00892835 0.117189)
(-0.0011317 0.00892856 0.119476)
(-0.0011058 0.00893181 0.121753)
(-0.00880956 0.00184163 0.0142991)
(-0.00103337 0.00894048 0.12401)
(-0.000826058 0.00896201 0.130851)
(-0.000826229 0.00896199 0.15805)
(-0.000922065 0.00895264 0.137655)
(0.00131542 0.00890335 0.0110247)
(-0.000920877 0.00895276 0.139921)
(0.000865674 -0.00895827 0.124704)
(-0.000709189 0.00897201 0.174043)
(-0.000885156 0.00895637 0.146799)
(-0.000850137 0.00895976 0.149089)
(-0.000789179 0.00896533 0.151335)
(-0.000662136 0.00897561 0.153552)
(-0.000918573 0.008953 0.160289)
(-0.000956773 0.008949 0.169487)
(-0.000653451 0.00897625 0.176374)
(0.000611511 -0.0089792 0.0425482)
(0.00414812 -0.00798706 0.15119)
(0.00132042 -0.00890261 0.0990282)
(-0.000176496 0.00899827 0.0338528)
(-0.000933139 0.00895149 0.162553)
(0.000405093 -0.00899088 0.0725868)
(0.00370535 -0.00820185 0.187164)
(-0.000946442 0.0089501 0.108028)
(-0.00760497 0.00481294 0.014668)
(2.57564e-06 -0.009 0.0846242)
(-0.0061288 0.00659074 0.18672)
(1.09957e-05 0.00899999 0.188308)
(-0.00431976 0.00789555 0.186853)
(-0.000935684 0.00895123 0.164841)
(-8.39182e-05 -0.00899961 0.080663)
(-0.00613924 -0.00658101 0.0124214)
(-0.000870626 0.00895779 0.0558122)
(-9.06104e-05 -0.00899954 0.142594)
(0.000343011 -0.00899346 0.1096)
(-0.000838178 -0.00896088 0.0655605)
(-0.00380164 -0.00815767 0.0140414)
(-0.0009505 -0.00894967 0.113903)
(-0.000813702 -0.00896314 0.121104)
(0.000540785 -0.00898374 0.178432)
(-0.000345915 -0.00899335 0.138132)
(0.00108783 -0.00893402 0.131533)
(0.000912048 -0.00895367 0.171887)
(-0.00150971 -0.00887247 0.148518)
(3.73982e-06 0.009 0.183424)
(-0.00100095 -0.00894417 0.151873)
(-0.00784031 -0.00441923 0.0138068)
(-0.000249263 0.00899655 0.180937)
(0.00242075 -0.00866833 0.0494265)
(-0.00594187 0.00675975 0.0134136)
(0.00140693 -0.00888935 0.0461174)
(-0.00139951 -0.00889052 0.034875)
(0.00292219 -0.00851239 0.128576)
(0.00148999 -0.00887581 0.0553673)
(-0.0028123 -0.00854932 0.0308573)
(-0.000340109 -0.00899357 0.0239011)
(-0.000889274 0.00895596 0.133115)
(-0.000908664 0.00895401 0.142199)
(0.000951215 0.00894959 0.0136503)
(-0.000235193 0.00899693 0.0263185)
(-0.000378225 0.00899205 0.0237512)
(-0.000404358 -0.00899091 0.164352)
(-0.000483633 -0.008987 0.0196888)
(-0.000981874 0.00894628 0.0694509)
(-0.000771049 0.00896691 0.0989068)
(-0.000659944 0.00897577 0.15584)
(-0.000883639 0.00895652 0.171761)
(-0.000638824 0.0089773 0.178627)
(-0.00117858 0.0089225 0.0118302)
(-0.000162201 -0.00899854 0.0387658)
(-0.00359886 0.00824913 0.0124408)
(-0.000380818 -0.00899194 0.0951527)
(-0.00304577 0.00846896 0.154707)
(-0.00743682 -0.00506889 0.18369)
(-0.00584067 -0.00684738 0.183865)
(-0.00386156 -0.00812947 0.183803)
(-0.00175867 -0.0088265 0.184098)
(-0.00180891 -0.00881634 0.0913104)
(-0.00414573 0.0079883 0.111421)
(-0.00394814 0.00808778 0.170846)
(-0.00375511 -0.00817919 0.158005)
(-3.5649e-05 -0.00899993 0.168268)
(-0.00385929 0.00813055 0.054634)
(-0.00029276 -0.00899524 0.105475)
(-0.00372481 0.00819303 0.0569519)
(-0.00886862 -0.00153218 0.0142178)
(-0.00216944 -0.00873462 0.132999)
(-0.00384133 0.00813905 0.131965)
(-0.0039626 0.00808071 0.0887392)
(-0.00408692 -0.00801855 0.149673)
(-0.00389764 -0.00811224 0.153799)
(-0.0039069 0.00810778 0.163683)
(-0.00377753 0.00816886 0.0978174)
(-0.0038946 0.0081137 0.070633)
(-0.00355015 -0.00827021 0.0266181)
(-0.00425263 0.0079319 0.0426851)
(-0.00382667 0.00814596 0.166046)
(-0.00396156 0.00808122 0.0452165)
(-0.00291739 0.00851404 0.0195489)
(-0.00323407 0.00839886 0.0222863)
(-0.00639057 -0.00633724 0.0162032)
(-0.000891243 -0.00895576 0.128542)
(-0.00372783 0.00819166 0.0592996)
(-0.00393353 0.00809489 0.04773)
(-0.00414959 0.0079863 0.0500493)
(-0.00418866 0.00796588 0.0661222)
(-0.00402349 0.00805056 0.12518)
(-0.00388934 0.00811622 0.061604)
(-0.00411941 0.0080019 0.0638566)
(-0.0035629 0.00826473 0.0728928)
(-0.00352183 0.00828232 0.0751854)
(-0.00376771 0.00817339 0.0774395)
(-0.0040203 0.00805216 0.0797019)
(-0.00393459 0.00809438 0.136516)
(-0.00379647 0.00816008 0.0910236)
(-0.00383906 0.00814012 0.143387)
(-0.00378062 0.00816743 0.0933133)
(-0.00381318 0.00815228 0.0955721)
(-0.00370217 0.00820329 0.156729)
(-0.00419221 0.00796401 0.113733)
(-0.00419514 0.00796246 0.11605)
(-0.00423825 0.0079396 0.118355)
(-0.00425127 0.00793264 0.120647)
(-0.00361941 0.00824014 0.100025)
(-0.00395757 0.00808317 0.138792)
(-0.0039545 0.00808467 0.134227)
(-0.00380217 0.00815742 0.148062)
(-0.0038428 0.00813836 0.150386)
(-0.00365005 0.00822661 0.152667)
(-0.00392088 0.00810103 0.159017)
(-0.00389638 0.00811284 0.168421)
(-0.00311947 0.00844209 0.175333)
(-0.00392086 0.00810104 0.141084)
(-0.00320286 -0.00841081 0.074228)
(-0.00386175 0.00812938 0.14572)
(-0.0024264 0.00866675 0.184855)
(-0.00300096 -0.00848494 0.0696853)
(-0.00334993 -0.00835332 0.145307)
(-0.0012257 -0.00891615 0.101736)
(-0.00281699 0.00854778 0.0279389)
(-0.00678253 0.00591585 0.183548)
(-0.00376251 0.00817579 0.127416)
(-0.00234981 0.00868783 0.0312212)
(-0.00374394 0.00818431 0.173257)
(0.0024062 -0.00867238 0.184342)
(-0.00325015 0.00839265 0.0250812)
(-0.00156203 0.00886341 0.0144624)
(-0.00260783 -0.0086139 0.0981942)
(-0.00875139 0.00210076 0.183485)
(-0.00899435 -0.000318855 0.183135)
(-0.00854959 -0.0028115 0.183215)
(-0.00402547 0.00804957 0.109144)
(0.000383755 -0.00899181 0.184854)
(-0.00422471 0.00794681 0.0819589)
(-0.00203493 -0.00876693 0.0451992)
(-0.00376705 -0.0081737 0.16233)
(-0.00377351 -0.00817072 0.0180453)
(-0.0025248 -0.0086386 0.0619668)
(-0.00259847 -0.00861672 0.117786)
(-0.0028485 -0.00853733 0.124977)
(0.000450346 -0.00898873 0.182031)
(-0.000493244 -0.00898647 0.0585265)
(-0.00355689 -0.00826732 0.140789)
(-0.00114389 -0.00892701 0.174639)
(-0.00417366 0.00797374 0.0864823)
(0.000223577 -0.00899722 0.0521006)
(-0.00396632 0.00807888 0.161346)
(-0.00725631 0.00532409 0.0181499)
(-0.0037848 0.00816549 0.104559)
(-0.00375378 -0.0081798 0.02226)
(-0.00331258 -0.0083682 0.0869461)
(-0.00413429 0.00799422 0.052348)
(-0.00412444 0.00799931 0.0683844)
(-0.00425506 0.0079306 0.0400526)
(-0.00367292 0.00821643 0.129739)
(-0.00222894 0.00871962 0.0170602)
(-0.00373111 -0.00819016 0.0378056)
(-0.00424663 0.00793512 0.0842189)
(-0.00328822 -0.00837781 0.0783377)
(-0.00358699 0.0082543 0.102326)
(-0.00420492 0.0079573 0.122928)
(-0.00798926 0.00414388 0.184228)
(-0.00496478 -0.00750673 0.0339898)
(-0.00490967 0.00754289 0.183283)
(-0.00364723 0.00822786 0.17768)
(-0.00230033 0.00870106 0.182377)
(-0.00336885 0.00834571 0.0342565)
(-0.00385365 0.00813323 0.106843)
(-0.00832252 -0.00342574 0.0179843)
(-0.00297339 -0.00849464 0.0415536)
(-0.00613613 0.00658391 0.128574)
(-0.0033148 -0.00836732 0.0824041)
(-0.00458523 -0.00774439 0.180611)
(-0.00214019 -0.00874183 0.180914)
(-0.00680487 0.00589014 0.0673705)
(-0.0039395 0.00809199 0.0150419)
(-0.00639643 0.00633133 0.0558067)
(-0.00668789 -0.00602263 0.159919)
(-0.0068363 0.00585364 0.121876)
(-0.00645187 -0.00627482 0.142989)
(-0.00671759 0.00598949 0.0696201)
(-0.00450486 -0.00779142 0.128821)
(-0.00410109 -0.00801131 0.136592)
(-0.00630227 0.00642506 0.154764)
(-0.00391332 0.00810469 0.0372505)
(-0.00524844 0.00731122 0.0294524)
(-0.00523957 -0.00731758 0.0906179)
(-0.00194605 -0.00878709 0.0550815)
(-0.00854005 0.00284034 0.0177175)
(-0.00550444 0.00712047 0.0170828)
(-0.00667122 -0.00604109 0.0248711)
(-0.000937262 -0.00895106 0.0487358)
(-0.00662622 0.00609042 0.162494)
(-0.00440097 -0.00785057 0.0654899)
(-0.00640139 0.00632631 0.092303)
(-0.00633787 0.00638994 0.023465)
(-0.00616146 0.00656022 0.0581374)
(-0.00645912 0.00626736 0.16488)
(-0.00679633 0.00589999 0.0440752)
(-0.0064315 0.0062957 0.0719292)
(-0.0059272 0.00677261 0.0739711)
(-0.00637245 0.00635547 0.0760965)
(-0.00669837 0.00601097 0.112474)
(-0.00671012 0.00599785 0.114932)
(-0.00676441 0.00593656 0.117191)
(-0.00650456 0.00622019 0.0990569)
(-0.00675161 0.00595112 0.137722)
(-0.00314941 -0.00843097 0.111128)
(-0.00651986 0.00620415 0.149463)
(-0.00664979 0.00606467 0.130728)
(-0.0066441 0.00607091 0.157379)
(-0.0033031 -0.00837195 0.104196)
(-0.00331863 0.0083658 0.180177)
(-0.00316807 -0.00842397 0.107504)
(-0.00624036 -0.00648521 0.0721311)
(-0.00647849 -0.00624734 0.0298407)
(-0.00681162 0.00588233 0.124203)
(-0.00611217 0.00660616 0.0266419)
(-0.00389023 -0.00811579 0.0944773)
(-0.00899951 -9.36943e-05 0.0171137)
(-0.00685045 0.00583707 0.0853712)
(-0.00352662 -0.00828027 0.166675)
(-0.00619165 -0.00653173 0.0760621)
(-0.00651057 0.0062139 0.0351284)
(-0.00795685 0.00420578 0.0211642)
(-0.00656265 -0.00615887 0.139093)
(-0.00596898 0.00673582 0.0321121)
(-0.00887694 0.00148324 0.180131)
(-0.00662163 0.00609541 0.126492)
(-0.0064735 -0.0062525 0.0369161)
(-0.0088687 -0.00153169 0.179832)
(-0.00675821 0.00594362 0.0650024)
(-0.00675663 0.00594542 0.0534423)
(-0.00622926 -0.00649587 0.0685875)
(-0.00682958 0.00586147 0.0511168)
(-0.00454487 -0.00776815 0.121506)
(-0.00590154 -0.00679499 0.11809)
(-0.00412066 -0.00800126 0.114779)
(-0.00578246 -0.00689661 0.132593)
(-0.00267405 -0.00859357 0.170807)
(-0.00671116 -0.00599669 0.0873606)
(-0.0065757 -0.00614493 0.147085)
(-0.00317951 -0.00841966 0.0516376)
(-0.00671313 -0.00599449 0.151268)
(-0.00393938 -0.00809205 0.0583721)
(-0.00659206 -0.00612737 0.181089)
(-0.00427605 -0.0079193 0.0480616)
(-0.00587561 -0.00681742 0.0618616)
(-0.00685618 -0.00583033 0.135675)
(-0.00624545 -0.00648031 0.0405899)
(-0.00671702 0.00599013 0.0487407)
(-0.0079198 -0.00427514 0.18014)
(-0.00635284 0.00637506 0.0604726)
(-0.00660743 0.0061108 0.139964)
(-0.00693616 0.00573495 0.0413838)
(-0.00623316 0.00649213 0.17982)
(-0.00665357 -0.00606053 0.020386)
(-0.00486918 -0.00756909 0.101268)
(-0.0089906 0.000411298 0.0206035)
(-0.00664151 0.00607374 0.160067)
(-0.00651671 0.00620746 0.0899057)
(-0.00623571 0.00648968 0.0464478)
(-0.0060273 0.00668369 0.101111)
(-0.00670428 0.00600438 0.0627293)
(-0.00851243 -0.00292207 0.0227084)
(-0.00678839 0.00590913 0.110251)
(-0.00661589 0.00610164 0.0784646)
(-0.00664231 -0.00607287 0.164634)
(-0.00643437 0.00629276 0.0945266)
(-0.00660955 0.0061085 0.172682)
(-0.00619786 -0.00652584 0.0837028)
(-0.00793741 0.00424235 0.181247)
(-0.00649676 0.00622833 0.147036)
(-0.00646331 0.00626303 0.0968335)
(-0.00683958 0.0058498 0.119534)
(-0.00676585 0.00593493 0.0876585)
(-0.00665733 0.0060564 0.133059)
(-0.0065201 0.0062039 0.151995)
(-0.00642149 0.00630591 0.167416)
(-0.00666901 0.00604353 0.135366)
(-0.0065529 0.00616924 0.142302)
(-0.00651939 0.00620464 0.144658)
(-0.0054623 -0.00715285 0.0442628)
(-0.0067298 -0.00597576 0.155551)
(-0.00687459 0.00580862 0.0830471)
(-0.00627955 0.00644727 0.175829)
(-0.00315034 -0.00843062 0.17755)
(-0.00652084 0.00620312 0.169873)
(-0.00584185 0.00684637 0.0203347)
(-0.00614129 -0.0065791 0.0799401)
(-0.00700177 -0.00565466 0.0581171)
(-0.00834367 0.0033739 0.0662003)
(-0.00641696 -0.00631052 0.169779)
(-0.00834687 -0.00336598 0.14468)
(-0.00679979 0.00589601 0.0807243)
(-0.00831306 -0.00344864 0.140781)
(-0.00628983 -0.00643724 0.12518)
(-0.00859351 -0.00267423 0.027063)
(-0.00776528 -0.00454978 0.129086)
(-0.00829553 -0.00349059 0.0382203)
(-0.00823892 0.00362218 0.0550527)
(-0.00776552 -0.00454937 0.0904514)
(-0.00678864 0.00590884 0.0384193)
(-0.00899955 9.02451e-05 0.154044)
(-0.00647095 0.00625514 0.103224)
(-0.00820199 0.00370504 0.148312)
(-0.00749436 -0.00498344 0.0654327)
(-0.0084092 -0.00320708 0.148743)
(-0.00817889 -0.00375575 0.0778036)
(-0.00871198 0.00225861 0.0688935)
(-0.0085166 0.0029099 0.120805)
(-0.00810053 0.00392192 0.158835)
(-0.00767975 0.00469269 0.0591729)
(-0.00817422 0.00376592 0.16396)
(-0.00846486 0.00305714 0.0868916)
(-0.00859559 0.00266757 0.0251854)
(-0.00812994 0.00386058 0.128828)
(-0.00810075 0.00392145 0.113568)
(-0.00810581 0.00391098 0.0713819)
(-0.00822356 0.00365691 0.0611741)
(-0.00829936 0.00348148 0.0892873)
(-0.00826043 0.00357286 0.161384)
(-0.00792012 0.00427454 0.0740687)
(-0.00795011 0.00421851 0.0767392)
(-0.00530471 -0.00727049 0.054682)
(-0.00823193 0.00363803 0.143636)
(-0.00834403 0.003373 0.115822)
(-0.0084725 0.00303591 0.11828)
(-0.00765755 -0.00472884 0.0340428)
(-0.00795118 0.00421649 0.145927)
(-0.00847852 0.00301905 0.049466)
(-0.00798612 0.00414993 0.150736)
(-0.00826816 -0.00355493 0.0739684)
(-0.00830423 -0.00346984 0.176673)
(-0.00855308 0.00280087 0.156289)
(-0.0083822 0.003277 0.0790192)
(-0.00727923 -0.00529272 0.0472156)
(-0.00784877 0.00440417 0.091305)
(-0.00843807 -0.00313033 0.161897)
(-0.00839858 0.0032348 0.123399)
(-0.00843822 -0.00312993 0.0695755)
(-0.00649055 0.0062348 0.105478)
(-0.00850677 0.0029385 0.173981)
(-0.00661217 0.00610567 0.107929)
(-0.007701 0.00465775 0.0571083)
(-0.00606121 -0.00665295 0.0976888)
(-0.00809232 0.00393882 0.046571)
(-0.00822651 -0.00365029 0.0433258)
(-0.00815234 0.00381306 0.10394)
(-0.00770683 -0.0046481 0.121423)
(-0.00819171 -0.00372771 0.0617822)
(-0.00831462 0.00344487 0.0362066)
(-0.00851077 0.00292692 0.081641)
(-0.00833883 0.00338585 0.13656)
(-0.00854893 -0.00281349 0.0310035)
(-0.00816611 -0.00378346 0.133227)
(-0.00561755 -0.00703158 0.112281)
(-0.00845619 0.00308106 0.0524648)
(-0.00811157 0.00389903 0.0327707)
(-0.00452588 -0.00777923 0.173989)
(-0.00837664 -0.00329118 0.0875618)
(-0.00803718 0.00405014 0.171153)
(-0.00899729 0.000220661 0.176577)
(-0.00753572 0.00492066 0.0292795)
(-0.0083166 0.00344008 0.126084)
(-0.00840936 -0.00320666 0.152784)
(-0.00809352 -0.00393635 0.0813942)
(-0.00832366 -0.00342295 0.136995)
(-0.00804164 0.00404129 0.101071)
(-0.00834352 0.00337427 0.139066)
(-0.00827647 0.00353553 0.153296)
(-0.0081495 -0.00381912 0.0846525)
(-0.00852436 0.00288708 0.0842476)
(-0.00860258 0.00264492 0.111237)
(-0.00872975 0.00218893 0.0435052)
(-0.0084487 0.00310152 0.0636232)
(-0.00808677 0.00395022 0.0935279)
(-0.00630235 -0.00642498 0.177592)
(-0.00832943 0.00340889 0.131735)
(-0.00782222 0.00445116 0.166221)
(-0.00863582 -0.0025343 0.157198)
(-0.00801281 0.00409815 0.141293)
(-0.00623941 -0.00648612 0.0511204)
(-0.00858935 -0.00268758 0.166964)
(-0.00581138 -0.00687225 0.109211)
(-0.0082203 0.00366424 0.0981656)
(-0.00631262 -0.0064149 0.105232)
(-0.00792823 0.00425947 0.106432)
(-0.00807534 0.00397351 0.177745)
(-0.00787213 -0.00436228 0.101159)
(-0.00899947 9.72759e-05 0.0614487)
(-0.00793291 0.00425076 0.0957645)
(-0.00842934 -0.00315375 0.125177)
(-0.00693735 -0.00573351 0.114924)
(-0.00897779 -0.000631958 0.0654509)
(-0.00699026 -0.00566888 0.0938331)
(-0.00898903 0.000444265 0.124967)
(-0.00835532 0.00334493 0.108639)
(-0.00898388 -0.000538342 0.0513693)
(-0.00897529 0.000666402 0.146204)
(-0.00846493 0.00305696 0.0397977)
(-0.00897111 -0.000720591 0.0472054)
(-0.00808399 0.0039559 0.134174)
(-0.00871554 -0.00224486 0.172462)
(-0.00899396 0.000329775 0.163298)
(-0.00897063 0.000726539 0.113784)
(-0.00899996 2.82077e-05 0.0548801)
(-0.00898637 -0.00049522 0.0893276)
(-0.00898276 0.000556736 0.0723666)
(-0.00798646 -0.00414928 0.054134)
(-0.00899176 -0.000385022 0.034126)
(-0.00899184 -0.000383064 0.130923)
(-0.00809118 0.00394117 0.168591)
(-0.0089808 0.000587514 0.0761837)
(-0.00899829 0.000175178 0.102664)
(-0.00898547 -0.000511141 0.0407757)
(-0.00832601 -0.00341724 0.0968279)
(-0.00873863 -0.00215321 0.0580676)
(-0.00894111 0.00102788 0.0298001)
(-0.00895937 0.000854213 0.0955278)
(-0.00754361 -0.00490856 0.111749)
(-0.00884016 -0.00168866 0.11137)
(-0.00898177 -0.000572498 0.122381)
(-0.00899292 0.000356841 0.0376943)
(-0.00898007 0.000598587 0.150464)
(-0.00898509 0.000517898 0.141923)
(-0.00811306 -0.00389594 0.117594)
(-0.00899994 -3.30659e-05 0.0992204)
(-0.00899673 0.000242404 0.134446)
(-0.00899758 -0.000208564 0.12777)
(-0.00899987 -4.76383e-05 0.13838)
(-0.00898392 0.000537689 0.15964)
(-0.00896454 -0.000798179 0.119514)
(-0.00888564 0.0014302 0.166493)
(-0.00817693 -0.00376003 0.0502414)
(-0.00718777 -0.00541626 0.173933)
(-0.00870436 -0.0022878 0.0930376)
(-0.00856618 -0.00276054 0.105237)
(-0.00899734 -0.000218912 0.116556)
(-0.00899303 -0.000354116 0.0797098)
(-0.00795253 -0.00421394 0.108452)
(-0.00898947 -0.00043514 0.0858716)
(-0.00888819 0.00141425 0.0919829)
(-0.00883179 0.00173192 0.0581562)
(-0.00898282 -0.000555889 0.0828622)
(-0.0089203 0.00119508 0.10593)
(-0.00895987 0.000848956 0.170104)
(-0.00851413 -0.00291712 0.114399)
(-0.00898925 -0.000439706 0.1086)
)


// ************************************************************************* //
