/*--------------------------------*- C++ -*----------------------------------*\
| =========                 |                                                 |
| \\      /  F ield         | OpenFOAM: The Open Source CFD Toolbox           |
|  \\    /   O peration     | Version:  2312                                  |
|   \\  /    A nd           | Website:  www.openfoam.com                      |
|    \\/     M anipulation  |                                                 |
\*---------------------------------------------------------------------------*/
FoamFile
{
    version     2.0;
    format      ascii;
    arch        "LSB;label=32;scalar=64";
    class       volScalarField;
    location    "2/tube";
    object      alphat;
}
// * * * * * * * * * * * * * * * * * * * * * * * * * * * * * * * * * * * * * //

dimensions      [1 -1 -1 0 0 0 0];

internalField   nonuniform List<scalar> 
5195
(
0.00181703
0.0144813
0.0168011
0.0020154
0.0023877
0.00205856
0.00127002
0.0270998
0.021034
0.00209783
0.00235518
0.00234895
0.0143578
0.00232161
0.0194369
0.00219598
0.0505824
0.00215402
0.00122008
0.00184102
0.0017752
0.0183257
0.0184786
0.00172098
0.0146501
0.0181895
0.00202351
0.00204299
0.0165281
0.0149375
0.120735
0.0224474
0.0498231
0.00236592
0.00152779
0.0374117
0.0135325
0.0140387
0.00149117
0.00142984
0.00195242
0.0195499
0.0198244
0.0168259
0.00244883
0.0168474
0.0195668
0.00255754
0.0210453
0.0751308
0.00195175
0.0820471
0.00179077
0.0186588
0.00198261
0.243189
0.00180251
0.0169057
0.00189962
0.0980638
0.0184485
0.0155191
0.00177164
0.0196371
0.0165518
0.0180354
0.00216638
0.0171475
0.0205401
0.0171848
0.0142866
0.0172395
0.0177732
0.0160721
0.0174081
0.0227972
0.0020182
0.00138438
0.0150079
0.00127246
0.00194741
0.00192861
0.0283228
0.0180528
0.0154066
0.0190095
0.0248625
0.00211547
0.00212496
0.00239979
0.0168219
0.0013491
0.0161833
0.00173686
0.0166428
0.00154588
0.0205141
0.023011
0.000905523
0.00149518
0.00174679
0.0186929
0.00171569
0.00243229
0.0896485
0.0159182
0.0167285
0.0159621
0.00195913
0.00156397
0.000756964
0.00233184
0.00225081
0.0125481
0.000851152
0.0190325
0.0132982
0.0120435
0.0171229
0.0159569
0.0177581
0.0167299
0.016893
0.00192024
0.0186721
0.0133919
0.0184893
0.00191262
0.00213497
0.0173895
0.016175
0.0017015
0.0187028
0.0165615
0.0140448
0.0013702
0.00137739
0.00195728
0.0181794
0.0202963
0.00241483
0.0171805
0.0159958
0.00185783
0.00184696
0.0173226
0.00230858
0.00243092
0.0182379
0.0166907
0.0174138
0.00173625
0.016139
0.00207417
0.0265355
0.0149969
0.0133709
0.0231976
0.0157807
0.0202347
0.0155205
0.00163463
0.014936
0.00202046
0.0154739
0.00200471
0.0258199
0.0170873
0.0160152
0.0019404
0.0177369
0.00163301
0.0156853
0.014495
0.0172938
0.00138871
0.0147254
0.00179584
0.0499207
0.0020906
0.0351037
0.0251535
0.00166356
0.0881717
0.0872773
0.0197119
0.0190988
0.0164554
0.00137396
0.00156502
0.01641
0.0257883
0.0145674
0.0159094
0.0221471
0.00162993
0.0153066
0.0162378
0.0145681
0.0333966
0.00137599
0.0154842
0.017462
0.00150984
0.0198362
0.0884093
0.0146704
0.0223263
0.00235346
0.00146368
0.0154076
0.0146505
0.0135556
0.00179577
0.0141465
0.00166182
0.0161944
0.00173696
0.0013744
0.0185969
0.00158148
0.0146339
0.197699
0.0155155
0.002103
0.0163585
0.0168414
0.00170786
0.00200296
0.0188403
0.0188806
0.0173104
0.00182931
0.0161792
0.0153526
0.015889
0.00163535
0.0165378
0.0020579
0.0140937
0.0162226
0.0163351
0.014501
0.018638
0.0144089
0.0165661
0.00281192
0.00193907
0.0155497
0.00183769
0.00234946
0.0143494
0.0153464
0.0158668
0.0151824
0.00139672
0.00183899
0.0164121
0.0133926
0.0153645
0.0162947
0.0154328
0.0201612
0.0181088
0.017835
0.0022384
0.00193467
0.0162884
0.0168241
0.0139567
0.023286
0.0188919
0.0141044
0.0189824
0.00187765
0.0169292
0.00243821
0.018177
0.0176349
0.0183267
0.00224423
0.0158198
0.0182633
0.213545
0.0023241
0.00188609
0.00193981
0.00275857
0.00187901
0.0212916
0.0149057
0.00180859
0.0141033
0.0192387
0.018569
0.0158095
0.0143713
0.0020652
0.00154939
0.00132124
0.00186684
0.0147824
0.0167225
0.00187696
0.0194009
0.00198457
0.00189336
0.00178935
0.001677
0.0193602
0.00204158
0.0154105
0.0179053
0.0208988
0.00153977
0.0018132
0.0171363
0.0205165
0.00186946
0.0201728
0.0129478
0.00178413
0.01824
0.016891
0.019843
0.0140745
0.00188659
0.0167288
0.0164636
0.00126585
0.00148608
0.00194716
0.0152698
0.0236311
0.00162943
0.0140146
0.0017457
0.0146395
0.00182784
0.0215042
0.00216285
0.0251063
0.0171176
0.016106
0.0158484
0.0130839
0.01596
0.121174
0.0456261
0.0140156
0.00225954
0.0187203
0.00223321
0.0016151
0.0226276
0.0744453
0.000988139
0.0173662
0.0201263
0.0179876
0.017635
0.00177757
0.016578
0.0817987
0.00250318
0.016248
0.0136563
0.077801
0.00188388
0.0155532
0.00184895
0.00198561
0.00143667
0.00185615
0.0206702
0.0148389
0.0185256
0.0169014
0.0159434
0.00194657
0.0144486
0.00200929
0.0143356
0.00191854
0.00179339
0.0231881
0.0020629
0.0195783
0.0168147
0.0193883
0.0227247
0.0163394
0.00179839
0.00156889
0.00204748
0.0140521
0.00231476
0.0020954
0.0136629
0.00224541
0.0210553
0.0024294
0.0153188
0.00248172
0.0196601
0.0139199
0.226961
0.00160019
0.0133413
0.23402
0.0306849
0.01654
0.0149376
0.0197279
0.0171357
0.00158905
0.0200443
0.0187544
0.0213604
0.0180249
0.0170014
0.0020809
0.0139997
0.0240168
0.0169645
0.00185762
0.0224805
0.00242157
0.00221375
0.0178972
0.0276382
0.00272186
0.00192805
0.025195
0.0290401
0.0252293
0.0143112
0.0163241
0.00174679
0.00199747
0.0175312
0.00199658
0.00187554
0.00170088
0.00201376
0.0133141
0.063806
0.0138123
0.00173681
0.0159106
0.00194477
0.00117703
0.00152568
0.0169697
0.0126057
0.015314
0.0165609
0.0250943
0.0172403
0.00205199
0.0159035
0.0013965
0.0132963
0.00184096
0.0215574
0.00185976
0.016229
0.00201764
0.00204356
0.00177426
0.0162902
0.0159663
0.00270296
0.00203943
0.0134612
0.00147082
0.0133488
0.0163497
0.0153468
0.00165547
0.0144924
0.0181235
0.00256113
0.0210808
0.0168091
0.0176788
0.0142993
0.0203772
0.0148945
0.0159125
0.0021401
0.0145124
0.00184365
0.0315222
0.00232157
0.00192713
0.00174198
0.00138553
0.00215767
0.00280106
0.0181035
0.0157481
0.0160384
0.00199269
0.0157979
0.0193883
0.00166809
0.0176779
0.0140213
0.00174989
0.0202763
0.015647
0.00213647
0.0150553
0.0164841
0.0163695
0.00159855
0.00173064
0.0270562
0.00187296
0.0155928
0.0407022
0.00148352
0.00181351
0.000838441
0.00204356
0.0148166
0.00202505
0.0143918
0.0381926
0.0195847
0.0160518
0.0219317
0.00193547
0.0150768
0.0159562
0.0198671
0.0143689
0.00189206
0.0171717
0.0159145
0.00167935
0.00148854
0.00187084
0.0170031
0.0174746
0.0185805
0.00182552
0.00185715
0.0150577
0.0184739
0.00207571
0.0153021
0.00195164
0.0158027
0.00233372
0.0178101
0.00201892
0.0248159
0.00158826
0.0164334
0.0159777
0.0161674
0.00185173
0.00238337
0.0160821
0.0163587
0.00225122
0.0167934
0.00103006
0.0224724
0.0208062
0.019928
0.0186135
0.0187841
0.0153409
0.0404692
0.00187259
0.00232795
0.017942
0.0013868
0.00177406
0.00221967
0.0168784
0.00158143
0.32979
0.00186579
0.00180633
0.00126313
0.018033
0.021245
0.0159925
0.0171134
0.0418438
0.0016742
0.00115583
0.00169009
0.0364839
0.0150172
0.00162061
0.0157649
0.0312378
0.00102966
0.00216088
0.0169981
0.0159518
0.00284791
0.00231225
0.00300778
0.00217448
0.0195306
0.0195907
0.0237264
0.0156292
0.0287528
0.00169324
0.0190605
0.0222694
0.00179384
0.00249062
0.00164667
0.00227446
0.032199
0.00192039
0.0191882
0.0265467
0.0446789
0.0378897
0.0194219
0.00205508
0.0173698
0.032652
0.0149058
0.0155195
0.0166257
0.14947
0.0200859
0.0146011
0.0144775
0.0019283
0.0168216
0.00191113
0.00183635
0.0017969
0.00210567
0.0214167
0.0158493
0.00244247
0.0147302
0.0185898
0.00186481
0.0161493
0.0157133
0.0205222
0.00180467
0.0168369
0.00188869
0.0217102
0.0014328
0.00194311
0.00142531
0.00142153
0.0185202
0.0198888
0.0161858
0.00177361
0.0163106
0.00159953
0.00186732
0.0178712
0.0150444
0.0175294
0.00194062
0.0187777
0.00221725
0.0515474
0.0196102
0.0235516
0.015565
0.00172625
0.0141041
0.0200644
0.00209905
0.0018454
0.00205735
0.0019725
0.0214738
0.00175714
0.00170127
0.00205828
0.0194456
0.00183064
0.00192853
0.00167095
0.00177482
0.0203494
0.0178369
0.339763
0.0160702
0.0149049
0.0164727
0.0164446
0.00157441
0.0015248
0.00166617
0.0159793
0.0026561
0.0157735
0.0209779
0.00214988
0.0155364
0.00218824
0.0214733
0.00193639
0.00206236
0.00213136
0.0250572
0.0188366
0.00171358
0.02054
0.00175651
0.00150625
0.0301282
0.0403106
0.0019789
0.028879
0.0217254
0.00252137
0.0208972
0.01657
0.0167786
0.00173205
0.00190684
0.00150375
0.0168434
0.0129189
0.00193563
0.0147168
0.0170229
0.00190592
0.00178315
0.0130606
0.0149505
0.021609
0.00159447
0.0164589
0.0182871
0.0193364
0.0160608
0.0014306
0.0172659
0.00120649
0.0159612
0.0132951
0.0160888
0.0162631
0.0184113
0.0163595
0.0168063
0.00196476
0.0166062
0.0143096
0.00211692
0.0190643
0.0169276
0.0163773
0.00075304
0.00194498
0.00171679
0.0150086
0.0145355
0.00193782
0.0164997
0.0017394
0.0156997
0.0185567
0.30422
0.0216455
0.0166852
0.0168877
0.0190272
0.00189272
0.0164894
0.0160377
0.00205523
0.0183089
0.0164804
0.0171538
0.00218944
0.00264314
0.0152759
0.0165566
0.0178112
0.014374
0.0253191
0.01277
0.0195019
0.0145567
0.0183766
0.0227621
0.0200587
0.0168903
0.00194759
0.0150906
0.0163124
0.00145702
0.00179612
0.00184279
0.0158576
0.013271
0.00177785
0.0170581
0.0163298
0.0134987
0.00157818
0.00162327
0.00170541
0.00211936
0.0167077
0.0132707
0.00153222
0.00178962
0.0163476
0.0147445
0.00168826
0.001198
0.00217013
0.0167983
0.00206851
0.0157519
0.0186969
0.0186786
0.00207344
0.0214756
0.00190348
0.017821
0.00217484
0.00157096
0.0169537
0.00185993
0.0167991
0.0175014
0.299528
0.331643
0.016777
0.0145436
0.0196241
0.0193086
0.0242406
0.00221508
0.0181953
0.00117284
0.00253848
0.0165461
0.00102329
0.00177257
0.0201
0.0211106
0.00108162
0.139292
0.00177033
0.0209147
0.330327
0.0143044
0.00207709
0.0213677
0.0205991
0.0227956
0.0181654
0.00164874
0.00190873
0.0205747
0.0179184
0.00161412
0.0015346
0.00171099
0.00181423
0.0122715
0.0194486
0.00197365
0.014681
0.0173001
0.0166364
0.0221974
0.0163321
0.022484
0.00217242
0.0205856
0.00175681
0.0170718
0.00190017
0.0215115
0.0223375
0.0159945
0.0152108
0.0141008
0.00168806
0.00176249
0.00206799
0.00192532
0.00168932
0.0170751
0.0141406
0.035187
0.0169163
0.00148876
0.041605
0.00184683
0.0158103
0.002162
0.00176661
0.00176383
0.0184798
0.0305766
0.0303371
0.0190586
0.0151506
0.00160052
0.00198755
0.00163719
0.00203999
0.0162866
0.0174396
0.00156564
0.015374
0.00216897
0.0682088
0.0276662
0.0474087
0.0019012
0.0141739
0.0161628
0.00177068
0.0143858
0.015544
0.0156359
0.000903411
0.0177739
0.00146803
0.051208
0.0108553
0.00198825
0.00153242
0.0142717
0.00183511
0.0165814
0.00124574
0.00163838
0.0259537
0.306204
0.0243742
0.0517018
0.00162944
0.00173409
0.0187303
0.0183824
0.0470605
0.0149234
0.000969575
0.0269327
0.00186055
0.00162072
0.309321
0.168536
0.00190295
0.00151327
0.00201366
0.00164578
0.0166412
0.0022333
0.00165026
0.0017185
0.0364121
0.00174162
0.0167182
0.00192144
0.00195584
0.0449965
0.327306
0.00247387
0.00194696
0.0196429
0.0203698
0.00144498
0.00161976
0.0193557
0.0178343
0.0203138
0.0155186
0.0170878
0.018776
0.0162885
0.0157626
0.01617
0.00190757
0.00166874
0.0160413
0.0137814
0.0016843
0.0017893
0.00181061
0.0154359
0.0220631
0.0160321
0.0180487
0.001853
0.0151129
0.00161668
0.00207487
0.0165488
0.00148975
0.0147005
0.0165407
0.019766
0.0181154
0.014624
0.00184172
0.0178973
0.00145152
0.0169751
0.0021716
0.0171594
0.00170364
0.0153441
0.00227629
0.00196929
0.00219507
0.00248252
0.0206122
0.00212814
0.0152588
0.0186602
0.000945745
0.00156214
0.00167153
0.0182777
0.018
0.00149862
0.015885
0.015541
0.00162942
0.0155368
0.00158377
0.0020008
0.0249693
0.0209521
0.0020688
0.0158485
0.0161147
0.00223639
0.0183203
0.0222818
0.0170612
0.00156043
0.0230673
0.0144168
0.0178437
0.0148089
0.0173277
0.044191
0.00185163
0.0732985
0.0211022
0.00277679
0.0260304
0.0349749
0.0237726
0.0154285
0.0230844
0.0205
0.0195459
0.0182792
0.0184954
0.0177731
0.00188012
0.0169483
0.00185364
0.0229766
0.00192486
0.0161803
0.0220449
0.0177458
0.0133664
0.0180424
0.00206381
0.0185326
0.0017255
0.0170505
0.00175663
0.00109606
0.0182842
0.0187981
0.00184428
0.014569
0.00145624
0.0180444
0.00217818
0.00170433
0.0189031
0.00154627
0.0136458
0.00220667
0.00157351
0.00213066
0.0158774
0.0161315
0.0157493
0.0226311
0.00183379
0.0152509
0.00208665
0.0158539
0.0172748
0.0177606
0.00184384
0.00178547
0.00273222
0.0156948
0.0174903
0.00237237
0.00250573
0.0153017
0.0240854
0.0163712
0.0164234
0.0171839
0.0359893
0.00182233
0.00152687
0.0171806
0.00172904
0.0206911
0.00168925
0.00235097
0.00247025
0.0172557
0.00183121
0.00209925
0.00167013
0.00181636
0.0139344
0.0142423
0.00174841
0.0156473
0.00209539
0.0011389
0.00203639
0.0242618
0.00193434
0.00209293
0.00213481
0.0145776
0.00168118
0.0147303
0.0149702
0.00187404
0.0167336
0.0163571
0.0133944
0.0159839
0.00143382
0.00289194
0.00176264
0.00147008
0.00165436
0.00141905
0.00148734
0.00156465
0.0167309
0.00216779
0.0166868
0.0192023
0.0140712
0.0144747
0.00155984
0.00162902
0.00184511
0.0151733
0.0163916
0.00140513
0.0180144
0.00151275
0.00199044
0.00173238
0.00218389
0.0274199
0.0165804
0.0152899
0.00197967
0.0186677
0.025583
0.0157737
0.0202998
0.00180767
0.0184236
0.00185499
0.0163655
0.00189305
0.0154811
0.0186728
0.00235621
0.017049
0.00221972
0.0173859
0.0024639
0.072622
0.024459
0.0211472
0.0186179
0.00221187
0.00164056
0.00224675
0.0197402
0.0205363
0.00189469
0.00180385
0.00186374
0.015864
0.00187592
0.0150874
0.00186398
0.00180206
0.00176802
0.0183035
0.0180456
0.00180988
0.0162627
0.0192947
0.00171541
0.0180272
0.00180566
0.0149144
0.00257598
0.00181322
0.0167441
0.0144772
0.0172797
0.0170049
0.00229068
0.0262112
0.00263795
0.0221398
0.0192708
0.0162724
0.00182895
0.00211038
0.00226301
0.0147232
0.00141803
0.00197685
0.0014242
0.00175478
0.0160272
0.00131469
0.0182063
0.0178533
0.0193529
0.00170773
0.0014951
0.0121098
0.0141051
0.00211894
0.0154009
0.0020449
0.0184988
0.00205611
0.00198243
0.00160242
0.00151322
0.0168001
0.00202485
0.00199337
0.00205995
0.0352139
0.00197323
0.00195302
0.0141375
0.00199961
0.0253061
0.0193892
0.0153459
0.0153412
0.0140149
0.00168198
0.00199941
0.00182727
0.0218529
0.00262937
0.0181295
0.00167796
0.0158681
0.0154254
0.00190224
0.00169445
0.00206094
0.0155002
0.0151696
0.0157588
0.0432489
0.0202447
0.015801
0.001903
0.0207295
0.0218009
0.00193169
0.0172292
0.0170938
0.00154837
0.0166602
0.0265348
0.0151355
0.243272
0.0158241
0.00189833
0.0117633
0.015607
0.00202332
0.0205666
0.00213797
0.00225621
0.00200219
0.00140117
0.00194842
0.00148926
0.0158598
0.0136148
0.00209657
0.00122265
0.0378925
0.00199253
0.0465462
0.00183044
0.0377261
0.00208367
0.00189781
0.0170146
0.00195262
0.00190247
0.00157615
0.0159213
0.0157461
0.00171093
0.0144654
0.00163584
0.0207116
0.00182048
0.00174958
0.00217952
0.0159142
0.0212495
0.0204623
0.0503628
0.0170627
0.0165046
0.00176857
0.00195166
0.00102841
0.0226365
0.00195141
0.00186001
0.0174419
0.0164857
0.0147056
0.00196704
0.0211033
0.0670569
0.00253143
0.0172729
0.0158008
0.0193006
0.0154261
0.0185144
0.0145412
0.0154088
0.00170364
0.0139071
0.015031
0.015526
0.0127661
0.00149848
0.00240324
0.00165436
0.00222883
0.00211443
0.0170891
0.0148307
0.00159704
0.338514
0.00148687
0.223356
0.00142167
0.0139771
0.0140552
0.0162699
0.0126891
0.00233842
0.228938
0.0021087
0.00150992
0.00206436
0.00203337
0.0171088
0.016851
0.0021735
0.00148542
0.257942
0.00174411
0.00186277
0.0150391
0.00176447
0.0145468
0.00205182
0.0148959
0.00169927
0.015892
0.0126671
0.0157411
0.00188304
0.015492
0.0159681
0.0200646
0.00149514
0.00136365
0.0199693
0.0153167
0.00149467
0.0139972
0.0175975
0.0157031
0.00191094
0.0171644
0.0168023
0.0137299
0.016305
0.00260974
0.00145558
0.0170428
0.00178563
0.0180526
0.018128
0.016977
0.0119874
0.00168288
0.00160864
0.0201758
0.00151241
0.0165321
0.00200389
0.00201527
0.00185138
0.00195452
0.00165343
0.00178692
0.00212786
0.0175958
0.00210516
0.00202835
0.0158607
0.0143676
0.00201403
0.0531709
0.0138992
0.00271012
0.00160984
0.00270238
0.00193523
0.00159153
0.00201407
0.0014465
0.00169949
0.0275302
0.0019593
0.0017764
0.00174648
0.00217993
0.0154153
0.0156864
0.00157999
0.0157263
0.00188252
0.00179394
0.00209993
0.0175198
0.0139292
0.00144262
0.0140047
0.0160723
0.00170869
0.017691
0.00184139
0.0022678
0.0772676
0.00177217
0.0152075
0.00223934
0.00198249
0.00141483
0.0190526
0.00140126
0.00272262
0.0164086
0.0193906
0.00264705
0.00243912
0.00144441
0.0196401
0.0172626
0.0214235
0.0164456
0.0147866
0.01736
0.00202996
0.0212767
0.00191062
0.0178664
0.00160894
0.0166992
0.00203995
0.015779
0.00143965
0.00182394
0.00210698
0.00166177
0.0184548
0.00197915
0.0201458
0.001404
0.00146712
0.00194812
0.00173279
0.0144515
0.00236665
0.00193035
0.0013622
0.0155085
0.0176722
0.00200175
0.00170915
0.00201065
0.00200089
0.00164911
0.0187307
0.0168415
0.00151535
0.0160314
0.00218049
0.00159057
0.00173085
0.00190596
0.00209825
0.00194304
0.0186211
0.0167864
0.00180826
0.00176388
0.0193648
0.00212805
0.0168883
0.00216783
0.00163893
0.00263304
0.00191207
0.0234908
0.00175485
0.00101801
0.00183948
0.00206128
0.0185172
0.0193892
0.0152942
0.00189016
0.00164467
0.00264254
0.00147157
0.0190737
0.00190338
0.0155966
0.00195287
0.00139061
0.0191817
0.00256872
0.015334
0.00269554
0.0179587
0.00262431
0.00170644
0.016998
0.0202322
0.0178484
0.0135662
0.0121349
0.00180097
0.0152325
0.00161245
0.0206721
0.0207794
0.0187604
0.0176872
0.00236541
0.0153032
0.00231222
0.0027801
0.0016664
0.0143612
0.0151748
0.0134298
0.001455
0.0021269
0.0158055
0.0145221
0.0185927
0.0666972
0.00229597
0.0199257
0.00232724
0.00232557
0.00170487
0.0173157
0.00160558
0.00187824
0.01736
0.0235959
0.0296064
0.0262724
0.0015855
0.0143761
0.00113187
0.00157406
0.00207829
0.00165597
0.0273711
0.0213954
0.00143973
0.0148555
0.0145061
0.0146085
0.00157921
0.0214897
0.0165363
0.0186936
0.00218351
0.0200763
0.0142955
0.00192733
0.00195876
0.00180903
0.0187694
0.0156288
0.0150799
0.0186001
0.00192406
0.0201188
0.0206367
0.0146068
0.00174481
0.0166425
0.014067
0.0019023
0.0172169
0.00198672
0.0164622
0.016852
0.00181301
0.00201866
0.0164527
0.00184408
0.00172975
0.00189106
0.0178137
0.0163311
0.0145649
0.00184555
0.0160388
0.00163254
0.0129078
0.0189959
0.00201275
0.00173622
0.00208453
0.0021971
0.0165073
0.0161784
0.00163145
0.0158394
0.014816
0.0169893
0.00189113
0.0194568
0.0021711
0.0146617
0.00132591
0.0181423
0.0164729
0.0159115
0.00187966
0.0143596
0.0172632
0.0208506
0.00218562
0.00168975
0.0153412
0.0186665
0.00163001
0.0210102
0.0175763
0.00199042
0.00184575
0.0241329
0.00207389
0.00206144
0.0197515
0.00170485
0.0148227
0.00166395
0.0195362
0.00138901
0.00196082
0.0434602
0.00197348
0.0177035
0.0186747
0.0514426
0.0194129
0.00164697
0.0151708
0.00197094
0.00311768
0.0157573
0.00175714
0.0020512
0.00176684
0.00231556
0.00152737
0.0187544
0.00165242
0.00208266
0.013617
0.0159219
0.018249
0.0161144
0.0186457
0.00271781
0.00207112
0.00181005
0.0148116
0.018859
0.0022726
0.0180969
0.00203283
0.0173472
0.0191315
0.0020688
0.00162047
0.0020147
0.00178483
0.00172456
0.019478
0.00212018
0.00222651
0.00207925
0.00147793
0.00229901
0.00160386
0.00205863
0.0165803
0.016243
0.0357888
0.0019326
0.00135404
0.00131187
0.00137224
0.0146673
0.000970125
0.0152572
0.0167958
0.0163812
0.0141746
0.0153327
0.0158668
0.0134207
0.0018601
0.00196366
0.00184445
0.00189485
0.00168312
0.00207419
0.00192327
0.00168649
0.00179791
0.0125143
0.0140977
0.015596
0.00185294
0.0184547
0.0158148
0.00244549
0.0152909
0.00207961
0.00210785
0.0133115
0.00224302
0.00199173
0.0161102
0.00155294
0.0188778
0.0148919
0.0196696
0.00198431
0.0020134
0.00199083
0.00211034
0.0200084
0.016362
0.00220959
0.0171008
0.108433
0.00180427
0.0146396
0.00180614
0.0212017
0.0207042
0.00153091
0.0112964
0.0135661
0.0194116
0.00107985
0.00206435
0.022992
0.00183704
0.00201243
0.00187912
0.00147478
0.00185743
0.00174892
0.00188432
0.00204278
0.00182652
0.0164734
0.0284455
0.0166731
0.00163051
0.0205175
0.0187118
0.0208841
0.0211234
0.0170585
0.0166006
0.0166966
0.0220438
0.0163111
0.0216706
0.025398
0.00233011
0.00207356
0.0131494
0.00175996
0.0251635
0.00199418
0.00152473
0.0159142
0.00187173
0.00188291
0.00239978
0.0188342
0.00179764
0.00180913
0.00118164
0.00187915
0.0157973
0.0148237
0.0179393
0.00246223
0.0149513
0.0191785
0.00175104
0.00200808
0.0180148
0.00116975
0.0021589
0.0164971
0.00153057
0.0160287
0.0164813
0.0161287
0.0238236
0.0017483
0.0139785
0.0158059
0.00182748
0.0167081
0.0158629
0.0155255
0.0173315
0.0154787
0.0188323
0.0153808
0.0141529
0.0154415
0.00131017
0.00177101
0.0015034
0.0178826
0.0017215
0.0011542
0.0153122
0.0264874
0.0403562
0.0017315
0.00165364
0.0179105
0.0260839
0.00229207
0.0162761
0.0164738
0.00156556
0.0162306
0.015898
0.0155495
0.0155158
0.0017129
0.0135489
0.00243899
0.00184128
0.0159206
0.00175088
0.0155471
0.0159163
0.018847
0.0018595
0.018861
0.00171821
0.0199743
0.00156156
0.0020178
0.00171506
0.00186564
0.00231715
0.0145077
0.0176253
0.0148285
0.00214537
0.00200838
0.018727
0.0145202
0.0154079
0.0163306
0.00189551
0.0159144
0.019768
0.0174389
0.0183904
0.0183668
0.0208378
0.0155611
0.00174996
0.0242434
0.00219772
0.0196295
0.0747472
0.00220427
0.00175608
0.0144792
0.0193052
0.00178752
0.00183056
0.0141192
0.00168762
0.0132105
0.00168015
0.0153184
0.0747334
0.00187007
0.0506858
0.0221627
0.00187507
0.0404887
0.00160765
0.00182544
0.0478206
0.0167521
0.00252759
0.0157328
0.339307
0.00247495
0.0297617
0.0253934
0.0724712
0.0218152
0.0212154
0.00104276
0.0191801
0.0167563
0.0170235
0.021937
0.0223573
0.0204443
0.0268118
0.00125002
0.00138172
0.0227824
0.0239218
0.00233867
0.00205883
0.00148468
0.0149828
0.0187635
0.0206253
0.0185208
0.00193538
0.0158407
0.0176605
0.0201377
0.00191912
0.00141352
0.0143594
0.0022619
0.00162254
0.00208944
0.016603
0.00186619
0.00177094
0.00228572
0.0159972
0.0214284
0.212825
0.0233278
0.0134614
0.0011219
0.0139233
0.00148161
0.0149329
0.0140039
0.0142632
0.0018949
0.0138796
0.00173253
0.00147159
0.001874
0.00158712
0.00139776
0.00138958
0.0160375
0.0154444
0.00185813
0.00189599
0.00218077
0.0141515
0.0161641
0.0141929
0.00161313
0.00201959
0.00169014
0.0191317
0.00201805
0.0134875
0.00195902
0.0160195
0.01628
0.0188632
0.00212344
0.016292
0.00206401
0.0160156
0.0165167
0.00236133
0.0165743
0.0156392
0.0211017
0.0163414
0.00160728
0.00215078
0.00141922
0.00179881
0.0183735
0.0018737
0.00199392
0.00203412
0.00204279
0.0253982
0.00186233
0.0019528
0.00252608
0.0154884
0.00169196
0.0175183
0.00181888
0.0161035
0.0184064
0.0149576
0.029036
0.00189669
0.141133
0.0277747
0.0182778
0.00185286
0.0440004
0.0020079
0.0154389
0.0211945
0.0158856
0.00177414
0.0165767
0.00189898
0.00199916
0.00250915
0.0238573
0.0166432
0.0167165
0.0174471
0.0176764
0.0172862
0.00189607
0.00222202
0.0139957
0.0184346
0.00192965
0.00185475
0.0220445
0.0138328
0.0147602
0.0148022
0.015441
0.00146419
0.00171385
0.0130097
0.00171412
0.0017619
0.0158995
0.00193148
0.0153678
0.0149102
0.00178007
0.0170115
0.0163291
0.00193585
0.00170795
0.00205283
0.0164273
0.0148485
0.0153628
0.0129393
0.0187237
0.00157596
0.00205927
0.0147576
0.0163449
0.0020975
0.0016424
0.0160676
0.00154566
0.018049
0.0140694
0.0157238
0.0015824
0.0163469
0.0219871
0.0164915
0.0125033
0.0184297
0.00149045
0.0153731
0.0240983
0.020442
0.00198524
0.0202133
0.0210255
0.0169913
0.0154277
0.00137409
0.00208747
0.0140433
0.00199784
0.0324288
0.00150269
0.0255241
0.0151617
0.01386
0.0167871
0.00272717
0.00162368
0.0149075
0.0353137
0.0216291
0.00197586
0.0282799
0.0185284
0.00160983
0.0142354
0.0187915
0.0165441
0.00229818
0.0187456
0.0146833
0.00256307
0.0143211
0.0188533
0.00195797
0.00186884
0.0175769
0.00203521
0.0161749
0.00157549
0.00198655
0.0208354
0.00168605
0.0175835
0.0202724
0.0155053
0.0186565
0.00170372
0.00192184
0.018452
0.0216405
0.0191246
0.021042
0.0186927
0.0173845
0.0176421
0.0188856
0.001632
0.00171961
0.00174497
0.0162504
0.0164313
0.00158299
0.00206023
0.00188759
0.0240769
0.00150093
0.00201962
0.0353043
0.00201588
0.00190276
0.0017802
0.0232897
0.0202007
0.0023006
0.00205351
0.00193228
0.00161604
0.00172217
0.00171511
0.0265581
0.0189762
0.00247188
0.0205253
0.0213091
0.019538
0.0153112
0.00146378
0.00187739
0.00171338
0.00146206
0.0193505
0.00230709
0.0180227
0.0219857
0.0160192
0.0233775
0.00151765
0.0237411
0.00168888
0.0228016
0.00205185
0.0318673
0.00191879
0.00181672
0.0019313
0.00142432
0.00167531
0.0121716
0.00253001
0.0143553
0.0135749
0.0163263
0.0014946
0.0299916
0.0141914
0.00197065
0.00203405
0.0410804
0.00159405
0.00184883
0.00179396
0.00163915
0.002259
0.0144043
0.0169463
0.0121941
0.0202687
0.00173593
0.00193416
0.00174288
0.00160965
0.00182036
0.00202795
0.00206276
0.00133592
0.0188019
0.00198632
0.00175781
0.00143242
0.0529422
0.00186363
0.0187538
0.00170772
0.0151323
0.00127925
0.0157453
0.00191917
0.0155663
0.00174744
0.00180785
0.014555
0.00225676
0.0380779
0.00236979
0.00141033
0.0023592
0.0169237
0.00203246
0.0022453
0.00173498
0.0164943
0.0167291
0.00164018
0.00189604
0.0017341
0.0229881
0.0252668
0.00190443
0.00125288
0.017349
0.0186213
0.0140935
0.024548
0.00178715
0.00145373
0.0179885
0.00117428
0.0197929
0.00200883
0.0171841
0.0152534
0.0154361
0.0184255
0.00180568
0.017464
0.0152438
0.00174706
0.00155671
0.0179982
0.0222777
0.017793
0.0167171
0.0224321
0.016209
0.00199758
0.00168829
0.0161904
0.00102385
0.017367
0.00177319
0.015993
0.041675
0.015591
0.00166147
0.00145015
0.0195135
0.00177864
0.0162314
0.00199146
0.0140593
0.0015823
0.00149681
0.00167956
0.0276264
0.00205251
0.00150037
0.0141551
0.00171294
0.00211742
0.000790663
0.00175424
0.00145561
0.00198666
0.0145216
0.00208497
0.0159465
0.0159527
0.0155581
0.00205428
0.00173153
0.00163742
0.0193791
0.00164921
0.00147435
0.0203777
0.0163717
0.00190985
0.00181038
0.0162215
0.0190227
0.015697
0.00157493
0.0146149
0.0140603
0.0141231
0.0123305
0.0162314
0.00171245
0.0179667
0.00177093
0.0194269
0.00207741
0.00175594
0.0196701
0.0163309
0.021874
0.00167754
0.00191714
0.0192447
0.0196553
0.00175976
0.0148554
0.0411067
0.00172856
0.0150922
0.00190126
0.0164559
0.00160788
0.0195696
0.0140571
0.00165372
0.00213098
0.00211275
0.00153614
0.0179062
0.0205491
0.00197054
0.0180091
0.002068
0.0199982
0.00167992
0.00182244
0.00156712
0.00149792
0.0195883
0.00160239
0.0162377
0.00155428
0.0162362
0.00180461
0.00151863
0.0186088
0.0175254
0.0164063
0.0171288
0.0140894
0.0149955
0.00188151
0.00153492
0.00194963
0.0180148
0.0017628
0.00116268
0.0189445
0.0149626
0.00120217
0.00201351
0.0213773
0.0172162
0.00220029
0.0153714
0.00177553
0.0018721
0.0169447
0.0124269
0.0145875
0.0166423
0.00181527
0.001974
0.0140157
0.0211615
0.00144289
0.00152895
0.0143536
0.0161228
0.00314996
0.0143775
0.015612
0.00172597
0.0171707
0.00174973
0.01816
0.017215
0.00154044
0.0151448
0.00174175
0.00215962
0.0188877
0.00253213
0.00188551
0.00143303
0.0151806
0.00218662
0.016347
0.00182684
0.0148563
0.00171496
0.00183419
0.0025003
0.00189417
0.0190818
0.0181471
0.0186492
0.00187983
0.0017425
0.0160807
0.00249114
0.00144261
0.00151144
0.0161497
0.00205667
0.00208248
0.0169222
0.0179259
0.00187296
0.00147521
0.0179106
0.0154875
0.0137274
0.0155524
0.00191069
0.0158148
0.0221705
0.0160728
0.0150155
0.00172195
0.00151018
0.0141804
0.00233078
0.000998913
0.0190479
0.00177213
0.00194069
0.00166615
0.00193793
0.0212532
0.00192399
0.00181752
0.00151331
0.00185202
0.0195054
0.00150094
0.0937848
0.00155024
0.00129928
0.016736
0.0016044
0.00151808
0.00162589
0.0017535
0.0022834
0.00215178
0.00193774
0.00184017
0.00181294
0.00152672
0.00261025
0.00192446
0.0201431
0.0205696
0.00171343
0.00127444
0.0157823
0.00169555
0.0167331
0.0158929
0.00146504
0.0161012
0.0162376
0.0158472
0.00201536
0.00177902
0.014907
0.00258535
0.00220305
0.00160074
0.0180195
0.0207422
0.00159254
0.00164053
0.0175285
0.00152286
0.00168919
0.013172
0.00159571
0.0204137
0.00167565
0.0145454
0.00164536
0.014504
0.00193676
0.0162202
0.0143154
0.0016755
0.0163867
0.0162882
0.0133089
0.0173388
0.0013886
0.0155342
0.00159817
0.00186426
0.0164621
0.0178463
0.00162505
0.00168555
0.00170087
0.00210952
0.0163394
0.0134462
0.016777
0.02263
0.00163596
0.0239692
0.0025655
0.0200358
0.00166689
0.00192396
0.00235461
0.0202739
0.00192328
0.00253663
0.0193198
0.00189244
0.0159936
0.0020163
0.0181661
0.0213933
0.0191504
0.0170323
0.00195712
0.0026932
0.0020509
0.00149235
0.0211373
0.00119854
0.0132043
0.00177162
0.0139624
0.0200585
0.0298342
0.0017153
0.0141646
0.0350368
0.0137928
0.0189941
0.0155757
0.00199789
0.00165331
0.00195742
0.00139345
0.0167216
0.00196512
0.0175067
0.0176515
0.0176767
0.0224954
0.00199895
0.0167579
0.00172678
0.0169539
0.00159994
0.2962
0.0176775
0.00240927
0.00161255
0.149077
0.0156885
0.00191099
0.0236842
0.338686
0.214231
0.0136784
0.0333422
0.0018505
0.00205
0.015838
0.0183933
0.205726
0.00192037
0.0160595
0.0226438
0.00278252
0.014677
0.016847
0.00168926
0.00174808
0.00191354
0.0172555
0.0142659
0.000980045
0.00223457
0.0197749
0.176774
0.00179428
0.0187173
0.301955
0.00191851
0.0173446
0.00255671
0.0140388
0.0163449
0.00181358
0.218985
0.0149832
0.00194863
0.0186304
0.00169798
0.0181141
0.0336697
0.0161158
0.0178214
0.0177785
0.0214058
0.0019066
0.00186033
0.0170632
0.0161895
0.0303041
0.00163062
0.00191477
0.00228525
0.0201794
0.00178525
0.00201486
0.013238
0.00182203
0.0353787
0.00214606
0.0025266
0.0164634
0.00242992
0.00240912
0.00188532
0.0255345
0.00156289
0.00147014
0.0146416
0.00196998
0.00221389
0.0201762
0.0260916
0.0147111
0.00167344
0.00166424
0.0205155
0.00225698
0.0167047
0.0154721
0.0016726
0.0238482
0.00110435
0.0154419
0.0130499
0.00170091
0.330973
0.00191965
0.132866
0.0157526
0.00195076
0.0133893
0.00189585
0.0136523
0.00197919
0.012361
0.0016058
0.0163682
0.00228995
0.0158438
0.0126907
0.00181596
0.00258907
0.00134257
0.002225
0.0018886
0.0169699
0.0167862
0.00182038
0.00130518
0.016404
0.00192438
0.00155629
0.00180834
0.018
0.00181392
0.00234167
0.0186926
0.0145844
0.00211858
0.018146
0.00194951
0.0184768
0.00201486
0.0168333
0.00231331
0.0189598
0.00196487
0.0141103
0.0185389
0.0163416
0.00201333
0.00154481
0.0184574
0.0189516
0.0170585
0.00193961
0.013966
0.0149628
0.00176974
0.0200973
0.0020034
0.00199679
0.00187352
0.00161123
0.0172364
0.00231127
0.0181972
0.015852
0.00193902
0.0180311
0.0131586
0.00202742
0.0154722
0.00171777
0.00217424
0.00161015
0.0168651
0.0170838
0.00187872
0.0151304
0.0203584
0.00178756
0.00168
0.00206111
0.00195639
0.0175729
0.0166355
0.178133
0.00207813
0.0122275
0.00187797
0.0016575
0.0261334
0.0195316
0.00188538
0.0311166
0.00188233
0.00158979
0.00148513
0.00142786
0.00163268
0.00134105
0.0191824
0.00190378
0.0174844
0.00170758
0.0185639
0.0242259
0.0171536
0.00177935
0.0155202
0.0223267
0.00217344
0.0181821
0.0146715
0.00197061
0.00198972
0.000805454
0.00180559
0.00165154
0.0221378
0.0224349
0.00152879
0.00130522
0.0302468
0.0297848
0.125775
0.0160982
0.0138298
0.00151989
0.0159994
0.00158056
0.0164521
0.00181634
0.00163976
0.0019028
0.0177959
0.0258683
0.014852
0.00180462
0.00102944
0.00181083
0.00155921
0.00230111
0.0019204
0.0155925
0.00168214
0.00160995
0.00181001
0.0235074
0.00204386
0.0204207
0.0211462
0.00181195
0.0152362
0.00199898
0.0169718
0.0206927
0.00197109
0.0329417
0.00226317
0.0169825
0.00139447
0.00163377
0.00203813
0.0160035
0.0167061
0.0163202
0.0156491
0.00207988
0.0160896
0.0165477
0.0153287
0.00188035
0.0186072
0.00177421
0.00184222
0.169453
0.146645
0.00118243
0.00103703
0.330864
0.0126398
0.0164548
0.100057
0.00128336
0.00180857
0.00174204
0.00174454
0.00163536
0.00210931
0.0018871
0.0161197
0.00131269
0.249743
0.00125965
0.0139314
0.00156104
0.00139514
0.335435
0.0150933
0.0165571
0.017224
0.00145321
0.0155426
0.00181652
0.0163975
0.015001
0.00178148
0.0158473
0.0176883
0.0197497
0.00162412
0.0251742
0.00142707
0.0020825
0.0133343
0.00123077
0.00152001
0.0011856
0.00131331
0.00132321
0.0159949
0.0127604
0.0180474
0.0020304
0.00164986
0.00164119
0.00199831
0.0158939
0.00151523
0.00156808
0.00179751
0.00120901
0.0123234
0.00104958
0.00187136
0.0154817
0.0169376
0.0133751
0.0150593
0.00207186
0.0158948
0.00125695
0.00129365
0.00199502
0.0166469
0.0154891
0.0158393
0.0167553
0.0164979
0.0168949
0.0154456
0.00180583
0.00196845
0.00179527
0.00201738
0.00232757
0.00209627
0.00218639
0.0237359
0.00195827
0.0146173
0.0144648
0.00208356
0.0177611
0.00198975
0.00196841
0.00161024
0.00171678
0.0190395
0.0016757
0.0215368
0.00140284
0.0160925
0.00144642
0.00192883
0.0148037
0.00199148
0.00176498
0.00239914
0.0212664
0.00191018
0.00170244
0.00229552
0.0276866
0.0162129
0.00170438
0.0187263
0.0155908
0.0196706
0.0016528
0.00196821
0.00153294
0.00176086
0.00173471
0.00198401
0.0147118
0.0169248
0.00138665
0.00186572
0.0150357
0.0190351
0.0130114
0.0133171
0.0182517
0.00168867
0.0146911
0.0147553
0.0014438
0.00195117
0.00198282
0.00191818
0.0153016
0.00226892
0.0214458
0.0161578
0.0162458
0.00189352
0.026877
0.00191259
0.00219378
0.00186883
0.0158966
0.00272602
0.0019568
0.00203537
0.00199181
0.00216404
0.0197936
0.0168254
0.0212857
0.0157872
0.00211282
0.00146323
0.00206421
0.0270021
0.0167615
0.00143768
0.000777429
0.0126226
0.00216936
0.016548
0.0163544
0.0157775
0.00159371
0.00167332
0.00154353
0.00212746
0.00161461
0.00196852
0.00160444
0.00134346
0.0014424
0.00195303
0.00158965
0.0015402
0.0176159
0.0166466
0.00185647
0.00171412
0.001967
0.0021068
0.0141604
0.0167657
0.00193071
0.00173568
0.00133466
0.0206462
0.0159432
0.00161505
0.0152404
0.00238463
0.00242894
0.0166962
0.00216219
0.0186132
0.0203343
0.00238322
0.0193801
0.0018144
0.00183801
0.000959747
0.00115259
0.00161527
0.0148009
0.00169024
0.00189682
0.0020395
0.0117924
0.0017981
0.0436911
0.00181238
0.00190906
0.00194852
0.0182737
0.00226248
0.00198933
0.0156289
0.0156838
0.016855
0.0149895
0.00184729
0.0157139
0.0231422
0.00176297
0.00173672
0.0515921
0.00209365
0.0161931
0.00159066
0.018893
0.0196854
0.00202981
0.0198662
0.00148212
0.00194697
0.00166651
0.0187456
0.0187853
0.00164006
0.00152949
0.0161187
0.0142854
0.0162438
0.0177046
0.00221702
0.0147731
0.00186134
0.00195656
0.0019807
0.00182164
0.0201471
0.0020037
0.00204403
0.0151864
0.0188151
0.00222596
0.0216381
0.020052
0.00208287
0.00208075
0.0172195
0.00194316
0.0176617
0.00211304
0.00203468
0.00210016
0.0199453
0.00153807
0.0025213
0.0176136
0.0206367
0.00195376
0.00170854
0.0149377
0.00243033
0.0186823
0.00172071
0.0022965
0.00223525
0.00221156
0.00165348
0.00157553
0.00225479
0.00188065
0.00236979
0.0211871
0.00213853
0.01765
0.00148486
0.0172618
0.00156315
0.00193817
0.0127844
0.0147039
0.00194128
0.00159007
0.00197482
0.00151912
0.00155914
0.0138055
0.0015277
0.0159905
0.00257943
0.020036
0.0132588
0.00196994
0.00199497
0.00256206
0.00195293
0.0166182
0.00140701
0.00156362
0.00142299
0.00199004
0.00158791
0.00145969
0.0166231
0.00198081
0.00190715
0.00150664
0.00163983
0.0019023
0.00140436
0.00270099
0.00255368
0.0131486
0.00181939
0.00165832
0.00161956
0.00191095
0.0152336
0.00191967
0.00151602
0.00225171
0.0184537
0.0178067
0.00182858
0.0171014
0.00192153
0.00188205
0.0197506
0.0141872
0.0017485
0.0185413
0.00198204
0.00182526
0.00177928
0.00192686
0.00169803
0.0158656
0.0179899
0.0175593
0.0201757
0.0191474
0.00196661
0.0468364
0.0172709
0.0472201
0.012833
0.0177018
0.0216877
0.0016871
0.00186473
0.0211591
0.0160284
0.0179239
0.0018989
0.0216218
0.0165834
0.00231174
0.0021461
0.00193244
0.00179105
0.0186825
0.025535
0.00175368
0.00226364
0.00176426
0.0144553
0.00167343
0.00174581
0.0164672
0.00136986
0.00206798
0.00184688
0.00176716
0.0018329
0.0124578
0.0120166
0.00238394
0.00198761
0.00142769
0.0175899
0.0162553
0.0230565
0.00230133
0.0178453
0.0158393
0.00165703
0.0219775
0.0826651
0.00214674
0.0178034
0.00198735
0.00191991
0.0184191
0.0159617
0.00160083
0.0222742
0.0138392
0.0185214
0.0225461
0.00237318
0.015689
0.00119643
0.0163405
0.00176965
0.00212688
0.00200018
0.023555
0.00163361
0.0176288
0.0168055
0.0151839
0.00200774
0.0167867
0.00149048
0.00249356
0.0186153
0.0144275
0.0238702
0.0155787
0.00199136
0.00237234
0.00187088
0.0215248
0.0146679
0.0184991
0.02404
0.00235725
0.0149844
0.0212747
0.00234448
0.00164208
0.00149503
0.00154615
0.0194838
0.00225751
0.0162447
0.0018462
0.0018216
0.0015068
0.00196154
0.00246116
0.001909
0.00204574
0.00170418
0.0018805
0.00168198
0.019134
0.0133584
0.0172785
0.0173095
0.0145632
0.00142027
0.0022214
0.00156595
0.0197228
0.0186164
0.0180246
0.0158728
0.00160412
0.0139537
0.0194742
0.0217483
0.0143444
0.0136215
0.0021613
0.00153787
0.001876
0.00148242
0.00208632
0.0169485
0.00230987
0.00182973
0.0141116
0.0128878
0.00190766
0.0155414
0.0183548
0.0173245
0.018706
0.01601
0.00175201
0.00202932
0.0018041
0.00171
0.0185603
0.0187895
0.0177197
0.0159895
0.0179587
0.00204979
0.0142263
0.00167289
0.00182247
0.0143423
0.00193084
0.00184001
0.00188686
0.00157901
0.00145992
0.00175409
0.0167751
0.00215758
0.00160081
0.0141083
0.00278264
0.00153558
0.022019
0.00165653
0.00142639
0.0218399
0.00162273
0.0174244
0.016361
0.00182149
0.0157172
0.0154951
0.0169139
0.00159841
0.0182709
0.00129129
0.00219761
0.00186893
0.0173135
0.00163767
0.00196426
0.0176687
0.0156944
0.0162723
0.0016074
0.015821
0.0161068
0.0184923
0.00212399
0.0138784
0.0131502
0.0175076
0.0154091
0.013842
0.0174719
0.0181947
0.00194969
0.0212573
0.0172834
0.00209297
0.0253193
0.015594
0.0143519
0.00186812
0.00170441
0.00215454
0.0247578
0.0272447
0.00189539
0.00166312
0.0200233
0.00227348
0.0150504
0.00194322
0.00223148
0.00183754
0.00207703
0.00219464
0.00205392
0.0194132
0.0184423
0.00182551
0.00246652
0.0171212
0.0164806
0.0672499
0.0193918
0.0163698
0.019295
0.0177374
0.0171579
0.015944
0.020468
0.00178405
0.00221651
0.00204979
0.00165266
0.012883
0.00241843
0.00237822
0.0017162
0.00115896
0.00246971
0.0171389
0.0193878
0.00245937
0.00267427
0.0015392
0.0162886
0.0186617
0.00201253
0.00199487
0.00153164
0.00213791
0.00196188
0.0230489
0.00200444
0.00201756
0.00186198
0.00198738
0.00205697
0.0185287
0.0276159
0.00230127
0.0020463
0.00204024
0.0208016
0.00187291
0.0253092
0.0238163
0.0195489
0.00192761
0.00204516
0.00217378
0.00237425
0.00143705
0.00198595
0.00255306
0.00149889
0.013665
0.00174428
0.0019999
0.00142064
0.00261428
0.0276191
0.0153234
0.00226718
0.0208061
0.0174064
0.00196624
0.0167091
0.00185524
0.00203879
0.0164115
0.0199384
0.00207702
0.0165017
0.0162187
0.00160285
0.0173206
0.0170187
0.0163305
0.0022681
0.00138209
0.0169199
0.0121031
0.0174978
0.002117
0.0172525
0.0015652
0.0157256
0.00242412
0.00179714
0.00194052
0.00165359
0.00201572
0.0143838
0.00188558
0.00207092
0.00205534
0.0156674
0.00223321
0.0182619
0.00192753
0.0182629
0.0183195
0.0193208
0.0156591
0.00221904
0.00208725
0.00240167
0.00162094
0.0164695
0.0214718
0.00202963
0.035879
0.0166622
0.00203004
0.0182829
0.0200618
0.0186713
0.00220562
0.0350511
0.0239393
0.00229902
0.00234182
0.0166548
0.0228221
0.0287879
0.00194305
0.0169327
0.0216797
0.00203298
0.0213487
0.0015177
0.0191262
0.00148891
0.00146183
0.0254593
0.0193496
0.00204832
0.0280987
0.0021412
0.0017108
0.00234488
0.00210326
0.022972
0.00210817
0.00269798
0.0228854
0.00213629
0.0452727
0.0739859
0.0155405
0.0429173
0.310794
0.00199226
0.0186777
0.0021536
0.00172382
0.00143051
0.00203658
0.0124862
0.00155711
0.0133533
0.00127093
0.00153835
0.0260737
0.0164069
0.0225907
0.0162719
0.00101855
0.00231284
0.0141162
0.0139413
0.0176664
0.0172631
0.0160057
0.0177067
0.00206781
0.0184455
0.0154094
0.0117503
0.0151999
0.0152405
0.00216834
0.00161002
0.0130193
0.00133042
0.0012816
0.0174477
0.0149818
0.00168957
0.0153839
0.0155809
0.0156159
0.0017502
0.00189985
0.00172304
0.0175942
0.0166096
0.0180953
0.00235918
0.0163518
0.00169627
0.00179727
0.0162411
0.00224552
0.0168263
0.0176324
0.0151886
0.0205239
0.0017548
0.014632
0.00201888
0.0184893
0.0187693
0.00191573
0.00242029
0.0195874
0.0235421
0.030634
0.0014488
0.0118761
0.0135238
0.00150614
0.001805
0.00247444
0.00116712
0.0261231
0.00188507
0.0150016
0.00123206
0.00210164
0.00181796
0.0203909
0.00182844
0.00194635
0.00145865
0.0175827
0.00183903
0.0155895
0.0163364
0.00180817
0.00176622
0.0288321
0.0168642
0.00224281
0.0329101
0.00157603
0.00194934
0.0167938
0.0173537
0.00214257
0.00195199
0.0161656
0.002607
0.02084
0.018708
0.018943
0.00203606
0.018717
0.00255406
0.0155424
0.0160999
0.00242852
0.0168429
0.0143964
0.0192232
0.0174772
0.0132189
0.00190353
0.00169293
0.00179
0.0162635
0.243117
0.0165975
0.0182385
0.0273894
0.0021292
0.022204
0.0167219
0.00193547
0.0176567
0.0185431
0.00138582
0.0155085
0.00136752
0.0135251
0.00135886
0.0183356
0.00158956
0.00171259
0.019834
0.258064
0.0200232
0.0152507
0.0136391
0.00160943
0.014241
0.0195701
0.0133191
0.0215477
0.0182877
0.0156219
0.0126452
0.00198984
0.00184876
0.0174999
0.00172418
0.0192588
0.015254
0.0163512
0.00171861
0.00228753
0.0160286
0.0154603
0.0205714
0.00133831
0.0190017
0.00156647
0.00262595
0.0297287
0.00188134
0.00192016
0.0165535
0.00212465
0.00171341
0.00175702
0.0196957
0.00200255
0.00202461
0.00209395
0.0159355
0.00173296
0.0144344
0.017899
0.178703
0.327152
0.0138251
0.0517278
0.00104259
0.00110521
0.0157591
0.0138782
0.00126279
0.0138732
0.00126797
0.0166436
0.00114881
0.0135124
0.0591573
0.247087
0.00165799
0.0185917
0.0012458
0.325088
0.00221553
0.0164568
0.216321
0.000959744
0.00177216
0.0170997
0.00213907
0.0173842
0.00211511
0.0292094
0.234712
0.00161413
0.0152503
0.0142583
0.00147823
0.00156362
0.0214083
0.0116229
0.0152929
0.0148015
0.0144419
0.0163818
0.00189595
0.0188724
0.0184556
0.0161453
0.00156322
0.00137013
0.00175116
0.00196385
0.00175505
0.0160442
0.00158104
0.00149132
0.0115168
0.0293105
0.0164809
0.0155336
0.0167681
0.00146229
0.00168575
0.0160268
0.0149354
0.0124573
0.0171641
0.00159075
0.00196065
0.0160847
0.0169656
0.0172709
0.0159946
0.0163759
0.00208859
0.00157406
0.0146946
0.00164862
0.00193642
0.00190787
0.00245151
0.00183588
0.00185795
0.00199283
0.0163049
0.00224238
0.00201063
0.00173527
0.0174498
0.00200512
0.00230299
0.0185237
0.0173587
0.0169041
0.0190998
0.00177435
0.00206735
0.00143043
0.00178094
0.0192363
0.0167943
0.00180252
0.0162909
0.0163237
0.0147316
0.0186275
0.0015555
0.0169403
0.00152863
0.0178136
0.0169397
0.000918987
0.0126436
0.016332
0.0949154
0.00218478
0.00222011
0.00175534
0.00193037
0.00140305
0.0161093
0.0208337
0.0192235
0.00195055
0.01691
0.0193657
0.00141979
0.00209992
0.00194447
0.00192626
0.0175672
0.00255754
0.0188711
0.0200721
0.0164128
0.00246254
0.0369941
0.00209352
0.00163228
0.0154699
0.0018592
0.00140929
0.00143196
0.00146189
0.0175903
0.0221329
0.00131909
0.0187772
0.0021474
0.00202816
0.0179205
0.00249861
0.0177214
0.0163034
0.00205987
0.0147749
0.00155667
0.0140977
0.00202949
0.0142815
0.0289922
0.0143368
0.00222146
0.018361
0.00141225
0.0265961
0.0174837
0.0433424
0.00212054
0.00159317
0.0203779
0.0163382
0.0512851
0.00177905
0.019007
0.00176489
0.0195627
0.0152969
0.0252557
0.0281934
0.0141035
0.0136727
0.0793463
0.0206706
0.0209799
0.0439653
0.00198425
0.0140492
0.00175249
0.00195451
0.0198129
0.0164636
0.242653
0.00265364
0.00165713
0.00197702
0.00191338
0.0150478
0.00166605
0.00208787
0.00182444
0.0223933
0.0021253
0.0255774
0.00169423
0.00165983
0.01781
0.00174015
0.0160129
0.00139385
0.00116735
0.0020177
0.0168
0.00187793
0.00221409
0.00218177
0.0182613
0.0112623
0.0182965
0.0147275
0.0186959
0.00147025
0.00165232
0.00105933
0.0115853
0.00168355
0.0171486
0.016701
0.00175483
0.0171647
0.0163836
0.00146558
0.00168272
0.0014606
0.00204821
0.00183063
0.00185882
0.0131307
0.0158212
0.00209602
0.0017984
0.00151325
0.0160602
0.00190765
0.0145246
0.00187781
0.0194722
0.00185345
0.00199721
0.0158285
0.00165105
0.0174264
0.0168515
0.0160557
0.0165866
0.0210027
0.00176118
0.0195694
0.00205528
0.0163454
0.00154807
0.0141046
0.0017698
0.0195626
0.0174599
0.0159051
0.00164907
0.0151841
0.0211638
0.0139064
0.00194684
0.0330257
0.00183833
0.0172175
0.0019212
0.0237556
0.0169501
0.00245127
0.00234855
0.0233162
0.0184725
0.018675
0.00152108
0.00136171
0.0156113
0.0163737
0.00182508
0.0179522
0.00192687
0.0182009
0.00174656
0.0018832
0.0189153
0.0176211
0.0189244
0.0141812
0.00197864
0.0316446
0.001548
0.00201397
0.00209439
0.00198144
0.0187871
0.00175835
0.00143508
0.0019754
0.00188842
0.0276627
0.0198923
0.016234
0.00193278
0.00173346
0.00222423
0.0248901
0.0168242
0.018655
0.00180437
0.0178539
0.00207756
0.00193418
0.00204597
0.0883142
0.00137064
0.121918
0.0275287
0.0273501
0.0162472
0.169775
0.00146876
0.0172916
0.0247967
0.0182051
0.0163286
0.00168018
0.0244864
0.0210336
0.0163375
0.0237172
0.0308943
0.0165286
0.0278142
0.0294633
0.0286283
0.00164984
0.0181617
0.02316
0.0285856
0.00229009
0.0218428
0.0161563
0.00250411
0.00200125
0.0268179
0.00200964
0.00193777
0.00165533
0.00200648
0.00227149
0.0189407
0.0218228
0.00276252
0.00248484
0.0193912
0.0130933
0.0163322
0.018495
0.00197247
0.00247297
0.0016704
0.00160229
0.00209689
0.0166199
0.00260887
0.00189645
0.002367
0.0534551
0.00238237
0.0160223
0.0191274
0.00171892
0.00185236
0.0207081
0.019071
0.00140504
0.00199152
0.0174175
0.0184229
0.00175592
0.0176957
0.019625
0.0179976
0.00200866
0.0139823
0.0224436
0.00203739
0.0169604
0.0160209
0.0160648
0.0138894
0.0163192
0.0159498
0.0173584
0.0158489
0.00226148
0.013027
0.00224991
0.00196683
0.0169494
0.00148376
0.0152815
0.00166022
0.0188637
0.00180173
0.00233946
0.00197547
0.00199134
0.00185949
0.00182922
0.0183116
0.00177318
0.0172842
0.00197265
0.0157107
0.0018086
0.0157573
0.00172232
0.0205347
0.0171636
0.0169637
0.00250945
0.0228715
0.0164603
0.00244506
0.00174501
0.00184154
0.00199954
0.00267527
0.00245995
0.00188636
0.00258138
0.0185851
0.0144529
0.00212186
0.0275501
0.00200751
0.0158762
0.0175198
0.00196618
0.0152524
0.00246768
0.019762
0.024024
0.0167668
0.0198382
0.00190543
0.0147731
0.0168961
0.00210844
0.00146024
0.0140489
0.00143761
0.0011093
0.0152167
0.0174686
0.0199274
0.00173542
0.00151751
0.00155823
0.0156714
0.0169362
0.00206769
0.0174333
0.00229981
0.00175398
0.00163512
0.0019916
0.0174226
0.0197774
0.00164241
0.00170945
0.016429
0.00179245
0.00170648
0.00204257
0.00170223
0.0144305
0.00179545
0.0175485
0.00236221
0.00179441
0.00125067
0.02072
0.00175013
0.0201203
0.00199942
0.0182529
0.00226648
0.0240677
0.00255699
0.00281736
0.0265943
0.0239536
0.0217937
0.0201826
0.0025519
0.0196077
0.00152229
0.00175202
0.0179408
0.0172883
0.0194253
0.0151683
0.0168982
0.0020095
0.0194801
0.00173672
0.00109413
0.00124527
0.0176375
0.00177998
0.0126809
0.00154039
0.0144536
0.0169124
0.00187385
0.00204411
0.00239121
0.0204933
0.00228365
0.00171396
0.0144576
0.014515
0.00202359
0.0179393
0.00259229
0.0159955
0.00213048
0.0179251
0.0165056
0.0155481
0.0157435
0.00173114
0.00261373
0.0193401
0.00183142
0.0172567
0.0172079
0.0192719
0.0197002
0.016539
0.00139465
0.0157433
0.0173161
0.0016577
0.00224498
0.00186937
0.0352723
0.00241289
0.0151804
0.0214051
0.00194895
0.0024529
0.0193535
0.0168331
0.00236441
0.0192205
0.00168614
0.0024357
0.0138932
0.00246793
0.00149662
0.0225878
0.0178836
0.0029712
0.018637
0.0165586
0.00186905
0.0245091
0.0251801
0.0151772
0.00250429
0.0013818
0.0167156
0.00183823
0.0155236
0.0166395
0.026949
0.0161195
0.0139933
0.0172414
0.0156319
0.00143014
0.0173689
0.0155644
0.0140607
0.0237717
0.00210944
0.022868
0.0238344
0.00173967
0.338658
0.318369
0.214451
0.260257
0.00202898
0.0184214
0.00212202
0.210027
0.0173615
0.00167602
0.0276572
0.00168483
0.0248127
0.00178859
0.00169743
0.337067
0.0145228
0.0289617
0.0142932
0.016798
0.0168619
0.00212176
0.00293468
0.0185046
0.0218138
0.0162968
0.0185768
0.00169004
0.00160249
0.00175713
0.322251
0.309453
0.0187771
0.0174812
0.0166627
0.335561
0.019468
0.00176368
0.00161668
0.0175117
0.00176601
0.0160857
0.0154533
0.0167385
0.00197622
0.0017786
0.0117939
0.0157563
0.00181337
0.00188692
0.0164486
0.00175737
0.0171692
0.0171993
0.00136483
0.0158099
0.0159852
0.00230614
0.017505
0.0172596
0.00208233
0.0169953
0.0192415
0.0167805
0.0218054
0.0168698
0.00221886
0.00157755
0.00231959
0.0224083
0.0172848
0.00229725
0.0161156
0.00215742
0.00178157
0.00180464
0.0202496
0.0169832
0.00255168
0.00184829
0.0194947
0.0018069
0.00193917
0.0136865
0.00150062
0.0176142
0.00232799
0.00225801
0.00188027
0.00235679
0.00195572
0.00169129
0.00161405
0.0256101
0.0175904
0.00190602
0.0455298
0.00204186
0.0477732
0.0209469
0.0169328
0.0169776
0.0164554
0.015817
0.00160729
0.00166136
0.00141933
0.00129708
0.015806
0.00179937
0.00124129
0.0144857
0.0016665
0.0196012
0.00168448
0.00125555
0.00169085
0.0162775
0.019763
0.015041
0.00165138
0.0157181
0.00173656
0.00205215
0.0168488
0.0151121
0.0171659
0.0014065
0.0180219
0.0016578
0.0148431
0.00166049
0.0196166
0.018887
0.0152355
0.0013014
0.0188502
0.00170564
0.00189472
0.0184866
0.0022873
0.015736
0.0171021
0.00175038
0.00153236
0.00232721
0.0023629
0.00248128
0.0225156
0.00145879
0.00220772
0.0181409
0.0217264
0.00263172
0.00217201
0.00183765
0.0177872
0.00221725
0.00239277
0.0176054
0.00230901
0.0205933
0.00171349
0.0203828
0.0195478
0.0144055
0.0196338
0.0491331
0.0190039
0.0203147
0.0203741
0.00178464
0.0132012
0.00230742
0.0216059
0.00135094
0.0160108
0.0223756
0.0160305
0.0195266
0.00173907
0.00216674
0.0180674
0.00261441
0.00102743
0.00223489
0.0212684
0.00176121
0.00176971
0.00176793
0.0021743
0.0234762
0.00227924
0.0228564
0.00149838
0.0214997
0.00168191
0.00173449
0.00186769
0.00131407
0.0186985
0.00195033
0.0212259
0.0158008
0.0125594
0.00143961
0.0206766
0.0213715
0.0218827
0.0225939
0.00201191
0.00149554
0.0018154
0.00208335
0.0227682
0.00188329
0.0285665
0.00170408
0.0154101
0.00166699
0.0162342
0.017489
0.0161218
0.00145152
0.0267498
0.0218692
0.0140501
0.0190653
0.00174559
0.00210167
0.0022194
0.0276549
0.00144681
0.0276752
0.00207742
0.00184101
0.0160629
0.00164087
0.00162682
0.0151147
0.00181452
0.00228615
0.0151304
0.0157043
0.00243193
0.0015592
0.0201941
0.0166716
0.00147226
0.00205435
0.0171619
0.0175589
0.00179276
0.00201262
0.00203927
0.0015548
0.0407823
0.00169741
0.00152459
0.00167588
0.00152002
0.0145735
0.0141331
0.00148137
0.00140519
0.0146228
0.0014422
0.0141191
0.00158605
0.00153632
0.0162574
0.0745639
0.0195243
0.0179029
0.00202074
0.018396
0.00180515
0.0184626
0.00185018
0.00167289
0.0366432
0.0197351
0.00179557
0.00162032
0.0201427
0.0163671
0.00163654
0.00131257
0.0200369
0.00215488
0.00198534
0.0127995
0.00143887
0.0171064
0.00231863
0.0205834
0.0020553
0.0186238
0.0139879
0.00174095
0.0764318
0.0164858
0.00164911
0.0158627
0.0185034
0.00164523
0.00270206
0.0191505
0.00162536
0.172211
0.00172808
0.0164025
0.00159977
0.0017906
0.00158516
0.017236
0.0174675
0.00191618
0.00131491
0.0190585
0.00228529
0.00198729
0.00193115
0.000823262
0.0179594
0.0148331
0.00208445
0.00225249
0.00174827
0.00120018
0.0164353
0.0157369
0.021011
0.00176111
0.00179457
0.00161387
0.0122263
0.00154037
0.00161798
0.0158969
0.0159411
0.0152073
0.0183633
0.0184367
0.0017543
0.00167901
0.0204936
0.00165994
0.0176531
0.00179783
0.018597
0.0015874
0.0160591
0.0162135
0.0156766
0.00189536
0.020582
0.001732
0.00225132
0.00236285
0.0167371
0.00179766
0.00173861
0.00171964
0.00125017
0.0120803
0.0167443
0.00145234
0.0165318
0.0138839
0.0169654
0.00160075
0.0018168
0.0157912
0.0372783
0.0375463
0.00136725
0.00136834
0.0201837
0.223727
0.302031
0.0016633
0.00201878
0.0018458
0.00186515
0.00112543
0.0145755
0.00164557
0.0185402
0.00203484
0.0018256
0.0017025
0.0169789
0.014029
0.0191436
0.00138019
0.013716
0.00154169
0.00168075
0.00221257
0.0170277
0.00233275
0.00166631
0.0171621
0.019518
0.00186545
0.0182891
0.018479
0.0168926
0.00214104
0.00220958
0.0165758
0.00176672
0.0184678
0.00198712
0.00144012
0.000881359
0.00204265
0.0147592
0.00166948
0.0144372
0.0156075
0.0184184
0.00125858
0.02104
0.0139727
0.0154477
0.00159621
0.0171661
0.0153344
0.0281194
0.00239745
0.0149118
0.00255855
0.0192962
0.0204979
0.0191277
0.0224881
0.00141169
0.0205519
0.0163578
0.00177728
0.0168967
0.00175548
0.00176591
0.020111
0.0167266
0.014985
0.0149449
0.0181468
0.00146943
0.00174242
0.00190462
0.0174535
0.0208165
0.0169452
0.0017355
0.00148837
0.0179169
0.00236424
0.0147561
0.00188602
0.0209139
0.0149197
0.00242706
0.00213174
0.0168272
0.0203993
0.0146188
0.0434157
0.0209557
0.0142951
0.00177972
0.0154616
0.0191025
0.00165085
0.0163269
0.00169976
0.0153382
0.00204697
0.031304
0.00167672
0.084899
0.00174209
0.00162185
0.016942
0.0145464
0.00171482
0.00164788
0.00186219
0.016494
0.015678
0.00156643
0.0187527
0.0192564
0.0189771
0.00243148
0.00293256
0.020662
0.015651
0.00167086
0.00163748
0.0138663
0.00144192
0.00197421
0.00196647
0.0175797
0.0021647
0.0159722
0.00208275
0.00171619
0.0142452
0.0175621
0.00168936
0.00165247
0.0161266
0.0145865
0.00181868
0.0187778
0.00202051
0.0163613
0.0170162
0.00182002
0.00221242
0.0191778
0.0198124
0.00207951
0.0195561
0.00175584
0.11968
0.00213741
0.00183819
0.0153453
0.0177606
0.00188437
0.00180933
0.0170786
0.00199151
0.017007
0.00184368
0.00184268
0.00181994
0.00163071
0.00175784
0.0147267
0.0145452
0.0016733
0.017421
0.00154614
0.0191379
0.01912
0.00187735
0.00206942
0.00188468
0.0226783
0.00185662
0.0190489
0.0134587
0.00198548
0.00200659
0.0158276
0.00155105
0.00165862
0.0019055
0.0157399
0.00186137
0.0166549
0.0189646
0.00141726
0.00167016
0.00199986
0.0174799
0.0201039
0.00192106
0.00176183
0.00169577
0.0144733
0.00198169
0.00198643
0.00168468
0.0208375
0.01903
0.00173856
0.00115606
0.00156887
0.00184642
0.0166761
0.00151419
0.0171969
0.00220162
0.00216356
0.0468128
0.00170248
0.00215644
0.0234117
0.0233628
0.0162481
0.00186298
0.00199046
0.0222386
0.00233247
0.0192669
0.0180447
0.00181177
0.0137563
0.0146685
0.0200531
0.0189315
0.019482
0.0015557
0.00160724
0.0136493
0.00177482
0.0157917
0.00159725
0.0188929
0.0177932
0.0196944
0.015966
0.0195636
0.0164027
0.0141155
0.0161381
0.00216279
0.0192105
0.00248727
0.00205954
0.00161757
0.0170419
0.0179694
0.00158508
0.00149229
0.0138849
0.00169121
0.0144258
0.0220956
0.0183048
0.00166121
0.00227285
0.0174796
0.00154303
0.0149392
0.00228146
0.017598
0.00189405
0.00226478
0.073991
0.08141
0.00166199
0.00154269
0.00192594
0.0219041
0.0215501
0.0226467
0.0198511
0.0209434
0.00196983
0.0222691
0.00149601
0.0016364
0.0168745
0.0171467
0.0173337
0.0147159
0.0164727
0.0165661
0.0133381
0.0018356
0.0235062
0.00216306
0.00205883
0.00174468
0.0159262
0.00188383
0.00220787
0.00216081
0.0174209
0.0265906
0.0172718
0.00234287
0.0213324
0.0236202
0.00253497
0.019759
0.00249306
0.00227447
0.0669827
0.002167
0.00254022
0.0176675
0.0219914
0.0209069
0.0181758
0.0219367
0.00187381
0.00226342
0.00241979
0.0164965
0.0240721
0.02418
0.00125852
0.00169476
0.0200973
0.0147316
0.00171383
0.00187631
0.0202521
0.00176868
0.00183418
0.00263215
0.00193732
0.00167309
0.00156232
0.0223192
0.00238809
0.00205127
0.0188721
0.0186902
0.00212583
0.00256107
0.021106
0.0147402
0.0173586
0.00219598
0.00177628
0.0205257
0.017604
0.00142535
0.00193903
0.00214212
0.0200457
0.00248696
0.00162352
0.0239853
0.00246125
0.017058
0.00154486
0.0015681
)
;

boundaryField
{
    tubeend1
    {
        type            calculated;
        value           nonuniform List<scalar> 
65
(
0.00115104
0.000796662
0.0108553
0.000869999
0.00139941
0.0115853
0.000986415
0.000920247
0.0125594
0.00141707
0.01277
0.00126855
0.0142717
0.00089095
0.000799515
0.0124573
0.00124721
0.0120803
0.00111352
0.0117633
0.000974479
0.00117826
0.0137299
0.00101227
0.00112235
0.0134987
0.00145284
0.0146673
0.00104507
0.0157519
0.000853495
0.000768975
0.0112964
0.0013079
0.0136391
0.0139071
0.0149354
0.0154091
0.0152507
0.016305
0.0155002
0.015526
0.0153628
0.0158059
0.0163394
0.0162553
0.0167216
0.0166425
0.01781
0.0166436
0.0190988
0.0186072
0.0176767
0.0141465
0.0161195
0.0117503
0.0167156
0.0163202
0.0164521
0.0165318
0.0164273
0.0139933
0.0161641
0.0156491
0.0158969
)
;
    }
    tubeend2
    {
        type            calculated;
        value           nonuniform List<scalar> 
69
(
0.00119043
0.000917977
0.0551288
0.000898601
0.00107476
0.000965318
0.0445868
0.000968175
0.00112201
0.000946857
0.040789
0.000949246
0.00125809
0.00111364
0.0560619
0.00110728
0.00126968
0.000969536
0.0476727
0.000958368
0.00112532
0.000901292
0.0350216
0.000916956
0.000886771
0.00117313
0.0250995
0.0367488
0.0357309
0.0296864
0.0471788
0.0422515
0.0436086
0.0496457
0.0340316
0.00104974
0.155936
0.208149
0.340624
0.314207
0.340624
0.207568
0.312415
0.270545
0.340624
0.268617
0.206866
0.340624
0.283875
0.340624
0.18923
0.340624
0.340624
0.340624
0.340624
0.340624
0.235808
0.340624
0.340624
0.340624
0.340624
0.340624
0.340624
0.340624
0.340624
0.340624
0.340624
0.340624
0.340624
)
;
    }
    tube_to_copper
    {
        type            compressible::alphatWallFunction;
        value           nonuniform List<scalar> 
2464
(
0.00161386
0.00175409
0.00217335
0.00181349
0.00113821
0.00187964
0.0020613
0.00199568
0.00205672
0.00194809
0.00195028
0.00107944
0.00161686
0.00158023
0.00152901
0.00174603
0.00171881
0.00210242
0.00134427
0.0012653
0.00126245
0.00173303
0.00215557
0.00231261
0.00173322
0.00159662
0.00164996
0.00157988
0.00162358
0.00159868
0.00190444
0.00163614
0.00176686
0.00125955
0.00114481
0.0017298
0.00169102
0.00187421
0.00189125
0.00216577
0.00119307
0.00158863
0.00137431
0.000766125
0.00132284
0.00155477
0.00151409
0.00211859
0.00172999
0.00137517
0.000678915
0.00207078
0.00196454
0.000748425
0.00162877
0.00169983
0.00192554
0.00145948
0.00120975
0.00121396
0.00171782
0.00216535
0.00165795
0.00163931
0.00204831
0.00209923
0.00154998
0.00182436
0.00144353
0.00179248
0.00177022
0.00171895
0.00145141
0.00122734
0.00159056
0.00183279
0.00146537
0.00121066
0.00138872
0.00143999
0.00122092
0.00134094
0.00208131
0.00129464
0.00156561
0.00145875
0.00153991
0.00121165
0.00139409
0.00188913
0.00150719
0.00172387
0.0015931
0.00146832
0.0017855
0.00249133
0.00171894
0.00164471
0.00207254
0.00116271
0.00162607
0.00202451
0.00171491
0.00165053
0.00214112
0.00200946
0.00203232
0.00167101
0.00170876
0.00252476
0.00167819
0.00159041
0.00183184
0.0013712
0.0011679
0.00164003
0.00165809
0.00181024
0.00167905
0.00157089
0.00148819
0.00181875
0.00134783
0.00162302
0.00160956
0.00157183
0.00166093
0.00111619
0.00131704
0.00175178
0.00143903
0.00153887
0.00159881
0.0019814
0.00197454
0.001902
0.00142729
0.00087556
0.00156867
0.00223793
0.00163057
0.00166001
0.00175917
0.00127915
0.0016397
0.00171806
0.00178448
0.00169719
0.0015848
0.0018382
0.00159686
0.00135493
0.00180571
0.00206951
0.00184732
0.00200261
0.00220579
0.00220529
0.00140266
0.00141828
0.0018394
0.00163846
0.00216126
0.00197548
0.00244226
0.00169109
0.00154111
0.00176538
0.00174835
0.00162622
0.00152786
0.00184612
0.00153285
0.00171855
0.00103282
0.00135619
0.00187417
0.00126061
0.00166164
0.00164057
0.00179078
0.00180524
0.00155838
0.00239026
0.00182258
0.00130055
0.00146561
0.00227176
0.00185872
0.00162976
0.00206992
0.00172275
0.0015457
0.00124652
0.00191752
0.00247799
0.00176464
0.00142007
0.00151721
0.00192379
0.00144144
0.00150632
0.00165922
0.00131383
0.00162174
0.000747746
0.001748
0.00180806
0.00167176
0.00161831
0.00148354
0.00131824
0.0016352
0.00156623
0.00164653
0.00184003
0.00172682
0.0020872
0.00180081
0.00141122
0.00156347
0.00212044
0.00200556
0.00092724
0.00165405
0.00206783
0.00122625
0.00157301
0.00197896
0.00139122
0.00164577
0.00164437
0.00109857
0.00147589
0.00101454
0.00152759
0.00143504
0.000910334
0.00183346
0.00254743
0.00209591
0.00263032
0.00191767
0.00146495
0.00158165
0.00224029
0.00146328
0.00201079
0.00165717
0.00182178
0.00171118
0.00170522
0.00162816
0.00160457
0.00188209
0.00221566
0.00166186
0.00159004
0.00166793
0.0012714
0.0017338
0.00124824
0.001262
0.00157747
0.00141717
0.00167489
0.00171506
0.00195885
0.00149992
0.00177593
0.00161852
0.00184629
0.00172741
0.00154491
0.00150802
0.00179957
0.00161526
0.00171799
0.0014736
0.00156075
0.00140014
0.00134584
0.00147784
0.00241228
0.00191174
0.00204234
0.00171568
0.00182286
0.00189105
0.00151762
0.00152265
0.00132741
0.0017803
0.00221928
0.0015222
0.00167671
0.00132512
0.00171045
0.00171211
0.00156913
0.00140138
0.00126547
0.00107607
0.00175616
0.00179173
0.000658936
0.00181455
0.00145839
0.00170986
0.0015479
0.0016646
0.00181637
0.00193758
0.00236382
0.00171683
0.00129332
0.00157085
0.00159224
0.00158755
0.00139346
0.00145388
0.00142665
0.00186375
0.0013527
0.00157467
0.00149102
0.00106294
0.00193075
0.00180203
0.00186098
0.00167558
0.0018568
0.00139066
0.00164451
0.00189377
0.00102898
0.00229188
0.000904597
0.00154604
0.000975571
0.00155254
0.00185113
0.00144151
0.00169181
0.00143152
0.00136219
0.00151509
0.00162421
0.00175559
0.00192802
0.00151624
0.00171693
0.00154023
0.00155339
0.00182785
0.00171651
0.00149565
0.00131626
0.00163002
0.00191996
0.00158824
0.00146436
0.00141645
0.0017723
0.00145085
0.00175184
0.00138147
0.00191304
0.00167686
0.0015535
0.000796956
0.00129592
0.00177301
0.00135038
0.0016351
0.00112693
0.0014585
0.00143883
0.00156033
0.000858524
0.00164047
0.00141881
0.00169022
0.00132711
0.00179553
0.0014983
0.00196918
0.00145863
0.00151862
0.00154071
0.00170795
0.00171473
0.00219682
0.00172545
0.00126598
0.00142789
0.00168349
0.00146388
0.00149501
0.0015726
0.00163115
0.00164937
0.00143141
0.0018627
0.00131667
0.0015864
0.00127618
0.00192679
0.00154067
0.00203867
0.0017822
0.00192963
0.00220934
0.00187505
0.00082795
0.00137399
0.0014509
0.0013289
0.00144067
0.00139597
0.00180076
0.00179825
0.0020146
0.00137185
0.00163313
0.00243258
0.00174262
0.00157886
0.00171142
0.00182208
0.00152519
0.00150912
0.000976447
0.0016375
0.00129087
0.00193659
0.00150794
0.00135868
0.00200416
0.00139102
0.00188287
0.00163309
0.00184238
0.0016219
0.00163023
0.00245231
0.00209252
0.0022398
0.0016275
0.00134015
0.00152853
0.00149587
0.00206379
0.00221008
0.00160564
0.00187316
0.00148269
0.00160214
0.0015414
0.00187658
0.00102214
0.00177792
0.00172227
0.00181025
0.00182285
0.00148402
0.00164728
0.00126475
0.00259429
0.0015588
0.00130252
0.00147093
0.0012706
0.00130161
0.0013834
0.00191467
0.00138511
0.0014217
0.00162097
0.00123955
0.00129858
0.00178258
0.00155489
0.00192845
0.00174563
0.00157128
0.00163311
0.00167541
0.0021253
0.00196231
0.00214761
0.00195397
0.00146161
0.00197702
0.00161604
0.00154697
0.00164795
0.00163357
0.00169171
0.00159228
0.00153798
0.00162771
0.00153217
0.00159887
0.00228949
0.00160897
0.00202949
0.00234281
0.0016125
0.00186524
0.00201363
0.00125191
0.00175916
0.00125836
0.00154353
0.00113881
0.00150885
0.001311
0.00187558
0.00181736
0.00178857
0.00175054
0.00140764
0.00133542
0.00179739
0.00175888
0.00183009
0.00175229
0.0017262
0.0017671
0.00148371
0.00178169
0.00161562
0.00237424
0.0014851
0.00168357
0.0015122
0.00181862
0.00167749
0.00177417
0.00135659
0.00168906
0.00178521
0.00198672
0.00197335
0.00176738
0.00122817
0.00171206
0.00131081
0.00187907
0.00107765
0.00177269
0.00162235
0.00189075
0.00167528
0.0017445
0.00170905
0.00139749
0.00151144
0.00145229
0.00163123
0.00152217
0.00194494
0.00156765
0.0016972
0.000908256
0.00175397
0.00163501
0.00172468
0.00226557
0.00150507
0.00132707
0.00212176
0.00147016
0.00196524
0.00189096
0.00139516
0.00129897
0.00124792
0.00208248
0.0018683
0.00133788
0.00183804
0.00179173
0.00185982
0.00130897
0.00152932
0.00162713
0.00152543
0.00180519
0.00148799
0.00167271
0.00130448
0.00120589
0.00128539
0.00167353
0.00231386
0.001279
0.001579
0.00147078
0.00141105
0.00133394
0.00176828
0.0017832
0.00169608
0.00175748
0.00146691
0.00161213
0.00187736
0.00192771
0.00178522
0.00179765
0.00238563
0.00142418
0.00238134
0.00175836
0.00139839
0.00181129
0.00127652
0.00149409
0.00169752
0.00156627
0.00153511
0.00191114
0.00139673
0.00165324
0.00157939
0.00189861
0.0012718
0.00156812
0.00166198
0.00203361
0.00156688
0.00198604
0.00175123
0.00126165
0.0012564
0.00238879
0.00232895
0.00214372
0.0012682
0.00180899
0.00168592
0.00141543
0.0017896
0.00127742
0.00160081
0.0018371
0.00146717
0.00175425
0.0012538
0.00130306
0.00171752
0.00152204
0.00208214
0.00171004
0.00119461
0.0017509
0.0015073
0.0017783
0.00172549
0.00144947
0.00131632
0.00193171
0.00139709
0.0015373
0.00169969
0.00187336
0.00171621
0.00161701
0.00156265
0.00188544
0.00192301
0.00142085
0.0023243
0.00169038
0.00151118
0.000870096
0.00162185
0.00180163
0.00167244
0.0014803
0.00234364
0.00130019
0.00167916
0.00172438
0.00121918
0.00228643
0.00240423
0.00232266
0.00150008
0.001535
0.00146837
0.00210805
0.00207881
0.00242759
0.0014701
0.00128638
0.00191194
0.00206483
0.00209632
0.00204914
0.00152386
0.00142617
0.00166152
0.00135068
0.00101651
0.00141949
0.00185988
0.00146537
0.00128418
0.00139772
0.00197709
0.00170186
0.00171379
0.00160075
0.00170875
0.00152264
0.0016839
0.00175614
0.00158987
0.00178924
0.00161246
0.00150928
0.00168464
0.00161822
0.00149206
0.00178588
0.00152431
0.00185962
0.00197686
0.00143813
0.00164552
0.00193669
0.00117748
0.00165396
0.00194546
0.00148016
0.00145471
0.00173609
0.0015729
0.00183096
0.0018228
0.00151967
0.00147203
0.00126007
0.00179296
0.00176403
0.00146921
0.00174612
0.00276989
0.00157766
0.00179184
0.00154624
0.0020098
0.00134973
0.00146719
0.00184504
0.00240871
0.00183484
0.00162068
0.00198049
0.00183338
0.00182716
0.0013902
0.00180308
0.00152104
0.00154164
0.00181146
0.00194354
0.0017711
0.00129331
0.00211978
0.00143801
0.00181432
0.00170197
0.00119595
0.00110686
0.0012098
0.000853274
0.00162768
0.0017684
0.00162939
0.00168685
0.00148977
0.00178243
0.00173473
0.0015078
0.00158304
0.00162195
0.00219643
0.00182298
0.00187183
0.00199475
0.00177509
0.00136105
0.00175354
0.00176492
0.00173268
0.00192197
0.00193486
0.00160354
0.00156993
0.00134052
0.000940945
0.00182234
0.00163463
0.00177102
0.00165442
0.00130427
0.00163623
0.0015493
0.00166697
0.00180085
0.00154042
0.00147485
0.00208228
0.00183533
0.00156105
0.00177344
0.00134092
0.00167277
0.00166388
0.00218385
0.00162763
0.00161905
0.00101914
0.00166587
0.00217353
0.00154835
0.00179195
0.00105205
0.0019347
0.00133318
0.00154783
0.00159
0.00114542
0.00155257
0.00132469
0.00149337
0.00102393
0.00153514
0.00146841
0.00199779
0.00139231
0.00151525
0.0021417
0.00161054
0.00155173
0.0016469
0.00152095
0.00138888
0.0017743
0.00151231
0.00163205
0.00206454
0.00188505
0.0017691
0.00168338
0.00154584
0.00193866
0.00197409
0.00154744
0.00157849
0.00162022
0.00149629
0.00148855
0.00163962
0.00165053
0.00141441
0.00163554
0.00223263
0.00223186
0.000922749
0.00112442
0.00123877
0.0020665
0.00187055
0.00131815
0.00169966
0.00169662
0.00124854
0.0021197
0.00143874
0.00183838
0.00164621
0.00155941
0.00200728
0.000985294
0.00130212
0.00167869
0.00156053
0.00128965
0.00166446
0.0014035
0.00125308
0.00121049
0.00164138
0.00167671
0.0019243
0.00138945
0.00178207
0.00150265
0.00181465
0.00173559
0.00195079
0.00183574
0.00206186
0.00141307
0.00190712
0.00125784
0.00159781
0.00164401
0.00179713
0.00179703
0.00179607
0.00164118
0.00173686
0.00225508
0.00150425
0.00160032
0.00166354
0.00161253
0.00182312
0.0015163
0.00166475
0.00175735
0.00222575
0.00167931
0.00193902
0.0016972
0.0016171
0.0012934
0.00154458
0.00152354
0.00160147
0.001747
0.00156547
0.00169259
0.00151011
0.00186543
0.00139
0.00182079
0.00187383
0.00145556
0.0013574
0.00139688
0.00131293
0.00173116
0.00120909
0.00188956
0.00177053
0.00123213
0.00244745
0.0014358
0.00176409
0.00144323
0.00203658
0.00226697
0.00169356
0.00164172
0.00179771
0.00139415
0.00175734
0.00148215
0.00150408
0.00169527
0.00141875
0.00151128
0.00154179
0.00135188
0.00180484
0.00168935
0.00132029
0.00179588
0.00168655
0.00170322
0.00158678
0.00199249
0.00167527
0.00172116
0.00142691
0.00154034
0.001521
0.0022314
0.00134217
0.00166707
0.00151187
0.00130083
0.00204235
0.00136685
0.0014775
0.00178591
0.00168515
0.00166982
0.00171385
0.00124988
0.00149124
0.00225246
0.00131393
0.00175576
0.00184183
0.00139954
0.0015874
0.00158114
0.00144934
0.00198365
0.00153605
0.00173688
0.00155655
0.00144526
0.00160414
0.00175221
0.00184711
0.00118774
0.00174899
0.0015865
0.00126591
0.00164676
0.00150643
0.00112172
0.00169155
0.00155475
0.00160268
0.0020152
0.00212236
0.00124898
0.00214408
0.00179076
0.00198847
0.00149909
0.00136229
0.00167042
0.00154786
0.00167739
0.00112778
0.00159874
0.00127884
0.00103935
0.00177497
0.00159259
0.00156595
0.00138258
0.00176403
0.00150612
0.000906206
0.00156203
0.00148208
0.00129508
0.00155422
0.00175262
0.00139377
0.001313
0.00148766
0.00188266
0.00135938
0.00152671
0.00187488
0.000700303
0.00154828
0.00128837
0.0017829
0.00185221
0.0018792
0.00151488
0.00147067
0.00145755
0.00128104
0.00167247
0.00160303
0.00143882
0.00150936
0.00162553
0.00186185
0.00156143
0.00151009
0.00170267
0.00156312
0.00151458
0.00172011
0.0014423
0.00147385
0.00188573
0.0019471
0.00134878
0.00178855
0.0018427
0.00151425
0.00161635
0.00135944
0.00132887
0.00142147
0.00137721
0.00159079
0.00134274
0.00167386
0.00135643
0.00172225
0.00156595
0.00102875
0.0010644
0.00178519
0.00192612
0.00157124
0.00169725
0.00159099
0.00173825
0.00128035
0.00135504
0.00286701
0.00159617
0.00154714
0.0013116
0.00157239
0.00190818
0.00229878
0.00167726
0.00126322
0.00192943
0.00159955
0.00151139
0.0016372
0.0023119
0.00167356
0.00160736
0.00154094
0.00223794
0.0013009
0.0013407
0.00189264
0.00184539
0.00165587
0.00132671
0.00168221
0.0015189
0.0013739
0.00204711
0.00088266
0.00156248
0.00177879
0.00151857
0.00169436
0.00169897
0.00160259
0.00137492
0.00165225
0.00135418
0.00137197
0.00114085
0.00143111
0.00135148
0.00143533
0.00154746
0.00202375
0.00184956
0.00173639
0.00163536
0.00162712
0.00134994
0.00237974
0.00170415
0.00145778
0.001126
0.00150788
0.00128541
0.00176911
0.00157981
0.00230235
0.00204105
0.00143051
0.00139022
0.0014459
0.00133366
0.00152223
0.00142308
0.00147557
0.00145944
0.00171874
0.00148814
0.00121932
0.00140293
0.00166384
0.001438
0.00149331
0.0015206
0.00186253
0.00144373
0.00232557
0.00147321
0.00168875
0.00208135
0.0016818
0.00230337
0.00167064
0.00180467
0.00172855
0.00238355
0.00180798
0.00131291
0.00106397
0.00156286
0.00152711
0.00176149
0.00144986
0.001731
0.00124853
0.00179755
0.00178185
0.00154074
0.00142489
0.00213868
0.00142578
0.00170217
0.00159977
0.00182656
0.0017002
0.00247305
0.0015504
0.0015513
0.0016951
0.000866461
0.0019908
0.0015883
0.00171316
0.00224439
0.00160009
0.00171924
0.00149496
0.00173844
0.00165832
0.00149044
0.00171203
0.00200181
0.00158958
0.00177629
0.00161285
0.00189628
0.00226795
0.00215838
0.00214059
0.00167368
0.00138058
0.00130386
0.00173606
0.00200187
0.00148089
0.00146977
0.00195643
0.00149184
0.000976406
0.00150048
0.0017015
0.00172661
0.0016738
0.00180545
0.00141928
0.00202052
0.00163095
0.00239356
0.00118792
0.00197088
0.00167782
0.00164025
0.00117872
0.00173882
0.00137519
0.00160943
0.00160079
0.00212369
0.00186867
0.00173219
0.00179007
0.00201525
0.0017576
0.00176838
0.00136617
0.00170236
0.00156353
0.00177572
0.00176485
0.00166234
0.00142857
0.00205999
0.00170066
0.00176943
0.0015299
0.00193682
0.00141887
0.00165085
0.00155932
0.00148081
0.00180216
0.00173125
0.00180202
0.00166731
0.00147324
0.00168682
0.00166721
0.00139778
0.00131226
0.00125016
0.00146137
0.00118733
0.00167901
0.0015124
0.00156501
0.00190514
0.0017618
0.0017698
0.000728776
0.00161947
0.00147414
0.00138499
0.00114705
0.00134198
0.00140414
0.00166017
0.00146857
0.00166424
0.0015986
0.000910518
0.00164721
0.00138142
0.00202219
0.00169826
0.00148445
0.00143087
0.00158484
0.00180899
0.00155985
0.00176486
0.00173607
0.00202782
0.00121557
0.00143552
0.00182989
0.00184979
0.00163078
0.00157259
0.0016645
0.00106511
0.000918658
0.00114881
0.00160836
0.00151763
0.00154714
0.00138433
0.00191329
0.0016436
0.00115469
0.00112766
0.00138217
0.001226
0.00128136
0.00156858
0.00156531
0.00142903
0.0012585
0.00183541
0.00108501
0.00135051
0.00104899
0.00116518
0.00116825
0.00178909
0.00148334
0.00145146
0.00176301
0.00133869
0.00137846
0.00159619
0.00108841
0.000950161
0.00166275
0.00184249
0.0011085
0.00114836
0.00175586
0.00163634
0.00173532
0.00158475
0.00178446
0.00206673
0.00177588
0.00194204
0.00173145
0.00185796
0.0017781
0.00173503
0.00142784
0.00151987
0.00148095
0.00124172
0.00127404
0.00172932
0.00175054
0.00155975
0.00211131
0.00169512
0.00150535
0.00202157
0.0015044
0.00149432
0.00173969
0.00135518
0.00155126
0.00159321
0.00174779
0.00121632
0.001683
0.00149576
0.00128316
0.00172234
0.00174488
0.00168189
0.00207394
0.00169852
0.00168767
0.00193233
0.00162589
0.00243781
0.00172958
0.00184234
0.00173742
0.00182114
0.0018685
0.00132797
0.00180875
0.00126261
0.00068259
0.0019302
0.00144518
0.00148302
0.00136676
0.00188005
0.00143112
0.00174898
0.0014475
0.00120156
0.00129384
0.00173021
0.00145023
0.00136221
0.00163855
0.00147394
0.00172822
0.00186256
0.00172303
0.00154516
0.00118534
0.00142906
0.00210717
0.0021581
0.00193783
0.00209436
0.00159847
0.00162817
0.00083877
0.00103734
0.00144173
0.0014918
0.00172056
0.00182969
0.00159105
0.00161956
0.00174018
0.00174059
0.00200584
0.00175312
0.00167889
0.00153472
0.00158032
0.00181767
0.00141656
0.00175097
0.00131375
0.00173863
0.00146683
0.00145686
0.00135023
0.00196875
0.00169643
0.00170816
0.00174653
0.00162809
0.0017777
0.00180104
0.00204217
0.00185371
0.00185235
0.00172436
0.00190305
0.00179655
0.00188401
0.00135552
0.00223398
0.00176305
0.00148851
0.00218074
0.00155066
0.00203601
0.00188378
0.00194167
0.00146249
0.00140516
0.00203391
0.00168262
0.00204275
0.00189269
0.00131122
0.00137157
0.00174112
0.00172408
0.00139594
0.00167733
0.00134074
0.00136131
0.00135452
0.00228913
0.00171942
0.00175924
0.0022737
0.00173734
0.00124146
0.00137669
0.00125828
0.00175971
0.00140818
0.00128881
0.0017643
0.00168016
0.00133406
0.00144084
0.00168141
0.00124509
0.00242776
0.00230187
0.00164233
0.00138504
0.00147953
0.00168319
0.00169527
0.00134236
0.0020282
0.00161811
0.00171473
0.00174002
0.00155462
0.00171144
0.0016135
0.00157144
0.00170666
0.0014992
0.00173155
0.00153301
0.00168318
0.00169107
0.00205643
0.00189603
0.00169898
0.00157118
0.00158307
0.00199884
0.00155766
0.0015506
0.00160454
0.00123295
0.0018572
0.00160965
0.00158255
0.00161451
0.00211747
0.00176224
0.00129559
0.00208801
0.00146871
0.00188655
0.00180369
0.00150371
0.00140911
0.00211727
0.00105836
0.00156005
0.00185493
0.00173898
0.00143642
0.00184904
0.00131949
0.00225594
0.00175668
0.00207821
0.00164867
0.00210811
0.00208765
0.00144016
0.00132261
0.00136971
0.00199929
0.00166143
0.00164995
0.00133741
0.00171962
0.0021638
0.00168586
0.00182872
0.00149569
0.00168707
0.00148098
0.00127071
0.00197571
0.00138702
0.00141906
0.00191007
0.00135471
0.00165182
0.00131191
0.00190531
0.00211896
0.00165369
0.00163831
0.00160674
0.00178645
0.0015827
0.00151132
0.00182388
0.00144051
0.00161375
0.00173606
0.00166849
0.00168659
0.00135624
0.001289
0.00154787
0.00191951
0.00141331
0.00246802
0.00136917
0.00146395
0.00127643
0.0014236
0.00165313
0.00140986
0.00114045
0.00193737
0.00163747
0.00145696
0.0017397
0.00141943
0.00198801
0.00171454
0.0018555
0.00164812
0.00150525
0.00188135
0.00168366
0.0014351
0.00209651
0.00169992
0.00192264
0.00161917
0.00183077
0.00187609
0.00179917
0.00160219
0.00215399
0.00157314
0.00206206
0.0018207
0.00140491
0.00214225
0.00210328
0.00149241
0.00102571
0.00222467
0.00219396
0.00234391
0.0013596
0.00179103
0.00173558
0.00134447
0.00187861
0.00174426
0.00177839
0.00184272
0.00159526
0.00176801
0.00177495
0.00208438
0.00184901
0.00182861
0.00166361
0.00172529
0.00175377
0.0018595
0.00206159
0.00127298
0.00175859
0.00230141
0.00134869
0.00153564
0.00176766
0.00126228
0.00231007
0.00203127
0.00169783
0.00166611
0.00174505
0.00184865
0.00142094
0.00201208
0.00121888
0.00186867
0.00138348
0.00220043
0.00159628
0.00175426
0.00145862
0.00178142
0.00165945
0.00184218
0.0017987
0.00197268
0.00170568
0.00197238
0.001831
0.00212828
0.00141227
0.00181911
0.00181032
0.00191103
0.002011
0.00201353
0.00173795
0.00186666
0.00130181
0.00132881
0.00127634
0.00180061
0.00188431
0.00147377
0.0019947
0.00185968
0.00187302
0.00241441
0.00175612
0.00173038
0.00188909
0.00149613
0.00127861
0.00181008
0.00132667
0.00114294
0.00133109
0.000913239
0.00207298
0.00180556
0.00198522
0.0014486
0.00116122
0.00112097
0.00153449
0.00152758
0.00165518
0.00152405
0.00213283
0.00148593
0.00160817
0.00197149
0.00151782
0.00177959
0.00169081
0.00219192
0.00127974
0.00133373
0.00156641
0.00220398
0.00104837
0.00166128
0.00108858
0.00185668
0.0016033
0.00162368
0.00171953
0.00127656
0.001626
0.00160887
0.00157337
0.00198305
0.00138562
0.00171492
0.0019325
0.00172374
0.00229529
0.00181308
0.0022522
0.00216988
0.00168828
0.00150182
0.00157013
0.00190258
0.00171711
0.00122928
0.00121827
0.00119288
0.00139327
0.00152684
0.00141448
0.00175148
0.00163858
0.00153024
0.00152188
0.00201877
0.00118306
0.00139128
0.00233663
0.00163642
0.00173237
0.00188872
0.00154223
0.00154999
0.00177066
0.00177588
0.00188857
0.00152715
0.000936861
0.000972901
0.00111579
0.00113983
0.00101724
0.00139829
0.00110418
0.00197459
0.000848471
0.00155836
0.00187795
0.0018528
0.00145739
0.00130586
0.00137673
0.00167952
0.00138286
0.00123891
0.00154629
0.00169357
0.00154719
0.00139518
0.00133243
0.0012882
0.00149018
0.00140735
0.00174862
0.0018361
0.00138875
0.00143568
0.00172923
0.0017317
0.00215599
0.00162153
0.00164371
0.0017599
0.00196526
0.00177858
0.0015448
0.00178043
0.00203146
0.00156363
0.00183006
0.00126241
0.00158248
0.00159229
0.0013819
0.00136983
0.000832347
0.00193051
0.00198312
0.00160601
0.00175024
0.00124155
0.00172349
0.00125981
0.00187378
0.00172253
0.00166178
0.0022151
0.00216389
0.00188914
0.00147746
0.00163601
0.00123626
0.00126949
0.00128811
0.00119276
0.00189765
0.00178862
0.00219513
0.00181784
0.0013556
0.00176238
0.00197743
0.00124712
0.00185881
0.00140963
0.00154349
0.00156134
0.0017508
0.00155399
0.00175528
0.0024722
0.00145017
0.00174222
0.00168604
0.00146928
0.0018754
0.00165073
0.00191205
0.0015302
0.0014686
0.00154608
0.00123083
0.00103203
0.00177953
0.0016288
0.00195273
0.00190411
0.00133066
0.00145503
0.000954741
0.00148829
0.00155086
0.001294
0.00150469
0.00128636
0.00186495
0.00162019
0.00158229
0.0018354
0.00166824
0.0013343
0.00169833
0.00165624
0.00165524
0.00177921
0.00145389
0.00154589
0.00178454
0.0013648
0.00155089
0.00146458
0.00170294
0.00166046
0.00170781
0.00218584
0.00206814
0.00129089
0.00119595
0.00164312
0.00170246
0.00150422
0.00168915
0.00180866
0.00138328
0.00177465
0.00181194
0.00173833
0.00155928
0.00126975
0.00174999
0.00167794
0.00174543
0.00151875
0.00195726
0.00159047
0.00184018
0.00161236
0.00179756
0.00120287
0.00129585
0.00150254
0.001462
0.00202707
0.00220386
0.00179062
0.00176925
0.00172814
0.00146566
0.00174609
0.00206228
0.00247234
0.00216218
0.00171736
0.00219537
0.00145879
0.00140496
0.00185692
0.00229428
0.00169607
0.00208325
0.00212025
0.00154024
0.00163223
0.00126591
0.00178424
0.00159926
0.00184023
0.00181789
0.0020242
0.00205273
0.00173459
0.00130324
0.00147308
0.00156781
0.00213197
0.00172505
0.00179884
0.00165239
0.00161168
0.00157113
0.00175041
0.0016117
0.00152084
0.00220236
0.00219144
0.00155111
0.00159015
0.00172644
0.00232941
0.00214606
0.00169384
0.00230142
0.00195023
0.0017978
0.00171381
0.00223414
0.00167766
0.00184433
0.0013052
0.00127295
0.000994784
0.00156648
0.00133466
0.00136515
0.00167852
0.00198862
0.00155907
0.00145129
0.00172976
0.00141316
0.00150421
0.00159353
0.00156838
0.00180003
0.00150471
0.00159479
0.00213832
0.00159112
0.00111686
0.00153929
0.00172334
0.00199807
0.00229643
0.00248397
0.00225769
0.00134564
0.00149986
0.00174344
0.00151807
0.000943858
0.00107741
0.00157773
0.00134772
0.0016882
0.00180457
0.00217609
0.00202344
0.00149614
0.00227861
0.00188526
0.00153123
0.00238816
0.00164256
0.00123082
0.00144975
0.00196415
0.0016536
0.00217727
0.00166773
0.00219449
0.00207024
0.00149089
0.00220659
0.00220374
0.00132432
0.00262073
0.00161028
0.00223666
0.00123718
0.00162519
0.00126718
0.00185502
0.00148567
0.00181907
0.00186858
0.00148698
0.00151892
0.00159831
0.00150052
0.00192691
0.00258828
0.00150538
0.0014056
0.00157172
0.0015566
0.00140855
0.00160167
0.00171767
0.00156514
0.00160821
0.00165304
0.00158273
0.00116286
0.00204139
0.00182571
0.00196339
0.00139207
0.00205649
0.00204865
0.00197503
0.00156357
0.00161038
0.00226655
0.00165468
0.00159633
0.00176243
0.0013279
0.0020696
0.00190992
0.00166561
0.00206754
0.00170078
0.00148132
0.00141774
0.00169199
0.00181317
0.0014226
0.00147651
0.00125071
0.00114354
0.00164056
0.00112189
0.00146996
0.00149247
0.00111328
0.00149574
0.00146344
0.00153264
0.00177529
0.00124392
0.00148758
0.00146851
0.00115247
0.00150765
0.00167006
0.0020934
0.00153919
0.00134935
0.00208599
0.00214447
0.00223777
0.00129007
0.00188314
0.00228457
0.00191269
0.00162112
0.00190155
0.00210923
0.00202751
0.00151929
0.00158713
0.00198663
0.00119659
0.00153822
0.00189505
0.00234306
0.000928301
0.00195843
0.00155723
0.00156225
0.00155834
0.00195244
0.00207755
0.00130645
0.00149857
0.0015259
0.00167347
0.00110158
0.0017239
0.00131225
0.00180465
0.00131389
0.00151453
0.00191828
0.00169601
0.00153583
0.00149401
0.0012827
0.00150479
0.00187064
0.00197787
0.00127788
0.00183343
0.00163143
0.00144889
0.0014423
0.00160808
0.00199782
0.00212092
0.00137869
0.00131118
0.00182191
0.0016336
0.00178616
0.00178621
0.00137791
0.00149293
0.00135635
0.00144017
0.00138427
0.00134382
0.00124277
0.00127361
0.00140091
0.00136338
0.00178957
0.00159743
0.0016295
0.00149313
0.00159049
0.00144053
0.00135776
0.00116716
0.00191059
0.00174988
0.00127384
0.00205203
0.00176876
0.00153287
0.00145904
0.0014585
0.00245137
0.00146773
0.00152822
0.00144915
0.0016218
0.0013988
0.00169605
0.00115499
0.00202735
0.00175214
0.00171411
0.000740808
0.00184419
0.00198486
0.00155293
0.00105141
0.00155343
0.00159471
0.00143307
0.00135456
0.0014295
0.00155271
0.00148354
0.00145946
0.00160013
0.00141997
0.00163381
0.00153605
0.00196983
0.00212896
0.00158847
0.00154084
0.00151564
0.00110264
0.00130889
0.00140935
0.00162498
0.00122825
0.0012305
0.00148368
0.00178096
0.00164117
0.00164116
0.00101612
0.00148794
0.00179225
0.00158095
0.00147362
0.00122065
0.00135553
0.00151747
0.00197321
0.00209408
0.00144229
0.00164144
0.0018215
0.00202757
0.00156495
0.00180188
0.00129632
0.000779801
0.00182377
0.00153269
0.00111034
0.00141418
0.00216103
0.00228629
0.00125073
0.00157669
0.00155622
0.00156312
0.00129063
0.00153834
0.00168955
0.00153003
0.00132355
0.00213276
0.00168063
0.00215373
0.00190456
0.00158212
0.00147289
0.00151054
0.00185064
0.00147972
0.00155351
0.0014366
0.00151069
0.00147361
0.00165242
0.00139909
0.00215075
0.00258888
0.00145952
0.00142319
0.00127638
0.0017788
0.00172737
0.00194602
0.00183564
0.00152397
0.00150847
0.0014835
0.0016446
0.00179003
0.00160514
0.00201665
0.00178491
0.0015814
0.00190514
0.00157333
0.00167856
0.00162609
0.00179373
0.00163553
0.00162382
0.00158693
0.00143665
0.00153814
0.00147741
0.00135316
0.0016359
0.00185716
0.00165869
0.00162681
0.00181632
0.00183435
0.00137034
0.00147665
0.00168246
0.00164488
0.00125305
0.00149715
0.00176395
0.00170916
0.0015652
0.00149436
0.00175235
0.00175386
0.001495
0.0015663
0.001037
0.00139721
0.00163706
0.00134039
0.00199848
0.00196547
0.00150609
0.00188211
0.00166154
0.00175217
0.00207695
0.00163246
0.00134703
0.0014105
0.00157824
0.00140931
0.00197192
0.00221319
0.00181352
0.00127513
0.00133048
0.00130678
0.0015184
0.00149505
0.00201282
0.00135632
0.00206804
0.00172547
0.00209345
0.00144231
0.00137324
0.00170574
0.00173886
0.00130196
0.00144908
0.00160579
0.00187884
0.001824
0.00154547
0.00167359
0.00199398
0.00196442
0.00211852
0.00219206
0.00219965
0.00206429
0.00189399
0.00225669
0.00157967
0.00196487
0.00218131
0.00111035
0.00147583
0.00150747
0.00166932
0.00156247
0.00159966
0.0023368
0.00168373
0.00151567
0.0013794
0.00213033
0.00181044
0.00187131
0.00227465
0.00199484
0.00157301
0.00118976
0.00176792
0.0019256
0.00223401
0.00144595
0.00216134
0.001315
0.00137623
)
;
    }
}


// ************************************************************************* //
