/*--------------------------------*- C++ -*----------------------------------*\
| =========                 |                                                 |
| \\      /  F ield         | OpenFOAM: The Open Source CFD Toolbox           |
|  \\    /   O peration     | Version:  2312                                  |
|   \\  /    A nd           | Website:  www.openfoam.com                      |
|    \\/     M anipulation  |                                                 |
\*---------------------------------------------------------------------------*/
FoamFile
{
    version     2.0;
    format      ascii;
    arch        "LSB;label=32;scalar=64";
    class       volScalarField;
    location    "2/tube";
    object      k;
}
// * * * * * * * * * * * * * * * * * * * * * * * * * * * * * * * * * * * * * //

dimensions      [0 2 -2 0 0 0 0];

internalField   nonuniform List<scalar> 
5195
(
0.00985465
0.00818762
0.00619511
0.00785076
0.00947882
0.00847884
0.00863234
0.0064924
0.00583976
0.0069651
0.00883823
0.00893385
0.00601223
0.00722405
0.00788492
0.00701551
0.00720557
0.00816599
0.00643138
0.00949276
0.00701649
0.00720915
0.00752131
0.00764694
0.00638669
0.00751003
0.00823943
0.00844979
0.00467716
0.00519958
0.00782252
0.00636796
0.00726429
0.00928572
0.00703865
0.00702673
0.00795482
0.00826339
0.00781975
0.00708669
0.00898909
0.00731555
0.00855613
0.00432968
0.00867199
0.00700873
0.00733346
0.00903101
0.00802179
0.00773147
0.00933149
0.00767195
0.00735983
0.00852351
0.00738125
0.00789612
0.00856032
0.00859225
0.00709859
0.00783867
0.00639746
0.00467591
0.00631663
0.00563729
0.00840669
0.00488704
0.0110863
0.0087273
0.0062828
0.00451586
0.0051247
0.00587833
0.00465798
0.00747086
0.00666228
0.00765087
0.00808761
0.00721538
0.00577857
0.0070172
0.0094953
0.00804926
0.00763597
0.0080644
0.00858433
0.00737204
0.0073628
0.00783882
0.00867624
0.00962497
0.0064286
0.00757942
0.00538309
0.00902588
0.00625257
0.007408
0.00652619
0.00780296
0.00727604
0.00703698
0.010403
0.00456722
0.00955955
0.00875094
0.00780089
0.00914687
0.00658919
0.00902267
0.00995364
0.00931607
0.00590165
0.00835497
0.00796234
0.00915554
0.00760108
0.00685182
0.00909341
0.00656632
0.00447903
0.00470364
0.00467616
0.00643164
0.00444305
0.00810476
0.00497649
0.00770757
0.00503895
0.00871115
0.00860936
0.00459055
0.00856529
0.00708795
0.00492638
0.00482013
0.00747484
0.00710301
0.00630887
0.00902691
0.0068694
0.00705335
0.00931903
0.00445583
0.00690367
0.0101897
0.0104028
0.00476928
0.0111585
0.00887879
0.00456615
0.00626161
0.0087508
0.00892713
0.00905249
0.00785452
0.00608507
0.00921485
0.00756725
0.00580195
0.010314
0.0063558
0.00584213
0.0086422
0.00929608
0.00979487
0.00581785
0.00722979
0.00631356
0.00451169
0.00531598
0.00937079
0.00958349
0.00741077
0.0055966
0.00643002
0.00436199
0.00675516
0.00845235
0.00943274
0.00717127
0.00756257
0.00701045
0.00738137
0.00841623
0.00775017
0.00783624
0.00884916
0.00574536
0.00653971
0.00754958
0.00862437
0.00640046
0.00707077
0.00924662
0.0100081
0.00653791
0.00821496
0.0100413
0.00832161
0.00806618
0.00793386
0.00637852
0.00989846
0.00587063
0.00741869
0.00769379
0.00772131
0.00578034
0.00770024
0.00735571
0.0069292
0.00617116
0.00993109
0.00822766
0.00895643
0.00528522
0.00811776
0.00648164
0.00767903
0.00629134
0.0049621
0.00830881
0.00970157
0.00789356
0.00859516
0.00962972
0.00584501
0.00626605
0.00885871
0.00880507
0.00576743
0.00593509
0.0083403
0.00638384
0.00648182
0.00464006
0.00435487
0.0086138
0.00642307
0.00948762
0.00716702
0.00618613
0.00422887
0.00702499
0.00499841
0.00656624
0.00634756
0.00976058
0.00884394
0.00486697
0.00712609
0.00843967
0.00695779
0.00500593
0.00523118
0.00521514
0.0074181
0.0101827
0.0044763
0.0087754
0.00709944
0.00620203
0.00532855
0.00534726
0.00652871
0.00673928
0.00917374
0.00861452
0.00438694
0.0059047
0.0088068
0.00741223
0.00682344
0.00914874
0.00719054
0.00775097
0.00752231
0.0100128
0.00947659
0.00652016
0.00861829
0.00884281
0.00789618
0.00672676
0.0078846
0.00857496
0.00892676
0.00936464
0.00819888
0.00809933
0.00681017
0.00681038
0.00758378
0.00571264
0.00768563
0.00703502
0.00470071
0.00622959
0.00816322
0.00695743
0.00677006
0.00994583
0.00915731
0.00570909
0.00804004
0.00765866
0.00842972
0.00942492
0.00814138
0.00846872
0.00606365
0.010126
0.00927262
0.00799158
0.00641612
0.00679375
0.00736717
0.00691017
0.00675549
0.00669582
0.00607593
0.00749304
0.00662811
0.00627579
0.00455708
0.00602695
0.00866549
0.00843264
0.00472224
0.00687236
0.00664329
0.00736548
0.0085648
0.0053162
0.00779858
0.00760581
0.0053579
0.00654927
0.00892625
0.00626433
0.0061258
0.00783015
0.00774927
0.00620745
0.00875352
0.00441828
0.00687714
0.00613338
0.007819
0.00786238
0.00901096
0.0117186
0.00642588
0.00707459
0.00856062
0.00764247
0.0076121
0.00859109
0.00449045
0.00572164
0.00477078
0.00649372
0.00718937
0.00709595
0.00763822
0.00674227
0.00458895
0.0101312
0.00767164
0.00728609
0.00592712
0.00722085
0.00930586
0.00604389
0.00949195
0.00810447
0.00887625
0.00477084
0.00648168
0.00461889
0.00948438
0.00544632
0.00900104
0.0062434
0.00928771
0.00833536
0.00586797
0.0097781
0.00686787
0.00834225
0.0065341
0.00757519
0.00703865
0.00908506
0.00713008
0.0102967
0.0102541
0.00867226
0.0113834
0.00885475
0.00795763
0.00788803
0.00810332
0.00806084
0.00758194
0.00743753
0.00662054
0.00789226
0.00960065
0.00718833
0.00788922
0.00804988
0.00839524
0.00926867
0.00765168
0.00582319
0.00768122
0.00692399
0.00920492
0.00891136
0.00637891
0.00867259
0.01002
0.00893445
0.00559219
0.00855221
0.00815696
0.00646622
0.00964297
0.0114508
0.00923572
0.0063966
0.00978424
0.00728658
0.00603487
0.00644467
0.00597658
0.00592722
0.00908878
0.0107439
0.00656724
0.00501686
0.00932132
0.00841463
0.00922888
0.00870883
0.00850452
0.00736876
0.00979498
0.00840873
0.0086621
0.01039
0.00839612
0.00965029
0.00454168
0.00889521
0.00677861
0.00815058
0.00746471
0.00438175
0.00693971
0.00585695
0.00760593
0.0081966
0.00834244
0.00736533
0.0077673
0.00432511
0.00737144
0.00976662
0.00923907
0.00709146
0.00736302
0.009345
0.0104974
0.0083842
0.00706352
0.00706389
0.00892874
0.00837238
0.00863711
0.0058433
0.00659305
0.00885883
0.00775388
0.00590977
0.0066589
0.00613987
0.00705854
0.00854643
0.00912399
0.0092623
0.00862241
0.00953196
0.00639676
0.00903949
0.00837846
0.00906688
0.00847746
0.0114746
0.00746995
0.00661085
0.00471481
0.00803716
0.00992123
0.00482343
0.00477023
0.0077235
0.0060729
0.0054117
0.00791045
0.00646901
0.00442607
0.00875942
0.00529278
0.00436493
0.00582901
0.00787352
0.00638676
0.00595013
0.00823962
0.00629502
0.0070004
0.00689402
0.00945625
0.00699762
0.00819514
0.00617601
0.0109559
0.006271
0.00683959
0.00750207
0.00438798
0.00678724
0.00859805
0.00697974
0.00625102
0.00642124
0.00798218
0.00723156
0.00472052
0.0043877
0.00918814
0.00755947
0.00815789
0.00461711
0.00782263
0.00702881
0.00766584
0.00924476
0.0098672
0.00661566
0.00905334
0.00583566
0.0102396
0.005471
0.00986576
0.00874826
0.00783797
0.00717544
0.00787056
0.00540015
0.00597472
0.0060561
0.00891719
0.00746574
0.00521997
0.00453008
0.0100257
0.0042432
0.00894966
0.00541872
0.00559751
0.00545614
0.00878248
0.00813279
0.0101279
0.00705808
0.0104553
0.00886496
0.00755046
0.00755382
0.00882865
0.00941185
0.00871743
0.0090116
0.0078915
0.00862949
0.00703104
0.00820579
0.00727272
0.00568098
0.00734935
0.00463904
0.00723803
0.00961966
0.00949333
0.00885366
0.00667906
0.00590107
0.00891032
0.00559204
0.00667329
0.00857048
0.00800867
0.00879962
0.00749895
0.00991847
0.0091804
0.00821325
0.00980253
0.00748245
0.00507388
0.00757828
0.0105534
0.00697478
0.00672044
0.00800283
0.00793341
0.00939146
0.00809726
0.00816218
0.00989454
0.00660615
0.00738151
0.00656659
0.00698706
0.00701563
0.00676786
0.00654
0.0086174
0.0073571
0.00676509
0.0058722
0.00756872
0.00880157
0.00785371
0.00584469
0.00658969
0.00642335
0.0114279
0.00757549
0.00859814
0.00948096
0.00841133
0.0078629
0.00694427
0.00875762
0.00780124
0.0074069
0.00655527
0.00822892
0.00837173
0.00567699
0.0058603
0.00938986
0.00443272
0.00845043
0.0070938
0.00706747
0.0107131
0.00638442
0.00820473
0.00711721
0.0073775
0.00485042
0.00779415
0.00421005
0.00832852
0.00719358
0.00466532
0.00840811
0.00483527
0.00972826
0.00774532
0.00878087
0.00786128
0.00514447
0.00751044
0.00776571
0.00894546
0.00932291
0.00789585
0.00835931
0.00823606
0.00816743
0.0120163
0.00547234
0.00958585
0.00960621
0.00718904
0.00722295
0.0107838
0.0101171
0.00842964
0.0065016
0.00785801
0.00777514
0.00788528
0.00538906
0.00606932
0.00553846
0.00455292
0.00764415
0.00740115
0.0100142
0.00754819
0.00744977
0.00769191
0.00599706
0.00880446
0.00785411
0.00905889
0.00567768
0.0102766
0.0106366
0.00897957
0.0073593
0.00845232
0.00747793
0.00667625
0.00732561
0.00870961
0.00795376
0.00695227
0.00809009
0.00799715
0.00754695
0.00951489
0.00720644
0.00932285
0.0061019
0.0078059
0.0076233
0.00918208
0.00605178
0.00655939
0.0104839
0.00638913
0.00442492
0.00841325
0.00777194
0.00688071
0.0074571
0.006789
0.00722532
0.00736749
0.00653503
0.00681505
0.00767305
0.00654534
0.00442571
0.00685562
0.00461795
0.00764127
0.00452781
0.00449768
0.0057458
0.00474245
0.00509975
0.00647549
0.00466352
0.00620943
0.00912938
0.00522046
0.00611726
0.00702732
0.00652053
0.0072904
0.00739025
0.00572782
0.00655199
0.00931143
0.00857855
0.00952365
0.00559681
0.00502628
0.00789061
0.00875677
0.0046494
0.00463281
0.00512615
0.00977692
0.00794601
0.00912634
0.00641279
0.00594717
0.00447802
0.00463552
0.00814833
0.00924319
0.00588388
0.00442303
0.00544159
0.00717022
0.00588327
0.00662561
0.00575832
0.0101107
0.00590474
0.00697797
0.0094941
0.00530001
0.00943307
0.0060389
0.00432592
0.00748301
0.00930508
0.00950092
0.00587119
0.00830059
0.00718914
0.00500233
0.00676428
0.00637643
0.00886735
0.00806442
0.00707319
0.0111954
0.00887989
0.00693356
0.00757113
0.00673268
0.0058
0.00600687
0.00839354
0.00717236
0.00969647
0.00519828
0.00977826
0.00726227
0.00485689
0.00475136
0.00817197
0.00757599
0.0113779
0.00593526
0.00871948
0.00772193
0.00810765
0.0102843
0.00635708
0.00476189
0.00788922
0.00788811
0.0065012
0.00590307
0.00861249
0.00537862
0.00586389
0.00803488
0.00624194
0.0083896
0.00903997
0.00631264
0.0086128
0.00956934
0.00718679
0.00885669
0.00940514
0.00786018
0.00861692
0.00803966
0.00788246
0.00708332
0.00909892
0.00563413
0.00551512
0.00560366
0.00632103
0.00845402
0.0108107
0.00543336
0.00466534
0.00921711
0.00833501
0.00887758
0.00720067
0.00627426
0.00776014
0.0095088
0.00568846
0.00456597
0.00637453
0.00672936
0.00480297
0.00669503
0.00775117
0.00743551
0.00949042
0.00459508
0.00826486
0.00755874
0.00677827
0.00730952
0.00718523
0.00756725
0.0071482
0.00905763
0.00855822
0.00925404
0.00858959
0.0045263
0.00748878
0.00676763
0.00762615
0.00808008
0.007086
0.0098973
0.0103982
0.00741026
0.00653047
0.00734043
0.00732366
0.00657639
0.00651774
0.00492981
0.00856708
0.00683484
0.00879907
0.00743252
0.00744837
0.0112014
0.00674859
0.00763869
0.0050212
0.00883429
0.00748608
0.00722333
0.00743405
0.00921516
0.00822215
0.00441533
0.00620431
0.00823592
0.00461134
0.00448857
0.0073378
0.00523949
0.00710265
0.00735217
0.00669215
0.00873346
0.00807741
0.00809576
0.00755168
0.00439653
0.00729556
0.0084738
0.00802557
0.00788999
0.00798319
0.00790663
0.00836315
0.00875207
0.00655433
0.00862953
0.00731056
0.00929548
0.00844738
0.00766099
0.0100193
0.00859087
0.00787985
0.00788172
0.00840672
0.00686854
0.0106705
0.006631
0.00743898
0.00987528
0.00775079
0.00906744
0.00785527
0.00960352
0.00635813
0.00818266
0.00616228
0.00708015
0.00788729
0.00922877
0.0085245
0.00668174
0.00672358
0.00937425
0.00885981
0.00668435
0.00533581
0.00748806
0.00544871
0.00510605
0.00497849
0.00435635
0.00674674
0.00430925
0.0100886
0.00865471
0.00463397
0.00832105
0.00890218
0.00852329
0.00686659
0.00734995
0.00696477
0.00449483
0.00480998
0.00903624
0.00727761
0.00762591
0.00880729
0.00453055
0.00690553
0.00609185
0.00444941
0.006634
0.00474857
0.00603626
0.00922228
0.00566617
0.00846675
0.00449156
0.00777078
0.00609179
0.00809581
0.00817301
0.00734505
0.00917383
0.0077512
0.00855662
0.0081857
0.00831835
0.00811382
0.00886318
0.00857824
0.0091477
0.00938236
0.00619192
0.00655855
0.00899209
0.00597157
0.00574796
0.00829228
0.00550107
0.00950906
0.0073591
0.00783381
0.00722248
0.00727333
0.00638925
0.00515228
0.00783959
0.00683542
0.00604458
0.00482332
0.00900209
0.00544236
0.00845365
0.00729351
0.00865849
0.00744343
0.00755717
0.008194
0.00767157
0.00763752
0.00891573
0.00745556
0.00798687
0.00744051
0.00512893
0.00583705
0.00551233
0.00559616
0.00660139
0.0065734
0.00654021
0.00715453
0.00722414
0.00662056
0.00536809
0.00750794
0.00574883
0.00544556
0.00463132
0.00772687
0.00473237
0.0101098
0.00709847
0.00627878
0.00784658
0.0090522
0.00833839
0.00670365
0.00475226
0.00748152
0.00597586
0.00712496
0.00474767
0.0114851
0.00943136
0.0048478
0.00874846
0.00784286
0.00893886
0.00806884
0.00760045
0.00538025
0.00694956
0.00875722
0.00685649
0.00962475
0.00908553
0.0089095
0.00734137
0.00758317
0.00472233
0.00779816
0.00812269
0.00751365
0.00615101
0.00669065
0.00748167
0.00762426
0.00476913
0.00603602
0.0042821
0.00551855
0.00501294
0.00794093
0.00857104
0.00916662
0.0045667
0.00740484
0.0071335
0.00925064
0.00881631
0.0093916
0.00598599
0.00946758
0.0114511
0.00614913
0.00958932
0.00619371
0.00556091
0.0087551
0.00544723
0.0094303
0.00928686
0.00730799
0.00713895
0.0100905
0.00791188
0.00970032
0.00926496
0.00769581
0.00618002
0.00626011
0.0102962
0.00626292
0.00754905
0.00909804
0.00571444
0.00778813
0.00858017
0.0087629
0.00799029
0.00797001
0.00714679
0.00876689
0.00750837
0.00638725
0.0104511
0.00633432
0.00665591
0.0080804
0.00772464
0.00859161
0.00843268
0.00798743
0.00963659
0.00440689
0.00778839
0.00747134
0.00801863
0.00985225
0.00790185
0.00807673
0.00762323
0.00496506
0.0104503
0.0107041
0.00665859
0.00607555
0.00570357
0.00863799
0.00909286
0.00663136
0.00749753
0.00730446
0.00836848
0.00820146
0.00689023
0.00725185
0.00729319
0.0104473
0.00619094
0.00985897
0.00770159
0.00648
0.00518403
0.00673243
0.00697479
0.00696516
0.00879363
0.00684461
0.00810108
0.00836876
0.00788185
0.00962864
0.00520501
0.0082515
0.00572466
0.00735662
0.0102008
0.00860201
0.00650036
0.00763765
0.00881397
0.00547321
0.00681852
0.00890034
0.00699266
0.0111529
0.00515845
0.00987504
0.00881762
0.00583465
0.009563
0.0060969
0.00632527
0.00893522
0.00587429
0.00966715
0.00802759
0.0075481
0.00810432
0.00905363
0.00886465
0.0088807
0.0105242
0.00614339
0.00961998
0.00657756
0.00707011
0.00557705
0.00735221
0.00582977
0.00787783
0.00486378
0.00676658
0.00737414
0.00811834
0.00961312
0.0113225
0.00725066
0.0109301
0.00481475
0.00774549
0.0111996
0.00921422
0.00710637
0.00652238
0.0114675
0.00983565
0.0104977
0.00796581
0.00892051
0.0108211
0.00822957
0.0096398
0.00582161
0.00674236
0.00888363
0.00464207
0.00504225
0.00640592
0.00879454
0.00908637
0.00724677
0.00926619
0.00479838
0.00888896
0.00617092
0.00537282
0.0083955
0.00911166
0.00916344
0.00503516
0.007382
0.00425129
0.00709508
0.00883888
0.00568748
0.0100164
0.00712025
0.00686233
0.0068949
0.00665115
0.00595048
0.00769809
0.00449956
0.00624523
0.00997092
0.00789317
0.00533187
0.0105508
0.00756968
0.00993417
0.00900673
0.00645027
0.00788479
0.00678911
0.00916978
0.00714368
0.00948622
0.00646906
0.00686944
0.00689519
0.00929084
0.00873143
0.00716982
0.00849677
0.0074918
0.0081439
0.00708795
0.00763584
0.0098747
0.00438356
0.00749863
0.00880554
0.00697084
0.00538643
0.00852223
0.0100547
0.00921276
0.00862708
0.0070886
0.00978771
0.00756459
0.00847364
0.00444716
0.00732602
0.00613962
0.00733409
0.00669427
0.00574615
0.00781984
0.00885327
0.00801217
0.00768421
0.0084115
0.008582
0.00434309
0.00674668
0.00654981
0.00796369
0.00684285
0.00752937
0.00962055
0.00826381
0.00703288
0.0078994
0.00595877
0.00635283
0.00736884
0.0058344
0.00860291
0.0053064
0.00778328
0.00623452
0.00880112
0.00669484
0.0100245
0.00879884
0.00933359
0.0069541
0.0088329
0.00902618
0.0068635
0.00788718
0.00758575
0.00788658
0.00861652
0.00499469
0.00498099
0.00633542
0.00794758
0.00840576
0.00789055
0.00906623
0.00726482
0.00883597
0.00841936
0.00547898
0.00464526
0.00839056
0.00657068
0.00789495
0.00903819
0.00805596
0.00648838
0.00912555
0.0071406
0.0110906
0.0096373
0.0074379
0.00537364
0.00901702
0.00867911
0.00880735
0.00888415
0.00797721
0.00518419
0.00832014
0.00893125
0.00513658
0.00745149
0.00814037
0.00587833
0.00596717
0.0087488
0.0074607
0.00624859
0.00477138
0.00619038
0.00644512
0.00798158
0.00772986
0.00621666
0.00931397
0.00667018
0.00699444
0.00699514
0.00718404
0.00840055
0.00995917
0.0072663
0.0079686
0.00580935
0.00962736
0.010546
0.00693211
0.0092372
0.00871582
0.00865043
0.00884151
0.00430815
0.0100746
0.00982701
0.00888873
0.00831325
0.00976067
0.00749106
0.00813767
0.00936584
0.00756558
0.0104498
0.00739011
0.00661584
0.00798683
0.00667362
0.00926351
0.00634613
0.00864186
0.00984578
0.00716688
0.00804562
0.00540823
0.00581648
0.00868287
0.00695391
0.00680034
0.00764042
0.00656998
0.00638575
0.00927091
0.00738824
0.0062515
0.00440833
0.00679751
0.00633947
0.00786086
0.00912702
0.00768217
0.00723609
0.00701959
0.00889311
0.00764461
0.00719001
0.00566097
0.00894722
0.00746674
0.00483543
0.00914027
0.00955754
0.0101367
0.00905346
0.00726947
0.00869516
0.0091449
0.00432537
0.00568948
0.0057496
0.0107005
0.0064785
0.00923914
0.00608257
0.00923299
0.00556437
0.0102745
0.00544459
0.00696058
0.00923963
0.00927981
0.00835298
0.00721293
0.0103218
0.00705592
0.00804506
0.00785321
0.00941332
0.00883202
0.00806228
0.00978754
0.00854415
0.00747795
0.00544233
0.0062018
0.00677797
0.00834006
0.00776752
0.00671041
0.00808056
0.00847104
0.00468472
0.00936517
0.00868772
0.00843636
0.00945264
0.00910219
0.0101091
0.0102412
0.00762288
0.00735291
0.00611103
0.00877659
0.0086081
0.00669284
0.00855927
0.00642674
0.00810746
0.00971309
0.0101587
0.00847451
0.00711423
0.00885271
0.00733986
0.00729048
0.00909842
0.00785942
0.00633798
0.0102034
0.00838852
0.00627159
0.00907227
0.00679126
0.00542936
0.0087628
0.00802984
0.00825874
0.00623894
0.0057229
0.00741659
0.00588941
0.00970821
0.00490772
0.00985816
0.0101022
0.00802348
0.0094879
0.00530693
0.00810762
0.0074191
0.00797339
0.00722452
0.00729156
0.00593468
0.00604758
0.0062383
0.00458595
0.00782442
0.00493414
0.0072112
0.00688091
0.00862662
0.00833242
0.00535438
0.00909445
0.00630427
0.00918794
0.00546304
0.00607456
0.00475451
0.0074338
0.00779885
0.00766297
0.00750449
0.0122288
0.00851413
0.00786986
0.00837412
0.0115828
0.0063086
0.00748699
0.00618428
0.00697842
0.0076257
0.00875043
0.00935411
0.00869034
0.00849111
0.00863877
0.00731047
0.00734635
0.00889871
0.00609938
0.00684574
0.00623337
0.00608505
0.00606016
0.00655825
0.00499602
0.00819186
0.00609849
0.00837032
0.00949087
0.00935731
0.00935149
0.00487895
0.0046314
0.0074813
0.00521124
0.00998181
0.00499376
0.00586309
0.00551504
0.00627047
0.00603368
0.00573736
0.0102226
0.00725679
0.0105559
0.00443404
0.00687904
0.00924503
0.00809141
0.00566232
0.00927647
0.00704781
0.00783547
0.00771906
0.00468002
0.00655996
0.00747471
0.00649687
0.00721253
0.00801758
0.00554129
0.00942301
0.00988439
0.00779699
0.00672605
0.00683093
0.00642914
0.00801975
0.00770124
0.00579806
0.007176
0.00762041
0.00489066
0.0115469
0.00612501
0.00658169
0.00473478
0.00786781
0.0103729
0.00940006
0.00532974
0.00637463
0.0078124
0.0113347
0.0104025
0.00864244
0.00479921
0.00858747
0.00611362
0.00802227
0.00971125
0.00857828
0.00621809
0.0102946
0.0108965
0.00825549
0.00884161
0.00868861
0.00917993
0.0074488
0.00840804
0.0107461
0.00745193
0.00870928
0.00650755
0.00449759
0.00755493
0.0067344
0.00824951
0.00828364
0.0112441
0.00837592
0.00626205
0.00860505
0.0115303
0.00967734
0.00780477
0.00655843
0.00723314
0.00814875
0.0118758
0.00816875
0.00429663
0.00458708
0.00836829
0.00441639
0.00941001
0.00858929
0.00812176
0.00802256
0.00820463
0.00816949
0.00467447
0.00829959
0.00755165
0.0092151
0.0100849
0.00687858
0.00878147
0.00721267
0.00886898
0.00670928
0.0086758
0.00765372
0.00759227
0.00705678
0.00846725
0.0064448
0.00930698
0.00459304
0.00425142
0.00788786
0.00763396
0.00659735
0.00699913
0.00829739
0.00714022
0.0077765
0.00478113
0.00655523
0.00443153
0.00702321
0.00478624
0.00590661
0.00880914
0.00699555
0.00775777
0.00902599
0.00757079
0.00954805
0.00828933
0.00810492
0.00734518
0.00950832
0.00641608
0.0051951
0.00664708
0.00972849
0.00481318
0.00578859
0.00833368
0.00906658
0.0114027
0.0117121
0.00867646
0.00765925
0.0103805
0.0047082
0.00683231
0.00640575
0.00717083
0.00637999
0.00886517
0.007366
0.00727741
0.00899173
0.00701743
0.00544621
0.00886614
0.00437384
0.00775644
0.0106976
0.00835556
0.00826669
0.00556569
0.00714148
0.00758295
0.00544895
0.00761602
0.00671966
0.00890659
0.00879998
0.00599135
0.00717933
0.0106544
0.0110461
0.00681828
0.00929284
0.0088326
0.00949538
0.0100755
0.00775651
0.00457733
0.00620614
0.00643714
0.00852713
0.00673852
0.00496334
0.00675722
0.0068976
0.00490372
0.00628373
0.0107404
0.00654079
0.00450932
0.0072247
0.00619417
0.00904473
0.00753622
0.00934615
0.0082062
0.00760591
0.00952213
0.00900794
0.00771732
0.00817643
0.00928591
0.00820044
0.00514624
0.00736361
0.00739809
0.00649195
0.00630173
0.00572283
0.00758613
0.00730086
0.00925451
0.00896919
0.00647866
0.00903397
0.00883427
0.00776687
0.00660574
0.00874241
0.00458199
0.00792991
0.00505715
0.00453638
0.00830135
0.00566374
0.00914969
0.00565167
0.00541901
0.00917233
0.00447071
0.00430122
0.00868094
0.00450265
0.00597221
0.00522892
0.0047171
0.0059431
0.00841248
0.00789324
0.00752131
0.00661064
0.00554374
0.00648061
0.00684315
0.00574963
0.00803657
0.00795258
0.00758256
0.00722337
0.00756368
0.00802271
0.00844466
0.00563098
0.00745474
0.00869616
0.00472588
0.00565077
0.00565246
0.00548023
0.0102834
0.0082071
0.00740602
0.00842762
0.00560687
0.00931003
0.00601674
0.00433065
0.00660561
0.00947348
0.00745496
0.00846896
0.00518149
0.00702066
0.0104781
0.00862975
0.00704912
0.0119639
0.00907198
0.0080016
0.00609662
0.0084995
0.0103536
0.00462601
0.00631518
0.00554846
0.00590213
0.0100429
0.00571915
0.00593642
0.00452677
0.006607
0.00638173
0.00937878
0.00901563
0.0098894
0.00725819
0.00954577
0.00698794
0.00762904
0.00972001
0.0092182
0.00856116
0.00816917
0.0091063
0.0108479
0.00987589
0.00837433
0.00683992
0.00638738
0.00585826
0.00759477
0.00900956
0.00746877
0.00755224
0.00931087
0.0079532
0.00899884
0.00825717
0.00793934
0.00650591
0.0100391
0.0070397
0.00788495
0.0104436
0.00792427
0.00601831
0.00771375
0.00651752
0.00805419
0.00856848
0.00733963
0.00773094
0.00668551
0.00792277
0.00628444
0.00731714
0.00801766
0.00866653
0.00848386
0.00551396
0.0056308
0.0104666
0.00911091
0.00763975
0.00758418
0.0048369
0.00530848
0.0046688
0.0076984
0.00779849
0.00466174
0.00506511
0.00932367
0.00664425
0.00912053
0.00849268
0.00912885
0.0101147
0.00508669
0.00901388
0.00866547
0.0111875
0.00908494
0.00557778
0.00789086
0.00757459
0.00817894
0.008383
0.0084795
0.00626793
0.00713211
0.00574446
0.0061559
0.0092093
0.00650379
0.00623458
0.00670095
0.00821572
0.00767072
0.00793731
0.00689037
0.00599222
0.00573313
0.00934252
0.00983717
0.011744
0.00618096
0.00424498
0.00854912
0.00731193
0.0121967
0.00614944
0.00573623
0.00935952
0.0104042
0.00930113
0.00431354
0.00491281
0.0047761
0.00905275
0.00531968
0.00843935
0.0053651
0.00721633
0.0104836
0.00737837
0.00529831
0.00705876
0.00460815
0.00963354
0.00731074
0.00801018
0.00766374
0.00641159
0.00748187
0.0084166
0.0106334
0.00827615
0.00608197
0.00799443
0.00994383
0.00957767
0.00583183
0.00837838
0.0068731
0.0099447
0.00782647
0.00733871
0.00907001
0.00743062
0.0092414
0.00787115
0.00640941
0.00750396
0.00843083
0.00791619
0.00854531
0.00832018
0.00752261
0.00555404
0.00788156
0.00463558
0.00768574
0.00762182
0.00724097
0.00713926
0.0066052
0.0106739
0.0109335
0.00465629
0.00892837
0.00973683
0.00737489
0.0056885
0.00735928
0.00939088
0.00910071
0.00782573
0.00694988
0.005752
0.00814421
0.00816259
0.00853353
0.00854644
0.00848536
0.00873152
0.00774127
0.00429389
0.00795306
0.00499873
0.0071195
0.00772577
0.00636595
0.00431581
0.00714937
0.00744301
0.0077378
0.00448152
0.00842058
0.00569296
0.0077181
0.00739648
0.00864147
0.00917072
0.00562711
0.00617458
0.00839708
0.00874023
0.00855857
0.0077441
0.00484135
0.00875717
0.00575093
0.00742138
0.00626805
0.00713721
0.00573397
0.00720007
0.00608569
0.00802896
0.00892378
0.00613583
0.00662048
0.00842153
0.00715183
0.00693153
0.00460602
0.00594107
0.00798406
0.00705701
0.00794468
0.0105795
0.00669835
0.0074243
0.00623613
0.00882948
0.00569942
0.00461107
0.00972734
0.00795434
0.00840094
0.00779489
0.00743843
0.00854554
0.00778636
0.00928701
0.00725086
0.00814755
0.00556742
0.00478126
0.00830486
0.00545375
0.00626101
0.00905038
0.00632089
0.00550491
0.0100709
0.00987578
0.00822146
0.00734251
0.00666224
0.00781884
0.00784307
0.00522967
0.0088527
0.00674691
0.00607923
0.00525681
0.00463561
0.00904481
0.00837154
0.00694998
0.00728569
0.00477651
0.00669132
0.00716493
0.00432583
0.00450005
0.00645376
0.0076304
0.00896622
0.00900573
0.005953
0.00666859
0.00764672
0.0086626
0.00863935
0.00699547
0.00708303
0.0103017
0.00684182
0.00814271
0.00997049
0.00955227
0.00671656
0.00717608
0.00878486
0.00848221
0.00882944
0.00897519
0.00875343
0.00824484
0.00748853
0.00806559
0.00938596
0.0056084
0.00577881
0.00550555
0.00495431
0.0070689
0.00739227
0.00863468
0.00723091
0.00546618
0.00983048
0.00711605
0.00688531
0.00471672
0.00559836
0.00638095
0.00558686
0.00717295
0.00566244
0.00911545
0.0065156
0.00664367
0.00747975
0.00893521
0.0082543
0.00736795
0.00681795
0.00929627
0.00641688
0.00754362
0.00428505
0.00819687
0.00631288
0.00989724
0.00971794
0.00686213
0.00726893
0.009408
0.00845868
0.00885098
0.00975222
0.00859222
0.00880114
0.00647072
0.00869131
0.00546392
0.00961746
0.00852497
0.00852826
0.00844887
0.00698183
0.00834202
0.00835315
0.00681017
0.00675991
0.00927839
0.00699636
0.00805966
0.00738821
0.0084057
0.00489142
0.00885713
0.00594096
0.00632124
0.00538539
0.00923335
0.00585264
0.00730409
0.00974848
0.00927158
0.0119911
0.00714928
0.00953086
0.00768755
0.00912946
0.00602803
0.00666311
0.0112015
0.0075644
0.00682748
0.00683322
0.00766862
0.00830962
0.00789389
0.00587125
0.00597817
0.00595399
0.00894346
0.00745938
0.00698308
0.00737762
0.00586189
0.00991369
0.00737968
0.00582416
0.00840176
0.00622868
0.00894973
0.00658327
0.00828509
0.005506
0.00779898
0.00855557
0.00620873
0.00976723
0.00767379
0.00627922
0.00641547
0.00749093
0.00588201
0.00630885
0.00752923
0.00835671
0.00951535
0.00877423
0.00591852
0.00859392
0.00710665
0.00942028
0.00580336
0.00701531
0.00415422
0.00848381
0.00699993
0.00625335
0.00797291
0.00580841
0.0105873
0.00589584
0.007796
0.00695363
0.00615729
0.00625257
0.00771993
0.00718836
0.00735764
0.00772457
0.0102998
0.00787776
0.00755134
0.00649665
0.00878959
0.00634681
0.00642956
0.00591964
0.00582505
0.00703526
0.0087899
0.00764979
0.00743881
0.00591649
0.00682675
0.00739212
0.00649753
0.00634909
0.00659724
0.0102215
0.00436475
0.00483341
0.00613882
0.00738977
0.00621232
0.00577683
0.0109448
0.0080082
0.005909
0.00773552
0.00851702
0.00826975
0.00679441
0.00881423
0.00985066
0.00522881
0.00592717
0.00694223
0.00641031
0.00882694
0.00805004
0.00761734
0.00628052
0.00618246
0.00720706
0.00872043
0.00796151
0.00839254
0.00460576
0.00788833
0.00758851
0.00695731
0.00732221
0.0101519
0.0075927
0.00913268
0.00983181
0.00872725
0.00759287
0.00678597
0.00994894
0.00505228
0.00934434
0.00905151
0.00972106
0.00675503
0.00513675
0.0078876
0.00544341
0.00659776
0.00435559
0.00905166
0.00825532
0.00488749
0.00512641
0.00446833
0.00488152
0.00581572
0.00583228
0.00921479
0.00921014
0.00877454
0.00474931
0.00809803
0.00602194
0.00503851
0.00564994
0.00620619
0.00894757
0.00648083
0.00648264
0.0123055
0.00640889
0.00918083
0.0095705
0.00590789
0.00624146
0.00618623
0.00566777
0.00798445
0.00865122
0.00596367
0.00749334
0.00669674
0.00806203
0.00591414
0.00623228
0.00864956
0.00608161
0.0061484
0.00693779
0.0068367
0.00695385
0.00478421
0.00827131
0.00703198
0.00595837
0.00783109
0.00758942
0.00625173
0.00861969
0.00916879
0.0077368
0.00976908
0.00697146
0.00756348
0.00907314
0.00833893
0.00863833
0.00960562
0.00906852
0.00833847
0.00720566
0.00506728
0.0072954
0.00657096
0.00879109
0.00462324
0.00756882
0.00843614
0.00748291
0.00625338
0.00773597
0.00862767
0.00637878
0.00620509
0.00830668
0.0081524
0.00614599
0.0079488
0.00814796
0.00595046
0.00722798
0.00508315
0.00698218
0.00869047
0.00603182
0.00651125
0.00640658
0.00590371
0.00791976
0.00723868
0.00565098
0.0068751
0.00840094
0.00677785
0.0103164
0.00689761
0.00887888
0.0104153
0.00724842
0.00776564
0.00635471
0.00869495
0.00781111
0.00858001
0.0082831
0.00635959
0.00899718
0.00708838
0.00864143
0.00837128
0.0100964
0.00857251
0.0103814
0.00909811
0.00803797
0.00724082
0.00930272
0.00848938
0.00871287
0.00726741
0.00773869
0.00647295
0.008251
0.00758693
0.00479643
0.00628581
0.0084227
0.00784989
0.00439737
0.00443992
0.00770587
0.0105372
0.00865804
0.00918651
0.00796606
0.00840935
0.00526703
0.00893048
0.00818782
0.00897025
0.00679824
0.00800962
0.00867003
0.00818232
0.00675868
0.00760383
0.00868179
0.00971952
0.00981278
0.00762054
0.00931392
0.00606413
0.00725247
0.00627881
0.00469096
0.00641978
0.00726373
0.00482296
0.00769182
0.00599159
0.00834803
0.00975361
0.00817982
0.00603239
0.00639475
0.00791344
0.00900113
0.00927836
0.00573286
0.00727199
0.00639942
0.00573423
0.00785411
0.0070327
0.00887216
0.00819872
0.00801706
0.0101374
0.00894097
0.0052879
0.00925392
0.00881094
0.00540006
0.00867609
0.00813211
0.0105243
0.00710472
0.00787887
0.00618152
0.0047708
0.00941742
0.00731108
0.0089029
0.00924953
0.00793368
0.00665112
0.00796995
0.00867607
0.00816808
0.00761
0.00796845
0.00836696
0.00789147
0.00708544
0.00753609
0.00562866
0.00584059
0.00797845
0.00972087
0.00638297
0.00690879
0.0057859
0.00776703
0.00697512
0.00527278
0.00521654
0.00711001
0.00832494
0.00443299
0.00915699
0.00743407
0.00702966
0.00788826
0.00742672
0.00745599
0.00797734
0.00790536
0.00768575
0.00871338
0.00772332
0.00788605
0.00788867
0.00831663
0.00794403
0.00819248
0.00798842
0.00435458
0.00487903
0.00789382
0.0105962
0.00618741
0.00804687
0.00718462
0.00670451
0.00527468
0.00726317
0.00908774
0.00766274
0.00743427
0.00741223
0.00866571
0.00950009
0.00674828
0.00790056
0.00731647
0.00529031
0.00789156
0.00917187
0.00676089
0.00912052
0.00830474
0.00768277
0.00803885
0.00789507
0.00677427
0.00962669
0.00482301
0.00832357
0.0082913
0.00786309
0.00755062
0.00754754
0.007065
0.00590393
0.00826922
0.00945783
0.00637222
0.00847262
0.00642753
0.00837891
0.0107981
0.00773085
0.00804505
0.00925494
0.0102404
0.00738934
0.0082375
0.00690908
0.00786059
0.00808893
0.0055382
0.00781289
0.00899278
0.00950453
0.00760405
0.00908161
0.0084511
0.00832194
0.0082099
0.00889032
0.00749745
0.00677006
0.00565682
0.00882019
0.00744904
0.00807697
0.00988479
0.00872319
0.0102261
0.00850868
0.00802786
0.00840811
0.00581415
0.00820369
0.00877884
0.00788784
0.00846317
0.00783593
0.00570954
0.00996018
0.00899462
0.0112105
0.00555537
0.00764377
0.00803336
0.00833675
0.00650937
0.00823947
0.0042869
0.00890036
0.0066635
0.00657974
0.00567354
0.00889776
0.00970172
0.0066185
0.00845498
0.00834309
0.0082947
0.00618138
0.00809647
0.00770962
0.0108075
0.00871489
0.00948883
0.00879262
0.0048018
0.00661927
0.00933262
0.00650689
0.010281
0.00471497
0.0109972
0.00719665
0.00834923
0.0062628
0.00898222
0.0055795
0.00869893
0.00935617
0.00852096
0.00726883
0.00660473
0.00542007
0.00431696
0.00806073
0.0100254
0.00913948
0.0105503
0.00679996
0.0111001
0.00856812
0.00946302
0.00760506
0.00659322
0.00895261
0.00620008
0.00842053
0.00865757
0.00577825
0.00692597
0.00919842
0.00515753
0.00874633
0.00880479
0.00751268
0.00628251
0.00639871
0.00879019
0.00745343
0.00775233
0.00719466
0.00911274
0.00831516
0.00887009
0.00808315
0.00850056
0.00787611
0.00861039
0.00863741
0.00936243
0.00856386
0.00579764
0.00839187
0.00760394
0.00660665
0.00898995
0.00796751
0.00634295
0.00619721
0.00805535
0.00617759
0.00719855
0.0081727
0.0085585
0.0093133
0.00731672
0.0072274
0.00851862
0.00796305
0.00590711
0.00612904
0.00864864
0.00690968
0.00570416
0.0081769
0.00906488
0.00697944
0.0085009
0.00741487
0.00705346
0.00804377
0.00825141
0.00828309
0.00793679
0.00798097
0.00784861
0.00812899
0.0077223
0.00724246
0.00455399
0.00842588
0.00449127
0.00816626
0.00805823
0.00973565
0.00732369
0.00801346
0.00754476
0.00999877
0.00851078
0.00809391
0.00611393
0.0122879
0.00995973
0.00788874
0.00974279
0.00940185
0.00987252
0.00691134
0.0107671
0.00532303
0.00541573
0.00874684
0.00749647
0.0108385
0.00806955
0.0069269
0.0088947
0.00712465
0.00844046
0.00721604
0.00898857
0.00858473
0.00736567
0.00440701
0.00678238
0.00468472
0.00413047
0.00861194
0.00524592
0.00475722
0.00605614
0.00962753
0.00545434
0.00871848
0.00876602
0.00787695
0.00786894
0.00868222
0.00855182
0.00788825
0.00839598
0.00814944
0.00781316
0.00852461
0.00854127
0.00770406
0.00827601
0.00844012
0.00741417
0.00814145
0.00517306
0.00733716
0.00789548
0.00867478
0.0083501
0.00879561
0.00695161
0.00788774
0.00905618
0.0054416
0.00876679
0.00750012
0.0084805
0.00927945
0.00639743
0.00967583
0.00903533
0.00608019
0.00647461
0.00592917
0.00699673
0.00589053
0.00713416
0.0108725
0.00814181
0.00657781
0.00762398
0.00635154
0.00639933
0.00762842
0.00846247
0.00668906
0.00474615
0.00861647
0.00844219
0.00877375
0.00932762
0.00446193
0.00788094
0.00810636
0.00936028
0.00856315
0.00810543
0.00911608
0.00859911
0.00863855
0.00441547
0.00911153
0.0073749
0.00862022
0.00521607
0.00693281
0.00717386
0.00957497
0.00646662
0.0053907
0.00457208
0.00582559
0.00592945
0.00689489
0.00528452
0.00819403
0.0104469
0.00887624
0.00891699
0.00915817
0.00845023
0.00722234
0.00576278
0.00905493
0.00588522
0.00628331
0.0102867
0.00431139
0.00937824
0.00919079
0.00758076
0.00847622
0.00476904
0.00730052
0.0060692
0.00723006
0.00686146
0.00741553
0.00907171
0.00894418
0.00844638
0.0105147
0.00748189
0.00674326
0.00836169
0.00907784
0.011723
0.00618982
0.00997755
0.0093537
0.00740588
0.0103178
0.00709905
0.00949516
0.00901196
0.00909362
0.00934049
0.00809234
0.00826231
0.00592724
0.00658078
0.00691312
0.00873541
0.00808907
0.00496248
0.0072047
0.00904294
0.00643888
0.00849554
0.00605167
0.00835972
0.00897235
0.00824803
0.00788065
0.00851614
0.00775932
0.00794837
0.00624142
0.00435613
0.00441742
0.00766514
0.00819564
0.010024
0.0107633
0.00692982
0.00833392
0.0079687
0.00841161
0.00806516
0.00790246
0.00815895
0.00671129
0.00429599
0.00867519
0.00423385
0.0111148
0.00737398
0.00828985
0.00587419
0.00970863
0.00688552
0.00721715
0.00877134
0.00916803
0.00734313
0.00427373
0.00418059
0.00649469
0.00739447
0.00602776
0.00998683
0.00638138
0.00882498
0.00742298
0.00713612
0.00750226
0.00784541
0.0083564
0.00660092
0.00660139
0.00469765
0.00938487
0.00877191
0.00908336
0.00869478
0.00596654
0.00712271
0.010185
0.0093874
0.00623536
0.00653337
0.00826481
0.00930561
0.0107478
0.00916631
0.00913524
0.00531368
0.0103135
0.00846804
0.00714523
0.0113809
0.00490856
0.00889207
0.00880624
0.00749297
0.0065254
0.00982091
0.00903603
0.00934396
0.00922353
0.0095109
0.00817685
0.00993295
0.00738075
0.00966196
0.00819835
0.00821502
0.00757794
0.00818797
0.0102547
0.00970889
0.00963377
0.00666764
0.00884507
0.00920976
0.00900223
0.00757802
0.00719078
0.00958895
0.00741663
0.00741198
0.00434421
0.00734502
0.00654823
0.00641966
0.00662042
0.00644243
0.00796419
0.00735374
0.00855948
0.00493598
0.00501211
0.00886284
0.00841006
0.00776131
0.00575962
0.00908418
0.00880785
0.00769356
0.00924776
0.00709566
0.00865854
0.0103901
0.00819401
0.00519633
0.00752429
0.00816015
0.00778716
0.00659091
0.00837924
0.00765614
0.00521401
0.0078026
0.00765593
0.00810869
0.00945263
0.00722313
0.00770936
0.00891582
0.00878421
0.00649361
0.00718854
0.008705
0.00821794
0.00733278
0.00828216
0.00894922
0.0082733
0.00939475
0.00977005
0.00638248
0.00866808
0.00850452
0.0109678
0.00715335
0.00815793
0.00800333
0.00930089
0.0101569
0.00661526
0.00683535
0.00752882
0.00671516
0.00467818
0.00753658
0.00774416
0.00730622
0.00590339
0.00943478
0.0069693
0.00876994
0.00684571
0.00774531
0.00595933
0.00707409
0.00637073
0.00974817
0.00887661
0.00925492
0.00717071
0.00827872
0.0104756
0.00955674
0.00714472
0.00787855
0.00698732
0.00660622
0.00903035
0.00955733
0.00675077
0.00649703
0.0100745
0.00881296
0.00910649
0.00767449
0.0103975
0.00701917
0.00712104
0.00907882
0.00699148
0.00686926
0.00797967
0.0068105
0.00851669
0.00966354
0.00826243
0.00856865
0.00893625
0.00496717
0.0080499
0.0101684
0.00431971
0.00898368
0.00763523
0.00717278
0.00899547
0.00923427
0.0073276
0.00907943
0.00818208
0.0077182
0.00958822
0.0100365
0.0087236
0.00710118
0.00689134
0.00629484
0.00774414
0.0117398
0.00725357
0.00509863
0.00729519
0.00817518
0.00593331
0.00732461
0.00758767
0.008961
0.00726152
0.00458086
0.00875124
0.00898635
0.00932761
0.00642924
0.00907073
0.00925609
0.00952382
0.00923447
0.00819941
0.00612714
0.00924857
0.00932451
0.00763591
0.00562722
0.00709113
0.00718929
0.00682565
0.00726547
0.00846192
0.00802509
0.00670894
0.00774737
0.00896763
0.00696203
0.00747317
0.00896181
0.00741488
0.00648561
0.00489288
0.00594566
0.00859083
0.00606302
0.00734738
0.00909893
0.00676455
0.007727
0.00828829
0.00590763
0.00761591
0.00712056
0.00487581
0.00598578
0.00742492
0.00622374
0.00585816
0.00497782
0.00625387
0.0102263
0.00527578
0.00609091
0.0045952
0.00771376
0.00813325
0.00795425
0.00792972
0.00759802
0.00583792
0.00460993
0.0091098
0.00830439
0.00453128
0.00909491
0.00904601
0.00977036
0.00533915
0.00573771
0.00909618
0.0101034
0.00882664
0.00800709
0.00596434
0.00991056
0.00723617
0.00629641
0.00691495
0.00901096
0.0069165
0.00609278
0.00779918
0.00828085
0.00762767
0.00873502
0.00764518
0.00798415
0.00801244
0.00685679
0.00916001
0.00874394
0.00820722
0.00699516
0.00777104
0.00801884
0.00810082
0.00607994
0.00587091
0.00748515
0.00617102
0.00470083
0.00875165
0.00648988
0.00766463
0.00836539
0.00584301
0.00496745
0.00690462
0.00466361
0.00726119
0.00900104
0.008352
0.00763623
0.00739822
0.00681408
0.00660774
0.00821385
0.0082269
0.00795834
0.0089234
0.00699336
0.00804487
0.0100052
0.00670813
0.00988184
0.00845587
0.00856567
0.00485735
0.00950278
0.0090726
0.00805929
0.00713389
0.00841239
0.00711205
0.00750369
0.007324
0.00511948
0.00473739
0.00786486
0.00475939
0.00711947
0.00752523
0.00787441
0.00679609
0.00535598
0.00837466
0.00645937
0.00725151
0.00697525
0.00719975
0.00904546
0.00470316
0.00911196
0.00757011
0.00515723
0.0093103
0.00886281
0.0069732
0.00800033
0.00876687
0.00640817
0.00773157
0.00880458
0.00791125
0.0081026
0.00889267
0.00809961
0.00449749
0.00682671
0.00474651
0.00658857
0.00953738
0.00830027
0.0064876
0.00811253
0.00725821
0.00458113
0.00793955
0.00620031
0.00827216
0.00906813
0.00426877
0.00512893
0.00907393
0.0066248
0.00671741
0.00663913
0.00546348
0.00691865
0.00470431
0.0064245
0.00828366
0.00568919
0.00674411
0.00986098
0.00610597
0.00871374
0.00907591
0.00835025
0.0101589
0.00788817
0.00713147
0.00757691
0.00880955
0.00900841
0.00765236
0.00872902
0.00947532
0.0096961
0.00867088
0.00919101
0.00829882
0.00852958
0.00805426
0.00481159
0.00725492
0.0111722
0.00732425
0.00875282
0.00831208
0.00757406
0.00756751
0.00860188
0.00745837
0.00574384
0.00458969
0.0044109
0.00777658
0.00878564
0.00843956
0.00916493
0.0083918
0.00799183
0.00657817
0.00727416
0.0086463
0.00642151
0.00659624
0.00559934
0.00691718
0.00765519
0.00922484
0.00647657
0.00484427
0.00447547
0.00697735
0.00673527
0.00756552
0.00843157
0.010985
0.00744268
0.00870689
0.00876067
0.00756456
0.00873918
0.00842743
0.00642441
0.00599877
0.00947284
0.00793663
0.00910717
0.00528826
0.0102326
0.00720842
0.00813363
0.00855375
0.0103026
0.0081992
0.00941082
0.00857527
0.00772634
0.00866428
0.0077959
0.00857087
0.00827597
0.00796689
0.00712554
0.00731684
0.00819054
0.00710807
0.00590632
0.00798802
0.00517985
0.00646526
0.0080628
0.0071159
0.00748698
0.00822486
0.0061965
0.00754393
0.00633704
0.00628319
0.00845465
0.00635048
0.00624041
0.00438978
0.00884725
0.00667602
0.00791701
0.00644696
0.00882802
0.00801856
0.00858805
0.00825337
0.00957241
0.0053128
0.00726472
0.00796029
0.0081412
0.00912521
0.00813775
0.00578989
0.00702927
0.00655784
0.00725854
0.00553722
0.0078269
0.00685664
0.00925919
0.00673667
0.00676121
0.00813101
0.00462346
0.0109899
0.00984594
0.00775241
0.00747193
0.00570032
0.00651097
0.00848374
0.00685627
0.0111571
0.00901363
0.00675898
0.00795101
0.00909232
0.00791012
0.00695553
0.00716788
0.00832399
0.00845578
0.00637688
0.00560062
0.0070638
0.00834638
0.00450489
0.0057226
0.00879099
0.00527445
0.00935028
0.00683467
0.00752038
0.00897028
0.00631023
0.00722666
0.00769658
0.00630028
0.00775525
0.0103718
0.00817321
0.00798712
0.00574155
0.00824532
0.00977332
0.00743973
0.00819961
0.00791363
0.00774408
0.00835195
0.00795441
0.00788262
0.00838415
0.00908867
0.00849793
0.00881361
0.00817666
0.00950557
0.00874823
0.00789419
0.00740913
0.00861783
0.00658986
0.00792539
0.00459993
0.00769616
0.0043269
0.00781381
0.00935751
0.00563142
0.00863696
0.00869429
0.00450105
0.00785596
0.00456636
0.00853514
0.00648008
0.00531211
0.00631205
0.00614298
0.00883959
0.00853312
0.00839847
0.0068725
0.00708522
0.00710558
0.00647332
0.00530396
0.0079287
0.00861882
0.00579256
0.00590987
0.00805531
0.0091853
0.00650016
0.00668849
0.00463873
0.00538892
0.00889847
0.0042648
0.00906583
0.00944301
0.00446703
0.00920951
0.00489636
0.00942369
0.0112535
0.00530335
0.00953197
0.00927523
0.0086193
0.00487645
0.00508776
0.0107138
0.00933588
0.00700274
0.00561914
0.00668407
0.00734865
0.00820854
0.00829631
0.00973333
0.00723648
0.00842786
0.0087332
0.00688755
0.00976784
0.00940573
0.00626133
0.00891545
0.0095261
0.00754007
0.00907686
0.00889985
0.00899655
0.00650675
0.00765809
0.00764094
0.00622067
0.00945662
0.00944336
0.00666793
0.00826123
0.0105219
0.0070448
0.00832223
0.00841881
0.00937661
0.00611485
0.00900287
0.00855115
0.00988911
0.00912944
0.00766568
0.00467478
0.00607249
0.0105755
0.00497454
0.00902607
0.00529547
0.00440695
0.00667306
0.00451208
0.00614638
0.00508601
0.0046462
0.00867198
0.00720535
0.00854462
0.00929625
0.00464887
0.00788966
0.00454095
0.00566736
0.00799499
0.00800367
0.00611147
0.00473407
0.00853405
0.00607681
0.00615865
0.00873213
0.00688321
0.00705974
0.00564757
0.00762457
0.00658121
0.00938521
0.00786624
0.00568013
0.00789161
0.00586467
0.00437622
0.00773125
0.00980677
0.00817607
0.00731867
0.00793388
0.00581684
0.0047668
0.00533718
0.00911429
0.009372
0.0093071
0.00444853
0.00857399
0.0067829
0.00708717
0.00469095
0.00704536
0.00765322
0.0060573
0.00727361
0.00510417
0.00615879
0.00852373
0.00713057
0.00914395
0.00626207
0.00894105
0.00827797
0.00619131
0.00789921
0.00734772
0.0104015
0.00646028
0.00768778
0.00885722
0.00882529
0.00799032
0.00877079
0.00824261
0.00469626
0.00789787
0.00788267
0.00837277
0.00752067
0.00881139
0.00772159
0.00415599
0.00576746
0.00678179
0.00594011
0.0084125
0.00544605
0.0061565
0.00800157
0.00788597
0.00789406
0.00704638
0.00622042
0.00832862
0.00789075
0.00913612
0.00821353
0.00789218
0.00853861
0.0108543
0.00607652
0.00905266
0.00463836
0.00828137
0.00799053
0.00788304
0.00714585
0.00539204
0.00590972
0.00617201
0.00804135
0.00661962
0.00704404
0.00550177
0.00603859
0.00840172
0.00456521
0.01017
0.0060513
0.00504374
0.00585724
0.00855818
0.00669459
0.0088496
0.00712275
0.00943109
0.00548446
0.00759504
0.00720481
0.0069407
0.0067089
0.00467465
0.00814144
0.00481704
0.00796064
0.00924725
0.00445904
0.00561042
0.0074173
0.00474471
0.0094154
0.0082933
0.00434566
0.00455424
0.00445894
0.00521518
0.00665758
0.0106313
0.00735467
0.00698784
0.00705
0.00771912
0.007599
0.00655709
0.00817716
0.0082581
0.0105372
0.00757348
0.0100157
0.0111637
0.00787598
0.00498579
0.00899517
0.00905135
0.00495661
0.00455355
0.00456119
0.00553353
0.00795339
0.0112497
0.00694198
0.00960882
0.00645041
0.00473445
0.00703292
0.00973198
0.00534148
0.00878108
0.00503767
0.00689122
0.00802599
0.00823388
0.00617248
0.00474224
0.00716024
0.00804237
0.0104191
0.00782312
0.0109199
0.0111023
0.00671716
0.00757619
0.00643695
0.00740083
0.00539935
0.00734524
0.00852865
0.00579388
0.00503058
0.0062328
0.0106266
0.00940526
0.0084864
0.00618214
0.00840041
0.00511787
0.00526367
0.00641678
0.0088463
0.00681102
0.00838662
0.00918897
0.00547884
0.00653405
0.00720245
0.00792427
0.00780058
0.00640154
0.00657834
0.00808225
0.00740738
0.00654708
0.0091021
0.00523223
0.0101847
0.00877622
0.00448164
0.00896429
0.00646788
0.00964803
0.00520071
0.00925144
0.00883814
0.00653208
0.00620269
0.00801733
0.00710256
0.00651367
0.00683969
0.00456309
0.00715921
0.00829374
0.00765549
0.00526426
0.00651769
0.00727207
0.00920504
0.0072884
0.00772465
0.0073333
0.0101
0.00625423
0.0061211
0.00870906
0.00905168
0.00761831
0.00725384
0.00735688
0.0075048
0.00912395
0.00506435
0.00752869
0.0081348
0.00773087
0.00809439
0.00788324
0.00734311
0.00904111
0.00977394
0.00820517
0.00624985
0.00872664
0.00821989
0.0101104
0.00777572
0.00821501
0.00749396
0.00785561
0.00857391
0.00648213
0.00864532
0.00845586
0.00671007
0.00841332
0.00868363
0.00462569
0.0101545
0.00727508
0.00778031
0.00476415
0.00678869
0.00646234
0.00564511
0.00516064
0.00776085
0.00777314
0.00732742
0.00720023
0.00669873
0.00448777
0.00624665
0.00910991
0.004777
0.00655038
0.00771075
0.00657035
0.00816618
0.00769787
0.00788385
0.0084875
0.00641218
0.00582513
0.0082723
0.00740044
0.00670437
0.00453959
0.00953692
0.00580507
0.00970525
0.00764244
0.00672347
0.00955163
0.00425526
0.00971102
0.0050006
0.00662152
0.005525
0.00476614
0.00642669
0.009881
0.00583916
0.00814712
0.00597545
0.00685843
0.00718105
0.00787537
0.00654643
0.00821829
0.00572506
0.00617502
0.00610094
0.00696757
0.00944095
0.00832218
0.00693779
0.00846374
0.0071842
0.00983095
0.00735941
0.00759574
0.0101168
0.00892159
0.00555723
0.00642352
0.00489474
0.00953236
0.00699361
0.0059589
0.00597025
0.00775154
0.00637566
0.00773241
0.00621646
0.00826292
0.00802586
0.0051039
0.00495562
0.00517048
0.00868786
0.00775197
0.00647954
0.0094725
0.00755741
0.00772171
0.00901621
0.00668015
0.00910996
0.00691188
0.00876318
0.00960152
0.0064562
0.00712426
0.00482732
0.00834776
0.00771919
0.00853878
0.0057751
0.00827718
0.00676663
0.00783699
0.00739536
0.00968594
0.0077599
0.00949358
0.00777687
0.00696915
0.00787223
0.00782135
0.00793698
0.00450902
0.00789886
0.00647959
0.00607119
0.00779512
0.0048129
0.00467972
0.0082008
0.00770578
0.0076587
0.00575632
0.00724142
0.00654443
0.0056767
0.0065255
0.00677665
0.00697125
0.00854006
0.00605306
0.00548317
0.00686973
0.0106212
0.00587719
0.00967618
0.00901432
0.0106707
0.00672749
0.009249
0.00828558
0.0091908
0.00863436
0.00839068
0.0095511
0.00906133
0.00994284
0.0100322
0.00954616
0.00897669
0.00575331
0.00458844
0.00774009
0.00988745
0.00723429
0.00759364
0.00949645
0.00813849
0.00906029
0.00842407
0.00883577
0.0074541
0.00919159
0.00470413
0.00505003
0.00735169
0.00839369
0.00545414
0.00492898
0.00809144
0.00797346
0.00458274
0.00706994
0.00681267
0.00473234
0.00650888
0.00645315
0.00720411
0.00490282
0.0063104
0.00908221
0.00813665
0.00483755
0.00484746
0.00884152
0.00665715
0.00479526
0.006321
0.0047314
0.00725986
0.00817417
0.00795667
0.00942638
0.00491994
0.00799872
0.00529258
0.00841487
0.00633956
0.0104161
0.00777329
0.00753341
0.00867694
0.00964285
0.00942445
0.00701231
0.00938285
0.00570539
0.0101035
0.00456028
0.0109269
0.00448119
0.00901787
0.00735392
0.00461652
0.00620794
0.00907703
0.00895073
0.00456352
0.00831483
0.010368
0.00948559
0.00983637
0.00965024
0.00918971
0.00926922
0.00817535
0.00513974
0.00568291
0.00825624
0.0063802
0.00889813
0.00508693
0.00830394
0.00849454
0.00491818
0.00781799
0.00523192
0.00713696
0.00452528
0.00515568
0.00734774
0.00852375
0.00930105
0.0106374
0.00846785
0.00644546
0.00882115
0.00772858
0.0048953
0.00451279
0.00628403
0.00667829
0.00670463
0.00673073
0.00799731
0.00430673
0.00799043
0.00778663
0.00670056
0.00919318
0.0100693
0.00880884
0.00728834
0.00718517
0.0081765
0.00839744
0.00437849
0.00793575
0.00847236
0.0103914
0.00821696
0.00774871
0.0078599
0.00739864
0.00937595
0.0090724
0.00862441
0.00681961
0.00820571
0.00691926
0.00819199
0.00653255
0.0087628
0.0080851
0.00804522
0.0100123
0.00618476
0.00640699
0.00603193
0.00869268
0.00744988
0.00795495
0.00785837
0.00806706
0.00682606
0.0067504
0.00695497
0.00827234
0.00773796
0.00715926
0.0067701
0.00753677
0.00823791
0.00669
0.00594492
0.00766362
0.0082238
0.0072436
0.00632882
0.00481925
0.00725545
0.0103499
0.00716896
0.0060593
0.00813343
0.00777911
0.00544191
0.00638298
0.00728614
0.00472586
0.00740823
0.0052884
0.00897126
0.00727723
0.00688636
0.00599993
0.00563771
0.00752917
0.00734275
0.00494615
0.00953197
0.00613501
0.00624002
0.00692672
0.0068025
0.00655534
0.00746282
0.00829595
0.00769475
0.00899536
0.00918242
0.0107568
0.00693257
0.00872365
0.00981425
0.0053099
0.00808968
0.00983677
0.00547256
0.0063402
0.00947029
0.00849314
0.0103521
0.00806341
0.00862459
0.00789952
0.00929375
0.00764122
0.00627738
0.00717274
0.00532046
0.00661042
0.00856094
0.00749378
0.00762365
0.00839019
0.00678422
0.00703832
0.00522729
0.00951687
0.00415589
0.00466287
0.00675432
0.0044797
0.00578115
0.00451031
0.00602215
0.00889077
0.00450484
0.00419687
0.00669641
0.00568389
0.00841096
0.00574344
0.00582961
0.00848384
0.007889
0.00789202
0.00789878
0.00789312
0.00787878
0.00487255
0.00980003
0.00790489
0.01007
0.00839766
0.00792381
0.00858365
0.00788377
0.00834931
0.00830525
0.00789244
0.00824003
0.00800124
0.00769751
0.00463391
0.00658372
0.00793603
0.00726132
0.00712132
0.008749
0.00495444
0.00739208
0.00915626
0.00876379
0.00875103
0.00788747
0.00788793
0.00528895
0.00493633
0.00522182
0.00789262
0.00557439
0.00847681
0.00716786
0.00740238
0.00832181
0.00459042
0.00497482
0.00436482
0.00876455
0.00863208
0.00690365
0.00907487
0.00782515
0.00799929
0.00696176
0.00838538
0.00449158
0.00471121
0.00722839
0.00535305
0.00615802
0.00686774
0.00479528
0.00478716
0.00953861
0.00485837
0.00516724
0.00831821
0.00626868
0.00743385
0.00826732
0.00841579
0.00729038
0.00623019
0.00630219
0.00959599
0.00491921
0.00901355
0.00781309
0.00922513
0.00740274
0.00845666
0.00637392
0.0091911
0.00743213
0.00941307
0.00752321
0.00785601
0.00675715
0.00846874
0.00788323
0.00899847
0.00759454
0.00873265
0.00945394
0.00828012
0.00969957
0.00719303
0.00852222
0.00772527
0.00720375
0.00874489
0.00735418
0.00629969
0.00665805
0.00650907
0.00452796
0.00724155
0.0082892
0.00838923
0.00708123
0.00650174
0.00441476
0.00771767
0.00694542
0.00557215
0.00844891
0.00592853
0.00643042
0.00646388
0.00750384
0.00458586
0.00734983
0.00523323
0.00649317
0.00566821
0.00901349
0.00816584
0.00653542
0.00531972
0.00451272
0.00729357
0.00471284
0.00735898
0.00586479
0.00955536
0.00640209
0.00539863
0.00910585
0.00683746
0.00510198
0.00893011
0.00860815
0.00602568
0.00956951
0.00556439
0.00461205
0.00925545
0.00677965
0.00861261
0.00808686
0.00785438
0.00714273
0.00801086
0.00799464
0.00471133
0.00911213
0.00855648
0.00843912
0.00924858
0.00436624
0.00852672
0.012215
0.00451671
0.00859093
0.00503119
0.00837504
0.00501228
0.00477484
0.00938024
0.00476496
0.00724827
0.0070984
0.00513525
0.007942
0.00969383
0.00890363
0.0080383
0.00802377
0.00725349
0.00875623
0.00761633
0.00587378
0.00605051
0.00913684
0.00846074
0.00767294
0.00925568
0.00764662
0.00771973
0.00716891
0.0101
0.00975241
0.00866424
0.00999274
0.00562659
0.00811077
0.00566558
0.00872189
0.00585253
0.0078341
0.00766705
0.00909345
0.00853884
0.00642335
0.0105861
0.00559274
0.00429726
0.00742076
0.00880079
0.00558415
0.00574813
0.00708578
0.00713712
0.00874528
0.00641185
0.00822309
0.00791829
0.00709699
0.00826338
0.00656093
0.00656417
0.00562251
0.00779221
0.0064198
0.00648958
0.00606026
0.00634394
0.00662641
0.00660855
0.00850463
0.00701048
0.00964863
0.0108749
0.0120369
0.00635627
0.00651231
0.0064988
0.00767864
0.00913157
0.00834511
0.00773928
0.00786035
0.00510995
0.00808676
0.00872916
0.00516274
0.00618402
0.00969337
0.0066859
0.00966515
0.00835829
0.00817143
0.00876317
0.00706879
0.007875
0.00964035
0.00929531
0.00894652
0.00719691
0.00689159
0.00856856
0.00865389
0.00969536
0.00859907
0.00634229
0.00588572
0.00928711
0.00645352
0.0084494
0.00658295
0.00582623
0.00896412
0.00942014
0.00646565
0.00755254
0.00497545
0.0101358
0.0106889
0.00817817
0.00865711
0.00963514
0.00957397
0.010013
0.00673507
0.00643305
0.00892632
0.0071229
0.00701588
0.00467041
0.00734024
0.00721427
0.00609831
0.00938445
0.00878658
0.00843977
0.0072058
0.00590274
0.00863072
0.00825318
0.0088487
0.00807049
0.00814675
0.00847643
0.00776396
0.00857297
0.00783753
0.00800737
0.00765754
0.00844006
0.00939746
0.00800602
0.00835937
0.00786303
0.00872259
0.0073791
0.00818119
0.00914317
0.0077531
0.00519556
0.00440923
0.00847582
0.00852357
0.00612102
0.00744516
0.00875601
0.00857671
0.0076562
0.0073829
0.00858118
0.00775608
0.00978142
0.00907087
0.00814621
0.00477454
0.0044712
0.00754186
0.00892986
0.00914449
0.00850706
0.00781154
0.00703011
0.00821778
0.00424575
0.00433644
0.00953425
0.00478944
0.00494937
0.0079553
0.00964054
0.00524473
0.00989381
0.00452279
0.00947436
0.00507349
0.00907496
0.00848444
0.00983644
0.00907067
0.00967028
0.00748677
0.00951896
0.0078854
0.0081354
0.00751862
0.00961198
0.0079744
0.00951854
0.00872076
0.00643718
0.00477614
0.00858021
0.00436467
0.00960966
0.007676
0.00818913
0.00851063
0.00790199
0.00789614
0.00791101
0.00847605
0.0084902
0.00564768
0.00789347
0.00788762
0.00603463
0.00789998
0.00849622
0.00713805
0.00920603
0.00813747
0.00820727
0.00593588
0.00797775
0.0080061
0.00834336
0.00477108
0.00749252
0.00784097
0.00599947
0.00626239
0.00840183
0.00781822
0.00961481
0.00462809
0.0083491
0.00659661
0.00506843
0.00510538
0.010491
0.00704194
0.00826893
0.00672316
0.00853412
0.00850605
0.0082256
0.00872303
0.0083026
0.00816782
0.00723776
0.00835229
0.00804156
0.00750136
0.0074251
0.00650442
0.00599432
0.00473929
0.00707191
0.00748802
0.00777452
0.00724705
0.007814
0.00647797
0.00500064
0.00604028
0.00760198
0.00935319
0.00936569
0.00708631
0.00913696
0.00994602
0.00734886
0.00638084
0.00645626
0.00659325
0.00938862
0.00613831
0.00751645
0.00781679
0.00525619
0.00610536
0.0100838
0.00913632
0.00515732
0.00730639
0.00853795
0.00945726
0.00827207
0.00742137
0.00497858
0.00915145
0.00638962
0.00513754
0.00679949
0.00650026
0.00746709
0.00649146
0.00665163
0.00912641
0.0073164
0.00644528
0.00767691
0.00616666
0.00732054
0.0075352
0.00862626
0.00906956
0.00589948
0.00611024
0.00724815
0.00434939
0.00643834
0.0062673
0.00845187
0.00778199
0.00817947
0.00777215
0.00666635
0.00794402
0.00674471
0.0089056
0.00946108
0.00898461
0.00752121
0.0079113
0.00623273
0.00796394
0.00852922
0.00695058
0.00950348
0.00984874
0.00960029
0.00941271
0.0084012
0.00794088
0.00777461
0.00786247
0.00897837
0.00899677
0.00882834
0.00441642
0.00768553
0.00444186
0.0077597
0.00787852
0.00561534
0.00473539
0.00860535
0.00873755
0.00570702
0.00641123
0.00873449
0.00802227
0.0110326
0.00634808
0.00813394
0.00787117
0.00839267
0.0080619
0.00648864
0.00948133
0.00725951
0.00926734
0.00779501
0.00803217
0.0078186
0.00955939
0.00458537
0.00699243
0.00700995
0.00703501
0.00832219
0.00712083
0.00712892
0.00735661
0.00790006
0.0075817
0.00759374
0.00749461
0.00888526
0.00776188
0.0044208
0.00738573
0.00479155
0.00474396
0.00956263
0.00811767
0.00981391
0.00579527
0.00947618
0.00486892
0.0088805
0.00715754
0.00762368
0.00544676
0.00819213
0.00819422
0.00866338
0.00566557
0.00802516
0.00514661
0.00535815
0.0064121
0.00739273
0.01044
0.00438237
0.00520032
0.00852634
0.00787744
0.00886927
0.00966834
0.0109116
0.00872811
0.00895748
0.00735333
0.00681533
0.00653038
0.00674862
0.00697746
0.00815086
0.00636147
0.00858708
0.00726109
0.00816335
0.00914867
0.00737608
0.00714033
0.00789043
0.00708495
0.00702446
0.00441219
0.00724741
0.00850461
0.00831298
0.00882327
0.0088792
0.00745458
0.00793416
0.00709811
0.00635814
0.00510339
0.00493257
0.00756008
0.00918083
0.00692828
0.00687832
0.00926558
0.00529426
0.00860612
0.00522418
0.00677049
0.00660956
0.00543464
0.00726532
0.00823081
0.00829298
0.00648116
0.00910595
0.00894245
0.00809566
0.0081218
0.00780924
0.00795604
0.00753335
0.0076475
0.00796615
0.00771244
0.00763443
0.0079683
0.00906496
0.00605739
0.00619968
0.00768827
0.00619588
0.00927595
0.00890536
0.00925905
0.00800808
0.00890841
0.00854325
0.00775173
0.00771362
0.00630025
0.00755691
0.00774939
0.0073197
0.00745106
0.00754018
0.00515258
0.00631619
0.00878534
0.00535541
0.00836453
0.00927375
0.00639544
0.00869846
0.00450724
0.00586002
0.00552651
0.00578398
0.00857278
0.00806134
0.00553462
0.0103347
0.00767162
0.00784634
0.0081868
0.00831135
0.00875194
0.00883391
0.00637113
0.00634697
0.00648295
0.00728243
0.00648895
0.00686489
0.0102488
0.00959983
0.00895173
0.00866812
0.00765494
0.00914578
0.00796177
0.00855667
0.00687519
0.00774014
0.00832798
0.00678977
0.00795084
0.00896919
0.00772616
0.00447964
0.0057493
0.00581194
0.00688535
0.00738668
0.00602934
0.00662748
0.00887258
0.00906502
0.00566541
0.00615498
0.00920184
0.0072711
0.00896794
0.00875506
0.00898729
0.0062727
0.00968225
0.00764099
0.00749164
0.00719248
0.00949714
0.00963956
0.00605401
0.00828505
0.0068192
0.00842913
0.00981559
0.00687849
0.00872037
0.00640074
0.00868601
0.00813708
0.00621716
0.00901822
0.00817105
0.0074151
0.00808282
0.00684079
0.00747723
0.00748185
)
;

boundaryField
{
    tubeend1
    {
        type            inletOutlet;
        inletValue      uniform 0.1;
        value           nonuniform List<scalar> 
65
(
0.00949333
0.00721715
0.00669215
0.00760108
0.00893125
0.00720023
0.0077765
0.0073378
0.00742076
0.00873213
0.00662561
0.00872076
0.00809576
0.00835229
0.00787776
0.0074173
0.00873143
0.00643718
0.00823791
0.00756968
0.00749297
0.00684315
0.00619038
0.00723868
0.00772159
0.00637643
0.00801018
0.00714022
0.00801217
0.00726227
0.00699762
0.00652053
0.00544895
0.00852357
0.00773125
0.0053064
0.00561042
0.00546348
0.00437622
0.00644512
0.00503516
0.00623452
0.00569296
0.00541901
0.00573286
0.00489288
0.0057859
0.00603368
0.00648213
0.00544605
0.00574536
0.00545434
0.00521654
0.00528522
0.0044797
0.00631205
0.00522729
0.00468472
0.00449127
0.00436467
0.00448152
0.00578115
0.00424498
0.00413047
0.00424575
)
;
    }
    tubeend2
    {
        type            turbulentIntensityKineticEnergyInlet;
        intensity       0.05;
        value           uniform 0.00789282;
    }
    tube_to_copper
    {
        type            kqRWallFunction;
        value           nonuniform List<scalar> 
2464
(
0.00985465
0.00785076
0.00947882
0.00847884
0.00863234
0.0069651
0.00883823
0.00893385
0.00722405
0.00701551
0.00816599
0.00643138
0.00949276
0.00701649
0.00764694
0.00823943
0.00844979
0.00928572
0.00703865
0.00781975
0.00708669
0.00898909
0.00867199
0.00903101
0.00933149
0.00735983
0.00738125
0.00856032
0.00709859
0.00631663
0.0110863
0.00728614
0.00808761
0.00721538
0.0070172
0.0094953
0.00804926
0.00783882
0.00867624
0.00962497
0.00757942
0.00902588
0.007408
0.00727604
0.00703698
0.010403
0.00955955
0.00875094
0.00995364
0.00931607
0.00590165
0.00835497
0.00796234
0.00760108
0.00810476
0.00871115
0.00860936
0.00708795
0.00710301
0.00630887
0.00902691
0.00931903
0.0101897
0.0104028
0.0111585
0.00887879
0.00892713
0.00785452
0.0086422
0.00979487
0.00722979
0.00937079
0.00741077
0.00675516
0.00943274
0.00756257
0.00841623
0.00754958
0.00862437
0.00821496
0.00637852
0.00741869
0.00735571
0.0069292
0.00895643
0.00811776
0.00767903
0.00629134
0.00830881
0.00962972
0.00885871
0.00880507
0.00638384
0.0086138
0.00948762
0.00976058
0.00884394
0.00712609
0.00843967
0.0074181
0.0101827
0.00917374
0.00861452
0.00775097
0.0100128
0.00884281
0.00857496
0.00892676
0.00936464
0.00819888
0.00809933
0.00758378
0.00816322
0.00695743
0.00677006
0.00994583
0.00804004
0.00842972
0.00942492
0.00814138
0.00846872
0.010126
0.00679375
0.00736717
0.00669582
0.00662811
0.00843264
0.00664329
0.00736548
0.0085648
0.00760581
0.00654927
0.00626433
0.00783015
0.0117186
0.00707459
0.00856062
0.00859109
0.00718937
0.00674227
0.00728609
0.00722085
0.00930586
0.00604389
0.00949195
0.00948438
0.00900104
0.00928771
0.00833536
0.0097781
0.00908506
0.00713008
0.0102967
0.00867226
0.0113834
0.00795763
0.00810332
0.00758194
0.00960065
0.00768122
0.01002
0.00815696
0.00964297
0.0114508
0.00978424
0.00728658
0.0107439
0.00656724
0.00932132
0.00841463
0.00922888
0.00870883
0.00840873
0.01039
0.00839612
0.00965029
0.00693971
0.00760593
0.00834244
0.0077673
0.00737144
0.00976662
0.00923907
0.009345
0.0104974
0.00706352
0.00863711
0.00885883
0.0092623
0.00953196
0.00903949
0.00837846
0.00906688
0.00847746
0.0114746
0.00746995
0.00992123
0.0077235
0.00791045
0.00875942
0.00787352
0.00638676
0.00823962
0.00689402
0.00945625
0.00699762
0.00819514
0.0109559
0.00859805
0.00723156
0.00918814
0.00755947
0.00815789
0.00766584
0.00924476
0.00905334
0.0102396
0.00986576
0.00783797
0.00787056
0.00891719
0.00746574
0.0100257
0.00894966
0.0104553
0.00886496
0.00755382
0.00882865
0.00941185
0.0090116
0.00862949
0.00703104
0.00820579
0.00961966
0.00949333
0.00885366
0.00891032
0.00857048
0.00800867
0.00991847
0.0091804
0.00821325
0.00980253
0.00672044
0.00939146
0.00809726
0.00816218
0.00989454
0.00738151
0.0086174
0.0114279
0.00859814
0.00948096
0.00841133
0.0078629
0.00780124
0.00822892
0.00938986
0.00845043
0.00706747
0.0107131
0.00638442
0.00820473
0.00779415
0.00832852
0.00719358
0.00972826
0.00878087
0.00894546
0.00835931
0.00823606
0.00816743
0.0120163
0.00958585
0.00960621
0.00718904
0.0107838
0.0101171
0.00842964
0.0065016
0.00764415
0.00740115
0.0100142
0.00744977
0.00880446
0.00905889
0.0102766
0.0106366
0.00897957
0.00747793
0.00732561
0.00870961
0.00809009
0.00951489
0.0078059
0.0076233
0.00918208
0.0104839
0.00841325
0.00777194
0.00722532
0.00654534
0.00685562
0.00647549
0.00912938
0.00652053
0.0072904
0.00739025
0.00931143
0.00952365
0.00977692
0.00641279
0.00814833
0.00924319
0.00943307
0.00748301
0.00930508
0.00950092
0.00718914
0.00886735
0.00806442
0.00707319
0.0111954
0.00757113
0.00673268
0.00839354
0.00717236
0.00969647
0.00977826
0.00817197
0.0113779
0.00871948
0.00772193
0.0102843
0.00803488
0.0083896
0.00903997
0.0086128
0.00956934
0.00940514
0.00861692
0.00909892
0.00845402
0.0108107
0.00921711
0.00833501
0.00887758
0.00720067
0.0095088
0.00775117
0.00949042
0.00826486
0.0071482
0.00905763
0.00855822
0.00925404
0.00858959
0.00808008
0.0098973
0.00741026
0.00653047
0.00734043
0.00683484
0.00879907
0.00743252
0.00744837
0.00763869
0.00883429
0.00921516
0.00620431
0.0073378
0.00710265
0.00873346
0.00807741
0.00755168
0.00729556
0.0084738
0.00836315
0.00875207
0.00844738
0.0100193
0.00859087
0.00840672
0.00686854
0.0106705
0.006631
0.00987528
0.00775079
0.00906744
0.00960352
0.00818266
0.00616228
0.00922877
0.0085245
0.00937425
0.00885981
0.0100886
0.00865471
0.00890218
0.00852329
0.00686659
0.00903624
0.00762591
0.00880729
0.00690553
0.00922228
0.00846675
0.00777078
0.00809581
0.00734505
0.00917383
0.0077512
0.00855662
0.00831835
0.00857824
0.0091477
0.00938236
0.00899209
0.00829228
0.00950906
0.0073591
0.00727333
0.00783959
0.00900209
0.008194
0.00891573
0.00715453
0.00662056
0.00750794
0.0101098
0.00627878
0.0090522
0.00833839
0.00748152
0.00712496
0.0114851
0.00943136
0.00874846
0.00893886
0.00806884
0.00760045
0.00962475
0.0089095
0.00779816
0.00812269
0.00751365
0.00748167
0.00762426
0.00857104
0.00916662
0.00740484
0.00925064
0.00881631
0.0093916
0.00946758
0.0114511
0.00614913
0.00958932
0.0087551
0.0094303
0.00928686
0.00730799
0.0100905
0.00791188
0.00970032
0.00769581
0.0102962
0.00778813
0.00858017
0.0087629
0.00799029
0.00797001
0.00714679
0.00876689
0.00750837
0.0104511
0.00859161
0.00843268
0.00798743
0.00778839
0.00801863
0.00985225
0.00790185
0.00807673
0.0107041
0.00909286
0.00749753
0.00836848
0.00725185
0.0104473
0.00985897
0.00697479
0.00696516
0.00879363
0.00836876
0.00788185
0.00962864
0.0082515
0.00735662
0.0102008
0.00860201
0.00881397
0.00890034
0.0111529
0.00987504
0.00881762
0.00893522
0.00966715
0.00905363
0.00886465
0.0088807
0.00614339
0.00961998
0.00657756
0.00707011
0.00735221
0.00676658
0.00737414
0.0113225
0.0109301
0.00774549
0.0111996
0.00921422
0.00710637
0.0114675
0.00983565
0.0104977
0.00892051
0.0108211
0.0096398
0.00640592
0.00879454
0.00908637
0.00926619
0.00888896
0.0083955
0.00911166
0.00916344
0.0100164
0.0068949
0.00769809
0.0105508
0.00900673
0.00788479
0.00678911
0.00916978
0.00714368
0.00948622
0.00646906
0.00929084
0.00873143
0.00849677
0.0081439
0.00763584
0.0098747
0.00749863
0.00880554
0.00697084
0.0100547
0.00862708
0.00978771
0.00756459
0.00847364
0.00781984
0.00885327
0.00801217
0.0084115
0.008582
0.00796369
0.00962055
0.00860291
0.00669484
0.0100245
0.00879884
0.00933359
0.0069541
0.0068635
0.00758575
0.00861652
0.00840576
0.00906623
0.00726482
0.00883597
0.00841936
0.00839056
0.00657068
0.00903819
0.00805596
0.00912555
0.0110906
0.0074379
0.00880735
0.00832014
0.00893125
0.00814037
0.0074607
0.00798158
0.00772986
0.00931397
0.00840055
0.00995917
0.0079686
0.00962736
0.010546
0.00693211
0.0092372
0.00871582
0.00865043
0.00884151
0.0100746
0.00982701
0.00976067
0.00936584
0.00756558
0.0104498
0.00739011
0.00661584
0.00798683
0.00667362
0.00926351
0.00864186
0.00984578
0.00716688
0.00804562
0.00868287
0.00680034
0.00764042
0.00656998
0.00738824
0.00679751
0.00786086
0.00912702
0.00723609
0.00889311
0.00764461
0.00719001
0.00894722
0.00746674
0.00955754
0.0101367
0.00905346
0.0107005
0.00923914
0.00923299
0.0102745
0.00696058
0.00923963
0.00927981
0.00835298
0.0103218
0.00804506
0.00785321
0.00941332
0.00883202
0.00978754
0.00854415
0.00747795
0.00677797
0.00834006
0.00776752
0.00671041
0.00808056
0.00936517
0.00843636
0.00945264
0.00910219
0.0101091
0.0102412
0.00762288
0.00877659
0.0086081
0.00855927
0.00810746
0.00971309
0.0101587
0.00847451
0.00885271
0.00733986
0.00729048
0.00909842
0.00838852
0.00627159
0.00907227
0.00679126
0.0087628
0.00825874
0.00623894
0.00741659
0.00970821
0.00985816
0.0101022
0.00797339
0.00729156
0.00782442
0.0072112
0.00688091
0.00862662
0.00630427
0.00918794
0.00779885
0.00750449
0.0122288
0.00851413
0.00837412
0.0115828
0.0076257
0.00935411
0.00869034
0.00849111
0.00863877
0.00889871
0.00608505
0.00819186
0.00949087
0.00935731
0.00935149
0.00998181
0.00627047
0.0102226
0.0105559
0.00924503
0.00809141
0.00927647
0.00704781
0.00783547
0.00747471
0.00721253
0.00942301
0.00988439
0.00779699
0.00672605
0.00801975
0.00762041
0.0115469
0.00658169
0.00940006
0.0113347
0.0104025
0.00858747
0.00971125
0.00857828
0.0102946
0.0108965
0.00884161
0.00917993
0.00840804
0.0107461
0.00870928
0.00824951
0.0112441
0.00837592
0.00860505
0.0115303
0.00967734
0.00780477
0.00655843
0.00814875
0.0118758
0.00941001
0.00858929
0.00812176
0.00816949
0.00829959
0.0100849
0.00687858
0.00878147
0.00721267
0.00886898
0.0086758
0.00765372
0.00759227
0.00705678
0.00846725
0.0064448
0.00930698
0.00763396
0.00659735
0.00699913
0.00829739
0.0077765
0.00699555
0.00775777
0.00902599
0.00757079
0.00954805
0.00828933
0.00810492
0.00734518
0.00950832
0.00972849
0.00833368
0.0114027
0.0117121
0.00765925
0.0103805
0.00683231
0.00886517
0.007366
0.00727741
0.00899173
0.00886614
0.0106976
0.00826669
0.00758295
0.00890659
0.00879998
0.00717933
0.0106544
0.0110461
0.00681828
0.00929284
0.0088326
0.00949538
0.0100755
0.00775651
0.00852713
0.00904473
0.00753622
0.0082062
0.00952213
0.00900794
0.00817643
0.00928591
0.00820044
0.00736361
0.00739809
0.00649195
0.00630173
0.00925451
0.00903397
0.00883427
0.00660574
0.00874241
0.00792991
0.00914969
0.00917233
0.00789324
0.00752131
0.00661064
0.00648061
0.00684315
0.00758256
0.00722337
0.00844466
0.00869616
0.0102834
0.00740602
0.00842762
0.00931003
0.00947348
0.00846896
0.00702066
0.0104781
0.00862975
0.00704912
0.0119639
0.0084995
0.0103536
0.0100429
0.0098894
0.00954577
0.00972001
0.0092182
0.0091063
0.0108479
0.00837433
0.00638738
0.00900956
0.00931087
0.00899884
0.00825717
0.0100391
0.0104436
0.00856848
0.00866653
0.00848386
0.0104666
0.00911091
0.00763975
0.0076984
0.00932367
0.00664425
0.00849268
0.00912885
0.0101147
0.00901388
0.00866547
0.0111875
0.008383
0.00626793
0.0092093
0.00623458
0.00670095
0.00821572
0.00767072
0.00793731
0.00689037
0.00934252
0.00983717
0.011744
0.00731193
0.0121967
0.00614944
0.00935952
0.00930113
0.00905275
0.00843935
0.0104836
0.00963354
0.00731074
0.00801018
0.00766374
0.00748187
0.0084166
0.0106334
0.00827615
0.00799443
0.00994383
0.00957767
0.00837838
0.0099447
0.0092414
0.00843083
0.00854531
0.00788156
0.00768574
0.00762182
0.00724097
0.00973683
0.00737489
0.00939088
0.00910071
0.00853353
0.00854644
0.00873152
0.00774127
0.00795306
0.00772577
0.00714937
0.00744301
0.0077378
0.00864147
0.00917072
0.00839708
0.00874023
0.0077441
0.00742138
0.00802896
0.00842153
0.00798406
0.00705701
0.0105795
0.0074243
0.00972734
0.00795434
0.00854554
0.00725086
0.00830486
0.00905038
0.0100709
0.00987578
0.00734251
0.00781884
0.00784307
0.0088527
0.00904481
0.00837154
0.0076304
0.00896622
0.00900573
0.00764672
0.0086626
0.00863935
0.00708303
0.0103017
0.00814271
0.00997049
0.00955227
0.00878486
0.00848221
0.00882944
0.00897519
0.00875343
0.00824484
0.00938596
0.0070689
0.00739227
0.00863468
0.00723091
0.00983048
0.00638095
0.00717295
0.00911545
0.00664367
0.00747975
0.00893521
0.0082543
0.00736795
0.00929627
0.00819687
0.00971794
0.00686213
0.009408
0.00845868
0.00885098
0.00975222
0.00859222
0.00961746
0.00852497
0.00852826
0.00844887
0.00698183
0.00834202
0.00835315
0.00681017
0.00927839
0.00699636
0.00805966
0.0084057
0.00885713
0.00632124
0.00923335
0.00730409
0.00974848
0.0119911
0.00953086
0.00768755
0.00912946
0.00666311
0.0112015
0.0075644
0.00766862
0.00830962
0.00789389
0.00595399
0.00894346
0.00991369
0.00737968
0.00840176
0.00894973
0.00855557
0.00767379
0.00627922
0.00951535
0.00877423
0.00859392
0.00942028
0.00848381
0.00699993
0.00797291
0.0105873
0.007796
0.00695363
0.00615729
0.00771993
0.00718836
0.00772457
0.0102998
0.00787776
0.00755134
0.00649665
0.00878959
0.00642956
0.0087899
0.00764979
0.00743881
0.00682675
0.00739212
0.00659724
0.0102215
0.00738977
0.00773552
0.00826975
0.00881423
0.00985066
0.00641031
0.00882694
0.00628052
0.00872043
0.00839254
0.00788833
0.00732221
0.0101519
0.0075927
0.00913268
0.00759287
0.00994894
0.00934434
0.00905151
0.00972106
0.00675503
0.0078876
0.00659776
0.00905166
0.00825532
0.00921479
0.00921014
0.00877454
0.00809803
0.00602194
0.00620619
0.00894757
0.0123055
0.00918083
0.0095705
0.00798445
0.00865122
0.00669674
0.00806203
0.00864956
0.00693779
0.00695385
0.00703198
0.00783109
0.00758942
0.00861969
0.00916879
0.0077368
0.00697146
0.00907314
0.00863833
0.00960562
0.00906852
0.00833847
0.00657096
0.00879109
0.00756882
0.00843614
0.00748291
0.00773597
0.00862767
0.00830668
0.0081524
0.00722798
0.00651125
0.00640658
0.00791976
0.00723868
0.0068751
0.00840094
0.00677785
0.0103164
0.00887888
0.0104153
0.00724842
0.00776564
0.00869495
0.00858001
0.0082831
0.00899718
0.00708838
0.00864143
0.00837128
0.0100964
0.00857251
0.0103814
0.00909811
0.00803797
0.00724082
0.00930272
0.00848938
0.00773869
0.00647295
0.00758693
0.0084227
0.00770587
0.0105372
0.00918651
0.00796606
0.00840935
0.00818782
0.00897025
0.00800962
0.00867003
0.00675868
0.00868179
0.00981278
0.00931392
0.00627881
0.00769182
0.00834803
0.00975361
0.00639475
0.00791344
0.00900113
0.00927836
0.00785411
0.00887216
0.00801706
0.0101374
0.00894097
0.00925392
0.00881094
0.00867609
0.0105243
0.00941742
0.00731108
0.0089029
0.00924953
0.00665112
0.00867607
0.00836696
0.00797845
0.00972087
0.00638297
0.00690879
0.00776703
0.00832494
0.00915699
0.00702966
0.00745599
0.00797734
0.00871338
0.00819248
0.00798842
0.0105962
0.00718462
0.00726317
0.00908774
0.00766274
0.00866571
0.00950009
0.00731647
0.00917187
0.00912052
0.00803885
0.00962669
0.00832357
0.00826922
0.00945783
0.00837891
0.0107981
0.00773085
0.00925494
0.0102404
0.0082375
0.00786059
0.00808893
0.00781289
0.00899278
0.00950453
0.00908161
0.0084511
0.0082099
0.00889032
0.00882019
0.00744904
0.00988479
0.00850868
0.00840811
0.00877884
0.00846317
0.00996018
0.0112105
0.00764377
0.00833675
0.00823947
0.0066635
0.00657974
0.00567354
0.00889776
0.00970172
0.00834309
0.0082947
0.00809647
0.00770962
0.0108075
0.00948883
0.00879262
0.00933262
0.010281
0.0109972
0.00834923
0.00898222
0.00852096
0.00726883
0.00806073
0.0105503
0.0111001
0.00856812
0.00946302
0.00760506
0.00895261
0.00865757
0.00919842
0.00874633
0.00880479
0.00751268
0.00879019
0.00719466
0.00911274
0.00831516
0.00887009
0.00861039
0.00936243
0.00856386
0.00760394
0.00898995
0.00796751
0.00634295
0.00619721
0.00805535
0.00617759
0.0081727
0.0093133
0.00796305
0.00864864
0.0081769
0.00906488
0.00697944
0.0085009
0.00741487
0.00825141
0.00828309
0.00724246
0.00842588
0.00816626
0.00805823
0.00973565
0.00999877
0.00851078
0.00809391
0.00611393
0.0122879
0.00995973
0.00974279
0.00940185
0.00987252
0.0107671
0.00874684
0.0108385
0.0088947
0.00844046
0.00898857
0.00858473
0.00736567
0.00861194
0.00962753
0.00871848
0.00876602
0.00868222
0.00855182
0.00852461
0.00854127
0.00770406
0.00827601
0.00844012
0.00741417
0.00814145
0.00733716
0.00867478
0.00879561
0.00695161
0.00750012
0.00927945
0.00903533
0.00699673
0.00713416
0.0108725
0.00657781
0.00762398
0.00635154
0.00639933
0.00762842
0.00861647
0.00844219
0.00877375
0.00932762
0.00788094
0.00810636
0.00936028
0.00856315
0.00911608
0.00859911
0.00862022
0.00693281
0.00717386
0.00957497
0.00819403
0.0104469
0.00887624
0.00891699
0.00915817
0.00845023
0.00722234
0.00905493
0.0102867
0.00937824
0.00919079
0.00758076
0.00847622
0.00730052
0.00723006
0.00741553
0.00907171
0.00844638
0.0105147
0.00748189
0.00836169
0.00907784
0.011723
0.0093537
0.00949516
0.00901196
0.00909362
0.00934049
0.00809234
0.00826231
0.00691312
0.00873541
0.00849554
0.00897235
0.00824803
0.00788065
0.00851614
0.00794837
0.00766514
0.010024
0.0107633
0.00692982
0.0079687
0.00841161
0.00806516
0.00790246
0.00815895
0.0111148
0.00737398
0.00828985
0.00688552
0.00721715
0.00916803
0.00649469
0.00739447
0.00602776
0.00998683
0.00638138
0.00882498
0.00742298
0.00713612
0.00750226
0.00784541
0.0083564
0.00660092
0.00938487
0.00877191
0.00908336
0.00869478
0.010185
0.0093874
0.00623536
0.00930561
0.00916631
0.00913524
0.0103135
0.0113809
0.00889207
0.00880624
0.00749297
0.0065254
0.00982091
0.00934396
0.00922353
0.0095109
0.00993295
0.00966196
0.00819835
0.00821502
0.00818797
0.0102547
0.00920976
0.00719078
0.00958895
0.00741198
0.00734502
0.00662042
0.00796419
0.00735374
0.00855948
0.00886284
0.00841006
0.00769356
0.00709566
0.00865854
0.0103901
0.00819401
0.00752429
0.00816015
0.00837924
0.0078026
0.00765593
0.00945263
0.00770936
0.00891582
0.00878421
0.00718854
0.008705
0.00828216
0.00894922
0.00939475
0.00638248
0.00866808
0.00850452
0.0109678
0.00715335
0.00815793
0.00800333
0.00930089
0.0101569
0.00683535
0.00671516
0.00753658
0.00774416
0.00943478
0.0069693
0.00876994
0.00684571
0.00774531
0.00707409
0.00974817
0.00717071
0.00827872
0.0104756
0.00955674
0.00787855
0.00698732
0.00660622
0.00903035
0.00955733
0.00675077
0.0100745
0.00881296
0.00910649
0.00767449
0.0103975
0.00701917
0.00712104
0.00907882
0.00686926
0.00797967
0.0068105
0.00851669
0.00826243
0.00856865
0.00893625
0.0101684
0.00898368
0.00763523
0.00923427
0.00907943
0.00818208
0.0077182
0.00958822
0.0100365
0.0117398
0.00758767
0.008961
0.00898635
0.00907073
0.00925609
0.00952382
0.00923447
0.00924857
0.00932451
0.00763591
0.00709113
0.00718929
0.00726547
0.00846192
0.00802509
0.00670894
0.00774737
0.00747317
0.00896181
0.00741488
0.00859083
0.00909893
0.00828829
0.00761591
0.00712056
0.00742492
0.0102263
0.00609091
0.00771376
0.00813325
0.00795425
0.00759802
0.00830439
0.00909491
0.00904601
0.0101034
0.00882664
0.00800709
0.00691495
0.00609278
0.00779918
0.00828085
0.00762767
0.00764518
0.00801244
0.00685679
0.00916001
0.00874394
0.00820722
0.00699516
0.00777104
0.00801884
0.00810082
0.00607994
0.00648988
0.00766463
0.00836539
0.00726119
0.00660774
0.00821385
0.0082269
0.00795834
0.0089234
0.00804487
0.0100052
0.00845587
0.00713389
0.00841239
0.00711205
0.00750369
0.00711947
0.00787441
0.00679609
0.00837466
0.00645937
0.00725151
0.00697525
0.00719975
0.00904546
0.00911196
0.00757011
0.0093103
0.00886281
0.00800033
0.00876687
0.00773157
0.0081026
0.00682671
0.00658857
0.00953738
0.00830027
0.00811253
0.00725821
0.00827216
0.00907393
0.00828366
0.00986098
0.00835025
0.0101589
0.00788817
0.00880955
0.00900841
0.00872902
0.0096961
0.00867088
0.00919101
0.00829882
0.00852958
0.00805426
0.0111722
0.00732425
0.00878564
0.00843956
0.00916493
0.0083918
0.00657817
0.00727416
0.0086463
0.00642151
0.00659624
0.00765519
0.00922484
0.00647657
0.00697735
0.00673527
0.00756552
0.00843157
0.010985
0.00870689
0.00876067
0.00756456
0.00873918
0.00842743
0.00947284
0.00793663
0.00910717
0.0102326
0.0103026
0.0081992
0.00941082
0.00857527
0.00772634
0.00866428
0.0077959
0.00857087
0.00796689
0.00712554
0.00731684
0.00819054
0.00798802
0.0080628
0.00748698
0.00822486
0.00633704
0.00635048
0.00667602
0.00791701
0.00858805
0.00957241
0.00726472
0.00796029
0.0081412
0.00912521
0.00813775
0.00702927
0.00655784
0.00725854
0.0078269
0.00925919
0.0109899
0.00984594
0.00775241
0.00747193
0.00848374
0.00901363
0.00791012
0.00832399
0.00845578
0.00834638
0.00879099
0.00935028
0.00752038
0.00897028
0.00769658
0.00775525
0.0103718
0.00817321
0.00798712
0.00824532
0.00977332
0.00819961
0.00838415
0.00849793
0.00881361
0.00817666
0.00950557
0.00789419
0.00861783
0.00658986
0.00781381
0.00935751
0.00853514
0.00853312
0.00839847
0.00708522
0.00710558
0.0079287
0.00805531
0.0091853
0.00650016
0.00889847
0.00906583
0.00944301
0.00920951
0.00953197
0.0086193
0.0107138
0.00933588
0.00734865
0.00973333
0.00723648
0.00842786
0.0087332
0.00976784
0.00626133
0.00891545
0.0095261
0.00907686
0.00889985
0.00899655
0.00765809
0.00945662
0.00944336
0.0105219
0.00832223
0.00841881
0.00900287
0.00855115
0.00912944
0.0105755
0.00902607
0.00667306
0.00720535
0.00854462
0.00929625
0.00800367
0.00853405
0.00873213
0.00705974
0.00762457
0.00938521
0.00786624
0.00980677
0.009372
0.0093071
0.00857399
0.00704536
0.00765322
0.00615879
0.00713057
0.00914395
0.00894105
0.00827797
0.00789921
0.00734772
0.0104015
0.00768778
0.00885722
0.00882529
0.00877079
0.00881139
0.00772159
0.00678179
0.0084125
0.0061565
0.00704638
0.00832862
0.00913612
0.00853861
0.0108543
0.00905266
0.00828137
0.00714585
0.00617201
0.00804135
0.01017
0.00855818
0.00669459
0.0088496
0.00712275
0.00943109
0.00759504
0.00720481
0.00796064
0.00924725
0.0094154
0.0082933
0.0106313
0.00735467
0.00705
0.00771912
0.007599
0.00655709
0.00817716
0.0082581
0.0105372
0.0100157
0.0111637
0.00787598
0.00899517
0.00905135
0.00795339
0.0112497
0.00694198
0.00960882
0.00703292
0.00689122
0.00823388
0.00716024
0.0109199
0.0111023
0.00671716
0.00757619
0.00643695
0.00852865
0.0062328
0.0106266
0.00940526
0.0084864
0.00840041
0.0088463
0.00838662
0.00918897
0.00653405
0.00720245
0.00792427
0.00780058
0.00808225
0.00654708
0.0091021
0.0101847
0.00896429
0.00964803
0.00925144
0.00801733
0.00651367
0.00829374
0.00765549
0.00920504
0.00772465
0.00912395
0.00752869
0.0081348
0.00734311
0.00904111
0.00977394
0.00820517
0.00872664
0.00821989
0.0101104
0.00821501
0.00785561
0.00857391
0.00864532
0.00671007
0.00841332
0.00868363
0.0101545
0.00727508
0.00778031
0.00776085
0.00777314
0.00732742
0.00669873
0.00910991
0.00771075
0.00657035
0.00816618
0.00769787
0.00788385
0.0084875
0.0082723
0.00740044
0.00670437
0.00953692
0.00970525
0.00672347
0.00955163
0.00971102
0.009881
0.00814712
0.00685843
0.00787537
0.00617502
0.00832218
0.00846374
0.00983095
0.0101168
0.00892159
0.00953236
0.00699361
0.00775154
0.00773241
0.00826292
0.00802586
0.00775197
0.0094725
0.00755741
0.00772171
0.00901621
0.00910996
0.00691188
0.00876318
0.00960152
0.00834776
0.00771919
0.00853878
0.00783699
0.00968594
0.0077599
0.00949358
0.00696915
0.00647959
0.0082008
0.00854006
0.0106212
0.00901432
0.0106707
0.009249
0.00828558
0.0091908
0.00863436
0.00839068
0.00994284
0.0100322
0.00774009
0.00988745
0.00723429
0.00759364
0.00949645
0.00906029
0.00842407
0.00883577
0.00919159
0.00735169
0.00839369
0.00809144
0.00797346
0.00681267
0.00720411
0.00908221
0.00725986
0.00795667
0.00942638
0.00799872
0.00841487
0.0104161
0.00777329
0.00753341
0.00867694
0.00964285
0.00942445
0.00938285
0.0101035
0.0109269
0.00901787
0.00907703
0.00831483
0.010368
0.00948559
0.00983637
0.00965024
0.00918971
0.00926922
0.00817535
0.00825624
0.00889813
0.00849454
0.00781799
0.00734774
0.0106374
0.00846785
0.00882115
0.00772858
0.00667829
0.00670463
0.00673073
0.00799043
0.00670056
0.00919318
0.0100693
0.00880884
0.0081765
0.00839744
0.00793575
0.00847236
0.0103914
0.00821696
0.0078599
0.00937595
0.0090724
0.00862441
0.00820571
0.00819199
0.0087628
0.00804522
0.0100123
0.00744988
0.00785837
0.00806706
0.00715926
0.00753677
0.00823791
0.00669
0.00766362
0.0072436
0.00725545
0.0103499
0.00716896
0.00813343
0.00777911
0.00740823
0.00897126
0.00752917
0.00734275
0.00953197
0.00746282
0.00899536
0.00918242
0.0107568
0.00872365
0.00808968
0.00983677
0.00947029
0.0103521
0.00806341
0.00789952
0.00929375
0.00717274
0.00856094
0.00678422
0.00703832
0.00951687
0.00889077
0.00841096
0.00848384
0.00787878
0.00980003
0.00839766
0.00858365
0.00834931
0.00830525
0.00793603
0.00726132
0.00915626
0.00876379
0.00875103
0.00847681
0.00716786
0.00832181
0.00876455
0.00863208
0.00782515
0.00799929
0.00838538
0.00722839
0.00686774
0.00953861
0.00826732
0.00841579
0.00729038
0.00959599
0.00901355
0.00781309
0.00922513
0.00637392
0.0091911
0.00941307
0.00752321
0.00675715
0.00788323
0.00899847
0.00759454
0.00873265
0.00945394
0.00828012
0.00969957
0.00772527
0.00874489
0.0082892
0.00838923
0.00708123
0.00650174
0.00771767
0.00694542
0.00844891
0.00643042
0.00646388
0.00750384
0.00649317
0.00901349
0.00816584
0.00729357
0.00735898
0.00955536
0.00683746
0.00893011
0.00860815
0.00956951
0.00925545
0.00677965
0.00861261
0.00808686
0.00785438
0.00801086
0.00799464
0.00855648
0.00843912
0.00924858
0.00852672
0.012215
0.00859093
0.00837504
0.00969383
0.0080383
0.00725349
0.00913684
0.00846074
0.00925568
0.00764662
0.00771973
0.0101
0.00975241
0.00866424
0.00999274
0.00811077
0.00872189
0.0078341
0.00766705
0.00909345
0.00853884
0.0105861
0.00880079
0.00874528
0.00641185
0.00822309
0.00791829
0.00826338
0.00656417
0.00779221
0.00634394
0.00964863
0.0108749
0.0120369
0.00651231
0.00767864
0.00913157
0.00773928
0.00786035
0.00808676
0.00872916
0.00969337
0.0066859
0.00817143
0.00876317
0.00964035
0.00929531
0.00894652
0.00719691
0.00856856
0.00865389
0.00969536
0.00859907
0.00928711
0.00645352
0.00658295
0.00896412
0.00942014
0.0106889
0.00865711
0.00957397
0.010013
0.00892632
0.0071229
0.00734024
0.00721427
0.00938445
0.00878658
0.0072058
0.00863072
0.0088487
0.00847643
0.00783753
0.00844006
0.00939746
0.00835937
0.00872259
0.00818119
0.00914317
0.0077531
0.00847582
0.00852357
0.00744516
0.00875601
0.00857671
0.0076562
0.00775608
0.00978142
0.00907087
0.00814621
0.00892986
0.00914449
0.00850706
0.00703011
0.00821778
0.0079553
0.00964054
0.00989381
0.00947436
0.00907496
0.00967028
0.00951896
0.0078854
0.0081354
0.00961198
0.0079744
0.00951854
0.00872076
0.00858021
0.00818913
0.00851063
0.00847605
0.0084902
0.00603463
0.00789998
0.00849622
0.00713805
0.00920603
0.00820727
0.00797775
0.0080061
0.00834336
0.00599947
0.00840183
0.00781822
0.00961481
0.0083491
0.00659661
0.010491
0.00853412
0.00850605
0.00872303
0.00816782
0.00723776
0.00835229
0.00804156
0.0074251
0.00707191
0.007814
0.00760198
0.00936569
0.00638084
0.00938862
0.00751645
0.00781679
0.00730639
0.00853795
0.00945726
0.00915145
0.00638962
0.00679949
0.00746709
0.00912641
0.0073164
0.00906956
0.00724815
0.00643834
0.00845187
0.00817947
0.00666635
0.00794402
0.00946108
0.00898461
0.00752121
0.00796394
0.00984874
0.00960029
0.00794088
0.00777461
0.00897837
0.00899677
0.00882834
0.00768553
0.0077597
0.00787852
0.00860535
0.00873755
0.00873449
0.0110326
0.00787117
0.00839267
0.00948133
0.00926734
0.00803217
0.0078186
0.00699243
0.00700995
0.00832219
0.00712892
0.00735661
0.00790006
0.0075817
0.00759374
0.00776188
0.00738573
0.00956263
0.00811767
0.00981391
0.00947618
0.00715754
0.00762368
0.00819213
0.00819422
0.00866338
0.00802516
0.0064121
0.00739273
0.01044
0.00852634
0.00787744
0.00886927
0.0109116
0.00872811
0.00895748
0.00653038
0.00674862
0.00697746
0.00815086
0.00858708
0.00816335
0.00914867
0.00714033
0.00789043
0.00724741
0.00850461
0.00882327
0.00793416
0.00918083
0.00692828
0.00926558
0.00860612
0.00910595
0.00809566
0.0081218
0.00780924
0.0076475
0.00796615
0.00763443
0.00619968
0.00768827
0.00927595
0.00925905
0.00890841
0.00854325
0.00630025
0.00755691
0.00774939
0.00878534
0.00836453
0.00927375
0.00806134
0.0103347
0.00767162
0.00784634
0.00831135
0.00875194
0.00883391
0.00728243
0.0102488
0.00895173
0.00866812
0.00914578
0.00796177
0.00795084
0.00896919
0.00772616
0.00688535
0.00738668
0.00887258
0.00906502
0.00615498
0.00920184
0.0072711
0.00896794
0.00875506
0.00898729
0.00968225
0.00764099
0.00949714
0.00963956
0.00842913
0.00981559
0.00640074
0.00868601
0.00813708
0.00901822
0.00817105
0.00808282
0.00747723
0.00748185
)
;
    }
}


// ************************************************************************* //
