/*--------------------------------*- C++ -*----------------------------------*\
| =========                 |                                                 |
| \\      /  F ield         | OpenFOAM: The Open Source CFD Toolbox           |
|  \\    /   O peration     | Version:  2312                                  |
|   \\  /    A nd           | Website:  www.openfoam.com                      |
|    \\/     M anipulation  |                                                 |
\*---------------------------------------------------------------------------*/
FoamFile
{
    version     2.0;
    format      ascii;
    arch        "LSB;label=32;scalar=64";
    class       volScalarField;
    location    "2/tube";
    object      nut;
}
// * * * * * * * * * * * * * * * * * * * * * * * * * * * * * * * * * * * * * //

dimensions      [0 2 -1 0 0 0 0];

internalField   nonuniform List<scalar> 
5195
(
1.81703e-06
1.44813e-05
1.68011e-05
2.0154e-06
2.3877e-06
2.05856e-06
1.27002e-06
2.70998e-05
2.1034e-05
2.09783e-06
2.35518e-06
2.34895e-06
1.43578e-05
2.32161e-06
1.94369e-05
2.19598e-06
5.05824e-05
2.15402e-06
1.22008e-06
1.84102e-06
1.7752e-06
1.83257e-05
1.84786e-05
1.72098e-06
1.46501e-05
1.81895e-05
2.02351e-06
2.04299e-06
1.65281e-05
1.49375e-05
0.000120735
2.24474e-05
4.98231e-05
2.36592e-06
1.52779e-06
3.74117e-05
1.35325e-05
1.40387e-05
1.49117e-06
1.42984e-06
1.95242e-06
1.95499e-05
1.98244e-05
1.68259e-05
2.44883e-06
1.68474e-05
1.95668e-05
2.55754e-06
2.10453e-05
7.51308e-05
1.95175e-06
8.20471e-05
1.79077e-06
1.86588e-05
1.98261e-06
0.000243189
1.80251e-06
1.69057e-05
1.89962e-06
9.80638e-05
1.84485e-05
1.55191e-05
1.77164e-06
1.96371e-05
1.65518e-05
1.80354e-05
2.16638e-06
1.71475e-05
2.05401e-05
1.71848e-05
1.42866e-05
1.72395e-05
1.77732e-05
1.60721e-05
1.74081e-05
2.27972e-05
2.0182e-06
1.38438e-06
1.50079e-05
1.27246e-06
1.94741e-06
1.92861e-06
2.83228e-05
1.80528e-05
1.54066e-05
1.90095e-05
2.48625e-05
2.11547e-06
2.12496e-06
2.39979e-06
1.68219e-05
1.3491e-06
1.61833e-05
1.73686e-06
1.66428e-05
1.54588e-06
2.05141e-05
2.3011e-05
9.05523e-07
1.49518e-06
1.74679e-06
1.86929e-05
1.71569e-06
2.43229e-06
8.96485e-05
1.59182e-05
1.67285e-05
1.59621e-05
1.95913e-06
1.56397e-06
7.56964e-07
2.33184e-06
2.25081e-06
1.25481e-05
8.51152e-07
1.90325e-05
1.32982e-05
1.20435e-05
1.71229e-05
1.59569e-05
1.77581e-05
1.67299e-05
1.6893e-05
1.92024e-06
1.86721e-05
1.33919e-05
1.84893e-05
1.91262e-06
2.13497e-06
1.73895e-05
1.6175e-05
1.7015e-06
1.87028e-05
1.65615e-05
1.40448e-05
1.3702e-06
1.37739e-06
1.95728e-06
1.81794e-05
2.02963e-05
2.41483e-06
1.71805e-05
1.59958e-05
1.85783e-06
1.84696e-06
1.73226e-05
2.30858e-06
2.43092e-06
1.82379e-05
1.66907e-05
1.74138e-05
1.73625e-06
1.6139e-05
2.07417e-06
2.65355e-05
1.49969e-05
1.33709e-05
2.31976e-05
1.57807e-05
2.02347e-05
1.55205e-05
1.63463e-06
1.4936e-05
2.02046e-06
1.54739e-05
2.00471e-06
2.58199e-05
1.70873e-05
1.60152e-05
1.9404e-06
1.77369e-05
1.63301e-06
1.56853e-05
1.4495e-05
1.72938e-05
1.38871e-06
1.47254e-05
1.79584e-06
4.99207e-05
2.0906e-06
3.51037e-05
2.51535e-05
1.66356e-06
8.81717e-05
8.72773e-05
1.97119e-05
1.90988e-05
1.64554e-05
1.37396e-06
1.56502e-06
1.641e-05
2.57883e-05
1.45674e-05
1.59094e-05
2.21471e-05
1.62993e-06
1.53066e-05
1.62378e-05
1.45681e-05
3.33966e-05
1.37599e-06
1.54842e-05
1.7462e-05
1.50984e-06
1.98362e-05
8.84093e-05
1.46704e-05
2.23263e-05
2.35346e-06
1.46368e-06
1.54076e-05
1.46505e-05
1.35556e-05
1.79577e-06
1.41465e-05
1.66182e-06
1.61944e-05
1.73696e-06
1.3744e-06
1.85969e-05
1.58148e-06
1.46339e-05
0.000197699
1.55155e-05
2.103e-06
1.63585e-05
1.68414e-05
1.70786e-06
2.00296e-06
1.88403e-05
1.88806e-05
1.73104e-05
1.82931e-06
1.61792e-05
1.53526e-05
1.5889e-05
1.63535e-06
1.65378e-05
2.0579e-06
1.40937e-05
1.62226e-05
1.63351e-05
1.4501e-05
1.8638e-05
1.44089e-05
1.65661e-05
2.81192e-06
1.93907e-06
1.55497e-05
1.83769e-06
2.34946e-06
1.43494e-05
1.53464e-05
1.58668e-05
1.51824e-05
1.39672e-06
1.83899e-06
1.64121e-05
1.33926e-05
1.53645e-05
1.62947e-05
1.54328e-05
2.01612e-05
1.81088e-05
1.7835e-05
2.2384e-06
1.93467e-06
1.62884e-05
1.68241e-05
1.39567e-05
2.3286e-05
1.88919e-05
1.41044e-05
1.89824e-05
1.87765e-06
1.69292e-05
2.43821e-06
1.8177e-05
1.76349e-05
1.83267e-05
2.24423e-06
1.58198e-05
1.82633e-05
0.000213545
2.3241e-06
1.88609e-06
1.93981e-06
2.75857e-06
1.87901e-06
2.12916e-05
1.49057e-05
1.80859e-06
1.41033e-05
1.92387e-05
1.8569e-05
1.58095e-05
1.43713e-05
2.0652e-06
1.54939e-06
1.32124e-06
1.86684e-06
1.47824e-05
1.67225e-05
1.87696e-06
1.94009e-05
1.98457e-06
1.89336e-06
1.78935e-06
1.677e-06
1.93602e-05
2.04158e-06
1.54105e-05
1.79053e-05
2.08988e-05
1.53977e-06
1.8132e-06
1.71363e-05
2.05165e-05
1.86946e-06
2.01728e-05
1.29478e-05
1.78413e-06
1.824e-05
1.6891e-05
1.9843e-05
1.40745e-05
1.88659e-06
1.67288e-05
1.64636e-05
1.26585e-06
1.48608e-06
1.94716e-06
1.52698e-05
2.36311e-05
1.62943e-06
1.40146e-05
1.7457e-06
1.46395e-05
1.82784e-06
2.15042e-05
2.16285e-06
2.51063e-05
1.71176e-05
1.6106e-05
1.58484e-05
1.30839e-05
1.596e-05
0.000121174
4.56261e-05
1.40156e-05
2.25954e-06
1.87203e-05
2.23321e-06
1.6151e-06
2.26276e-05
7.44453e-05
9.88139e-07
1.73662e-05
2.01263e-05
1.79876e-05
1.7635e-05
1.77757e-06
1.6578e-05
8.17987e-05
2.50318e-06
1.6248e-05
1.36563e-05
7.7801e-05
1.88388e-06
1.55532e-05
1.84895e-06
1.98561e-06
1.43667e-06
1.85615e-06
2.06702e-05
1.48389e-05
1.85256e-05
1.69014e-05
1.59434e-05
1.94657e-06
1.44486e-05
2.00929e-06
1.43356e-05
1.91854e-06
1.79339e-06
2.31881e-05
2.0629e-06
1.95783e-05
1.68147e-05
1.93883e-05
2.27247e-05
1.63394e-05
1.79839e-06
1.56889e-06
2.04748e-06
1.40521e-05
2.31476e-06
2.0954e-06
1.36629e-05
2.24541e-06
2.10553e-05
2.4294e-06
1.53188e-05
2.48172e-06
1.96601e-05
1.39199e-05
0.000226961
1.60019e-06
1.33413e-05
0.00023402
3.06849e-05
1.654e-05
1.49376e-05
1.97279e-05
1.71357e-05
1.58905e-06
2.00443e-05
1.87544e-05
2.13604e-05
1.80249e-05
1.70014e-05
2.0809e-06
1.39997e-05
2.40168e-05
1.69645e-05
1.85762e-06
2.24805e-05
2.42157e-06
2.21375e-06
1.78972e-05
2.76382e-05
2.72186e-06
1.92805e-06
2.5195e-05
2.90401e-05
2.52293e-05
1.43112e-05
1.63241e-05
1.74679e-06
1.99747e-06
1.75312e-05
1.99658e-06
1.87554e-06
1.70088e-06
2.01376e-06
1.33141e-05
6.3806e-05
1.38123e-05
1.73681e-06
1.59106e-05
1.94477e-06
1.17703e-06
1.52568e-06
1.69697e-05
1.26057e-05
1.5314e-05
1.65609e-05
2.50943e-05
1.72403e-05
2.05199e-06
1.59035e-05
1.3965e-06
1.32963e-05
1.84096e-06
2.15574e-05
1.85976e-06
1.6229e-05
2.01764e-06
2.04356e-06
1.77426e-06
1.62902e-05
1.59663e-05
2.70296e-06
2.03943e-06
1.34612e-05
1.47082e-06
1.33488e-05
1.63497e-05
1.53468e-05
1.65547e-06
1.44924e-05
1.81235e-05
2.56113e-06
2.10808e-05
1.68091e-05
1.76788e-05
1.42993e-05
2.03772e-05
1.48945e-05
1.59125e-05
2.1401e-06
1.45124e-05
1.84365e-06
3.15222e-05
2.32157e-06
1.92713e-06
1.74198e-06
1.38553e-06
2.15767e-06
2.80106e-06
1.81035e-05
1.57481e-05
1.60384e-05
1.99269e-06
1.57979e-05
1.93883e-05
1.66809e-06
1.76779e-05
1.40213e-05
1.74989e-06
2.02763e-05
1.5647e-05
2.13647e-06
1.50553e-05
1.64841e-05
1.63695e-05
1.59855e-06
1.73064e-06
2.70562e-05
1.87296e-06
1.55928e-05
4.07022e-05
1.48352e-06
1.81351e-06
8.38441e-07
2.04356e-06
1.48166e-05
2.02505e-06
1.43918e-05
3.81926e-05
1.95847e-05
1.60518e-05
2.19317e-05
1.93547e-06
1.50768e-05
1.59562e-05
1.98671e-05
1.43689e-05
1.89206e-06
1.71717e-05
1.59145e-05
1.67935e-06
1.48854e-06
1.87084e-06
1.70031e-05
1.74746e-05
1.85805e-05
1.82552e-06
1.85715e-06
1.50577e-05
1.84739e-05
2.07571e-06
1.53021e-05
1.95164e-06
1.58027e-05
2.33372e-06
1.78101e-05
2.01892e-06
2.48159e-05
1.58826e-06
1.64334e-05
1.59777e-05
1.61674e-05
1.85173e-06
2.38337e-06
1.60821e-05
1.63587e-05
2.25122e-06
1.67934e-05
1.03006e-06
2.24724e-05
2.08062e-05
1.9928e-05
1.86135e-05
1.87841e-05
1.53409e-05
4.04692e-05
1.87259e-06
2.32795e-06
1.7942e-05
1.3868e-06
1.77406e-06
2.21967e-06
1.68784e-05
1.58143e-06
0.00032979
1.86579e-06
1.80633e-06
1.26313e-06
1.8033e-05
2.1245e-05
1.59925e-05
1.71134e-05
4.18438e-05
1.6742e-06
1.15583e-06
1.69009e-06
3.64839e-05
1.50172e-05
1.62061e-06
1.57649e-05
3.12378e-05
1.02966e-06
2.16088e-06
1.69981e-05
1.59518e-05
2.84791e-06
2.31225e-06
3.00778e-06
2.17448e-06
1.95306e-05
1.95907e-05
2.37264e-05
1.56292e-05
2.87528e-05
1.69324e-06
1.90605e-05
2.22694e-05
1.79384e-06
2.49062e-06
1.64667e-06
2.27446e-06
3.2199e-05
1.92039e-06
1.91882e-05
2.65467e-05
4.46789e-05
3.78897e-05
1.94219e-05
2.05508e-06
1.73698e-05
3.2652e-05
1.49058e-05
1.55195e-05
1.66257e-05
0.00014947
2.00859e-05
1.46011e-05
1.44775e-05
1.9283e-06
1.68216e-05
1.91113e-06
1.83635e-06
1.7969e-06
2.10567e-06
2.14167e-05
1.58493e-05
2.44247e-06
1.47302e-05
1.85898e-05
1.86481e-06
1.61493e-05
1.57133e-05
2.05222e-05
1.80467e-06
1.68369e-05
1.88869e-06
2.17102e-05
1.4328e-06
1.94311e-06
1.42531e-06
1.42153e-06
1.85202e-05
1.98888e-05
1.61858e-05
1.77361e-06
1.63106e-05
1.59953e-06
1.86732e-06
1.78712e-05
1.50444e-05
1.75294e-05
1.94062e-06
1.87777e-05
2.21725e-06
5.15474e-05
1.96102e-05
2.35516e-05
1.5565e-05
1.72625e-06
1.41041e-05
2.00644e-05
2.09905e-06
1.8454e-06
2.05735e-06
1.9725e-06
2.14738e-05
1.75714e-06
1.70127e-06
2.05828e-06
1.94456e-05
1.83064e-06
1.92853e-06
1.67095e-06
1.77482e-06
2.03494e-05
1.78369e-05
0.000339763
1.60702e-05
1.49049e-05
1.64727e-05
1.64446e-05
1.57441e-06
1.5248e-06
1.66617e-06
1.59793e-05
2.6561e-06
1.57735e-05
2.09779e-05
2.14988e-06
1.55364e-05
2.18824e-06
2.14733e-05
1.93639e-06
2.06236e-06
2.13136e-06
2.50572e-05
1.88366e-05
1.71358e-06
2.054e-05
1.75651e-06
1.50625e-06
3.01282e-05
4.03106e-05
1.9789e-06
2.8879e-05
2.17254e-05
2.52137e-06
2.08972e-05
1.657e-05
1.67786e-05
1.73205e-06
1.90684e-06
1.50375e-06
1.68434e-05
1.29189e-05
1.93563e-06
1.47168e-05
1.70229e-05
1.90592e-06
1.78315e-06
1.30606e-05
1.49505e-05
2.1609e-05
1.59447e-06
1.64589e-05
1.82871e-05
1.93364e-05
1.60608e-05
1.4306e-06
1.72659e-05
1.20649e-06
1.59612e-05
1.32951e-05
1.60888e-05
1.62631e-05
1.84113e-05
1.63595e-05
1.68063e-05
1.96476e-06
1.66062e-05
1.43096e-05
2.11692e-06
1.90643e-05
1.69276e-05
1.63773e-05
7.5304e-07
1.94498e-06
1.71679e-06
1.50086e-05
1.45355e-05
1.93782e-06
1.64997e-05
1.7394e-06
1.56997e-05
1.85567e-05
0.00030422
2.16455e-05
1.66852e-05
1.68877e-05
1.90272e-05
1.89272e-06
1.64894e-05
1.60377e-05
2.05523e-06
1.83089e-05
1.64804e-05
1.71538e-05
2.18944e-06
2.64314e-06
1.52759e-05
1.65566e-05
1.78112e-05
1.4374e-05
2.53191e-05
1.277e-05
1.95019e-05
1.45567e-05
1.83766e-05
2.27621e-05
2.00587e-05
1.68903e-05
1.94759e-06
1.50906e-05
1.63124e-05
1.45702e-06
1.79612e-06
1.84279e-06
1.58576e-05
1.3271e-05
1.77785e-06
1.70581e-05
1.63298e-05
1.34987e-05
1.57818e-06
1.62327e-06
1.70541e-06
2.11936e-06
1.67077e-05
1.32707e-05
1.53222e-06
1.78962e-06
1.63476e-05
1.47445e-05
1.68826e-06
1.198e-06
2.17013e-06
1.67983e-05
2.06851e-06
1.57519e-05
1.86969e-05
1.86786e-05
2.07344e-06
2.14756e-05
1.90348e-06
1.7821e-05
2.17484e-06
1.57096e-06
1.69537e-05
1.85993e-06
1.67991e-05
1.75014e-05
0.000299528
0.000331643
1.6777e-05
1.45436e-05
1.96241e-05
1.93086e-05
2.42406e-05
2.21508e-06
1.81953e-05
1.17284e-06
2.53848e-06
1.65461e-05
1.02329e-06
1.77257e-06
2.01e-05
2.11106e-05
1.08162e-06
0.000139292
1.77033e-06
2.09147e-05
0.000330327
1.43044e-05
2.07709e-06
2.13677e-05
2.05991e-05
2.27956e-05
1.81654e-05
1.64874e-06
1.90873e-06
2.05747e-05
1.79184e-05
1.61412e-06
1.5346e-06
1.71099e-06
1.81423e-06
1.22715e-05
1.94486e-05
1.97365e-06
1.4681e-05
1.73001e-05
1.66364e-05
2.21974e-05
1.63321e-05
2.2484e-05
2.17242e-06
2.05856e-05
1.75681e-06
1.70718e-05
1.90017e-06
2.15115e-05
2.23375e-05
1.59945e-05
1.52108e-05
1.41008e-05
1.68806e-06
1.76249e-06
2.06799e-06
1.92532e-06
1.68932e-06
1.70751e-05
1.41406e-05
3.5187e-05
1.69163e-05
1.48876e-06
4.1605e-05
1.84683e-06
1.58103e-05
2.162e-06
1.76661e-06
1.76383e-06
1.84798e-05
3.05766e-05
3.03371e-05
1.90586e-05
1.51506e-05
1.60052e-06
1.98755e-06
1.63719e-06
2.03999e-06
1.62866e-05
1.74396e-05
1.56564e-06
1.5374e-05
2.16897e-06
6.82088e-05
2.76662e-05
4.74087e-05
1.9012e-06
1.41739e-05
1.61628e-05
1.77068e-06
1.43858e-05
1.5544e-05
1.56359e-05
9.03411e-07
1.77739e-05
1.46803e-06
5.1208e-05
1.08553e-05
1.98825e-06
1.53242e-06
1.42717e-05
1.83511e-06
1.65814e-05
1.24574e-06
1.63838e-06
2.59537e-05
0.000306204
2.43742e-05
5.17018e-05
1.62944e-06
1.73409e-06
1.87303e-05
1.83824e-05
4.70605e-05
1.49234e-05
9.69575e-07
2.69327e-05
1.86055e-06
1.62072e-06
0.000309321
0.000168536
1.90295e-06
1.51327e-06
2.01366e-06
1.64578e-06
1.66412e-05
2.2333e-06
1.65026e-06
1.7185e-06
3.64121e-05
1.74162e-06
1.67182e-05
1.92144e-06
1.95584e-06
4.49965e-05
0.000327306
2.47387e-06
1.94696e-06
1.96429e-05
2.03698e-05
1.44498e-06
1.61976e-06
1.93557e-05
1.78343e-05
2.03138e-05
1.55186e-05
1.70878e-05
1.8776e-05
1.62885e-05
1.57626e-05
1.617e-05
1.90757e-06
1.66874e-06
1.60413e-05
1.37814e-05
1.6843e-06
1.7893e-06
1.81061e-06
1.54359e-05
2.20631e-05
1.60321e-05
1.80487e-05
1.853e-06
1.51129e-05
1.61668e-06
2.07487e-06
1.65488e-05
1.48975e-06
1.47005e-05
1.65407e-05
1.9766e-05
1.81154e-05
1.4624e-05
1.84172e-06
1.78973e-05
1.45152e-06
1.69751e-05
2.1716e-06
1.71594e-05
1.70364e-06
1.53441e-05
2.27629e-06
1.96929e-06
2.19507e-06
2.48252e-06
2.06122e-05
2.12814e-06
1.52588e-05
1.86602e-05
9.45745e-07
1.56214e-06
1.67153e-06
1.82777e-05
1.8e-05
1.49862e-06
1.5885e-05
1.5541e-05
1.62942e-06
1.55368e-05
1.58377e-06
2.0008e-06
2.49693e-05
2.09521e-05
2.0688e-06
1.58485e-05
1.61147e-05
2.23639e-06
1.83203e-05
2.22818e-05
1.70612e-05
1.56043e-06
2.30673e-05
1.44168e-05
1.78437e-05
1.48089e-05
1.73277e-05
4.4191e-05
1.85163e-06
7.32985e-05
2.11022e-05
2.77679e-06
2.60304e-05
3.49749e-05
2.37726e-05
1.54285e-05
2.30844e-05
2.05e-05
1.95459e-05
1.82792e-05
1.84954e-05
1.77731e-05
1.88012e-06
1.69483e-05
1.85364e-06
2.29766e-05
1.92486e-06
1.61803e-05
2.20449e-05
1.77458e-05
1.33664e-05
1.80424e-05
2.06381e-06
1.85326e-05
1.7255e-06
1.70505e-05
1.75663e-06
1.09606e-06
1.82842e-05
1.87981e-05
1.84428e-06
1.4569e-05
1.45624e-06
1.80444e-05
2.17818e-06
1.70433e-06
1.89031e-05
1.54627e-06
1.36458e-05
2.20667e-06
1.57351e-06
2.13066e-06
1.58774e-05
1.61315e-05
1.57493e-05
2.26311e-05
1.83379e-06
1.52509e-05
2.08665e-06
1.58539e-05
1.72748e-05
1.77606e-05
1.84384e-06
1.78547e-06
2.73222e-06
1.56948e-05
1.74903e-05
2.37237e-06
2.50573e-06
1.53017e-05
2.40854e-05
1.63712e-05
1.64234e-05
1.71839e-05
3.59893e-05
1.82233e-06
1.52687e-06
1.71806e-05
1.72904e-06
2.06911e-05
1.68925e-06
2.35097e-06
2.47025e-06
1.72557e-05
1.83121e-06
2.09925e-06
1.67013e-06
1.81636e-06
1.39344e-05
1.42423e-05
1.74841e-06
1.56473e-05
2.09539e-06
1.1389e-06
2.03639e-06
2.42618e-05
1.93434e-06
2.09293e-06
2.13481e-06
1.45776e-05
1.68118e-06
1.47303e-05
1.49702e-05
1.87404e-06
1.67336e-05
1.63571e-05
1.33944e-05
1.59839e-05
1.43382e-06
2.89194e-06
1.76264e-06
1.47008e-06
1.65436e-06
1.41905e-06
1.48734e-06
1.56465e-06
1.67309e-05
2.16779e-06
1.66868e-05
1.92023e-05
1.40712e-05
1.44747e-05
1.55984e-06
1.62902e-06
1.84511e-06
1.51733e-05
1.63916e-05
1.40513e-06
1.80144e-05
1.51275e-06
1.99044e-06
1.73238e-06
2.18389e-06
2.74199e-05
1.65804e-05
1.52899e-05
1.97967e-06
1.86677e-05
2.5583e-05
1.57737e-05
2.02998e-05
1.80767e-06
1.84236e-05
1.85499e-06
1.63655e-05
1.89305e-06
1.54811e-05
1.86728e-05
2.35621e-06
1.7049e-05
2.21972e-06
1.73859e-05
2.4639e-06
7.2622e-05
2.4459e-05
2.11472e-05
1.86179e-05
2.21187e-06
1.64056e-06
2.24675e-06
1.97402e-05
2.05363e-05
1.89469e-06
1.80385e-06
1.86374e-06
1.5864e-05
1.87592e-06
1.50874e-05
1.86398e-06
1.80206e-06
1.76802e-06
1.83035e-05
1.80456e-05
1.80988e-06
1.62627e-05
1.92947e-05
1.71541e-06
1.80272e-05
1.80566e-06
1.49144e-05
2.57598e-06
1.81322e-06
1.67441e-05
1.44772e-05
1.72797e-05
1.70049e-05
2.29068e-06
2.62112e-05
2.63795e-06
2.21398e-05
1.92708e-05
1.62724e-05
1.82895e-06
2.11038e-06
2.26301e-06
1.47232e-05
1.41803e-06
1.97685e-06
1.4242e-06
1.75478e-06
1.60272e-05
1.31469e-06
1.82063e-05
1.78533e-05
1.93529e-05
1.70773e-06
1.4951e-06
1.21098e-05
1.41051e-05
2.11894e-06
1.54009e-05
2.0449e-06
1.84988e-05
2.05611e-06
1.98243e-06
1.60242e-06
1.51322e-06
1.68001e-05
2.02485e-06
1.99337e-06
2.05995e-06
3.52139e-05
1.97323e-06
1.95302e-06
1.41375e-05
1.99961e-06
2.53061e-05
1.93892e-05
1.53459e-05
1.53412e-05
1.40149e-05
1.68198e-06
1.99941e-06
1.82727e-06
2.18529e-05
2.62937e-06
1.81295e-05
1.67796e-06
1.58681e-05
1.54254e-05
1.90224e-06
1.69445e-06
2.06094e-06
1.55002e-05
1.51696e-05
1.57588e-05
4.32489e-05
2.02447e-05
1.5801e-05
1.903e-06
2.07295e-05
2.18009e-05
1.93169e-06
1.72292e-05
1.70938e-05
1.54837e-06
1.66602e-05
2.65348e-05
1.51355e-05
0.000243272
1.58241e-05
1.89833e-06
1.17633e-05
1.5607e-05
2.02332e-06
2.05666e-05
2.13797e-06
2.25621e-06
2.00219e-06
1.40117e-06
1.94842e-06
1.48926e-06
1.58598e-05
1.36148e-05
2.09657e-06
1.22265e-06
3.78925e-05
1.99253e-06
4.65462e-05
1.83044e-06
3.77261e-05
2.08367e-06
1.89781e-06
1.70146e-05
1.95262e-06
1.90247e-06
1.57615e-06
1.59213e-05
1.57461e-05
1.71093e-06
1.44654e-05
1.63584e-06
2.07116e-05
1.82048e-06
1.74958e-06
2.17952e-06
1.59142e-05
2.12495e-05
2.04623e-05
5.03628e-05
1.70627e-05
1.65046e-05
1.76857e-06
1.95166e-06
1.02841e-06
2.26365e-05
1.95141e-06
1.86001e-06
1.74419e-05
1.64857e-05
1.47056e-05
1.96704e-06
2.11033e-05
6.70569e-05
2.53143e-06
1.72729e-05
1.58008e-05
1.93006e-05
1.54261e-05
1.85144e-05
1.45412e-05
1.54088e-05
1.70364e-06
1.39071e-05
1.5031e-05
1.5526e-05
1.27661e-05
1.49848e-06
2.40324e-06
1.65436e-06
2.22883e-06
2.11443e-06
1.70891e-05
1.48307e-05
1.59704e-06
0.000338514
1.48687e-06
0.000223356
1.42167e-06
1.39771e-05
1.40552e-05
1.62699e-05
1.26891e-05
2.33842e-06
0.000228938
2.1087e-06
1.50992e-06
2.06436e-06
2.03337e-06
1.71088e-05
1.6851e-05
2.1735e-06
1.48542e-06
0.000257942
1.74411e-06
1.86277e-06
1.50391e-05
1.76447e-06
1.45468e-05
2.05182e-06
1.48959e-05
1.69927e-06
1.5892e-05
1.26671e-05
1.57411e-05
1.88304e-06
1.5492e-05
1.59681e-05
2.00646e-05
1.49514e-06
1.36365e-06
1.99693e-05
1.53167e-05
1.49467e-06
1.39972e-05
1.75975e-05
1.57031e-05
1.91094e-06
1.71644e-05
1.68023e-05
1.37299e-05
1.6305e-05
2.60974e-06
1.45558e-06
1.70428e-05
1.78563e-06
1.80526e-05
1.8128e-05
1.6977e-05
1.19874e-05
1.68288e-06
1.60864e-06
2.01758e-05
1.51241e-06
1.65321e-05
2.00389e-06
2.01527e-06
1.85138e-06
1.95452e-06
1.65343e-06
1.78692e-06
2.12786e-06
1.75958e-05
2.10516e-06
2.02835e-06
1.58607e-05
1.43676e-05
2.01403e-06
5.31709e-05
1.38992e-05
2.71012e-06
1.60984e-06
2.70238e-06
1.93523e-06
1.59153e-06
2.01407e-06
1.4465e-06
1.69949e-06
2.75302e-05
1.9593e-06
1.7764e-06
1.74648e-06
2.17993e-06
1.54153e-05
1.56864e-05
1.57999e-06
1.57263e-05
1.88252e-06
1.79394e-06
2.09993e-06
1.75198e-05
1.39292e-05
1.44262e-06
1.40047e-05
1.60723e-05
1.70869e-06
1.7691e-05
1.84139e-06
2.2678e-06
7.72676e-05
1.77217e-06
1.52075e-05
2.23934e-06
1.98249e-06
1.41483e-06
1.90526e-05
1.40126e-06
2.72262e-06
1.64086e-05
1.93906e-05
2.64705e-06
2.43912e-06
1.44441e-06
1.96401e-05
1.72626e-05
2.14235e-05
1.64456e-05
1.47866e-05
1.736e-05
2.02996e-06
2.12767e-05
1.91062e-06
1.78664e-05
1.60894e-06
1.66992e-05
2.03995e-06
1.5779e-05
1.43965e-06
1.82394e-06
2.10698e-06
1.66177e-06
1.84548e-05
1.97915e-06
2.01458e-05
1.404e-06
1.46712e-06
1.94812e-06
1.73279e-06
1.44515e-05
2.36665e-06
1.93035e-06
1.3622e-06
1.55085e-05
1.76722e-05
2.00175e-06
1.70915e-06
2.01065e-06
2.00089e-06
1.64911e-06
1.87307e-05
1.68415e-05
1.51535e-06
1.60314e-05
2.18049e-06
1.59057e-06
1.73085e-06
1.90596e-06
2.09825e-06
1.94304e-06
1.86211e-05
1.67864e-05
1.80826e-06
1.76388e-06
1.93648e-05
2.12805e-06
1.68883e-05
2.16783e-06
1.63893e-06
2.63304e-06
1.91207e-06
2.34908e-05
1.75485e-06
1.01801e-06
1.83948e-06
2.06128e-06
1.85172e-05
1.93892e-05
1.52942e-05
1.89016e-06
1.64467e-06
2.64254e-06
1.47157e-06
1.90737e-05
1.90338e-06
1.55966e-05
1.95287e-06
1.39061e-06
1.91817e-05
2.56872e-06
1.5334e-05
2.69554e-06
1.79587e-05
2.62431e-06
1.70644e-06
1.6998e-05
2.02322e-05
1.78484e-05
1.35662e-05
1.21349e-05
1.80097e-06
1.52325e-05
1.61245e-06
2.06721e-05
2.07794e-05
1.87604e-05
1.76872e-05
2.36541e-06
1.53032e-05
2.31222e-06
2.7801e-06
1.6664e-06
1.43612e-05
1.51748e-05
1.34298e-05
1.455e-06
2.1269e-06
1.58055e-05
1.45221e-05
1.85927e-05
6.66972e-05
2.29597e-06
1.99257e-05
2.32724e-06
2.32557e-06
1.70487e-06
1.73157e-05
1.60558e-06
1.87824e-06
1.736e-05
2.35959e-05
2.96064e-05
2.62724e-05
1.5855e-06
1.43761e-05
1.13187e-06
1.57406e-06
2.07829e-06
1.65597e-06
2.73711e-05
2.13954e-05
1.43973e-06
1.48555e-05
1.45061e-05
1.46085e-05
1.57921e-06
2.14897e-05
1.65363e-05
1.86936e-05
2.18351e-06
2.00763e-05
1.42955e-05
1.92733e-06
1.95876e-06
1.80903e-06
1.87694e-05
1.56288e-05
1.50799e-05
1.86001e-05
1.92406e-06
2.01188e-05
2.06367e-05
1.46068e-05
1.74481e-06
1.66425e-05
1.4067e-05
1.9023e-06
1.72169e-05
1.98672e-06
1.64622e-05
1.6852e-05
1.81301e-06
2.01866e-06
1.64527e-05
1.84408e-06
1.72975e-06
1.89106e-06
1.78137e-05
1.63311e-05
1.45649e-05
1.84555e-06
1.60388e-05
1.63254e-06
1.29078e-05
1.89959e-05
2.01275e-06
1.73622e-06
2.08453e-06
2.1971e-06
1.65073e-05
1.61784e-05
1.63145e-06
1.58394e-05
1.4816e-05
1.69893e-05
1.89113e-06
1.94568e-05
2.1711e-06
1.46617e-05
1.32591e-06
1.81423e-05
1.64729e-05
1.59115e-05
1.87966e-06
1.43596e-05
1.72632e-05
2.08506e-05
2.18562e-06
1.68975e-06
1.53412e-05
1.86665e-05
1.63001e-06
2.10102e-05
1.75763e-05
1.99042e-06
1.84575e-06
2.41329e-05
2.07389e-06
2.06144e-06
1.97515e-05
1.70485e-06
1.48227e-05
1.66395e-06
1.95362e-05
1.38901e-06
1.96082e-06
4.34602e-05
1.97348e-06
1.77035e-05
1.86747e-05
5.14426e-05
1.94129e-05
1.64697e-06
1.51708e-05
1.97094e-06
3.11768e-06
1.57573e-05
1.75714e-06
2.0512e-06
1.76684e-06
2.31556e-06
1.52737e-06
1.87544e-05
1.65242e-06
2.08266e-06
1.3617e-05
1.59219e-05
1.8249e-05
1.61144e-05
1.86457e-05
2.71781e-06
2.07112e-06
1.81005e-06
1.48116e-05
1.8859e-05
2.2726e-06
1.80969e-05
2.03283e-06
1.73472e-05
1.91315e-05
2.0688e-06
1.62047e-06
2.0147e-06
1.78483e-06
1.72456e-06
1.9478e-05
2.12018e-06
2.22651e-06
2.07925e-06
1.47793e-06
2.29901e-06
1.60386e-06
2.05863e-06
1.65803e-05
1.6243e-05
3.57888e-05
1.9326e-06
1.35404e-06
1.31187e-06
1.37224e-06
1.46673e-05
9.70125e-07
1.52572e-05
1.67958e-05
1.63812e-05
1.41746e-05
1.53327e-05
1.58668e-05
1.34207e-05
1.8601e-06
1.96366e-06
1.84445e-06
1.89485e-06
1.68312e-06
2.07419e-06
1.92327e-06
1.68649e-06
1.79791e-06
1.25143e-05
1.40977e-05
1.5596e-05
1.85294e-06
1.84547e-05
1.58148e-05
2.44549e-06
1.52909e-05
2.07961e-06
2.10785e-06
1.33115e-05
2.24302e-06
1.99173e-06
1.61102e-05
1.55294e-06
1.88778e-05
1.48919e-05
1.96696e-05
1.98431e-06
2.0134e-06
1.99083e-06
2.11034e-06
2.00084e-05
1.6362e-05
2.20959e-06
1.71008e-05
0.000108433
1.80427e-06
1.46396e-05
1.80614e-06
2.12017e-05
2.07042e-05
1.53091e-06
1.12964e-05
1.35661e-05
1.94116e-05
1.07985e-06
2.06435e-06
2.2992e-05
1.83704e-06
2.01243e-06
1.87912e-06
1.47478e-06
1.85743e-06
1.74892e-06
1.88432e-06
2.04278e-06
1.82652e-06
1.64734e-05
2.84455e-05
1.66731e-05
1.63051e-06
2.05175e-05
1.87118e-05
2.08841e-05
2.11234e-05
1.70585e-05
1.66006e-05
1.66966e-05
2.20438e-05
1.63111e-05
2.16706e-05
2.5398e-05
2.33011e-06
2.07356e-06
1.31494e-05
1.75996e-06
2.51635e-05
1.99418e-06
1.52473e-06
1.59142e-05
1.87173e-06
1.88291e-06
2.39978e-06
1.88342e-05
1.79764e-06
1.80913e-06
1.18164e-06
1.87915e-06
1.57973e-05
1.48237e-05
1.79393e-05
2.46223e-06
1.49513e-05
1.91785e-05
1.75104e-06
2.00808e-06
1.80148e-05
1.16975e-06
2.1589e-06
1.64971e-05
1.53057e-06
1.60287e-05
1.64813e-05
1.61287e-05
2.38236e-05
1.7483e-06
1.39785e-05
1.58059e-05
1.82748e-06
1.67081e-05
1.58629e-05
1.55255e-05
1.73315e-05
1.54787e-05
1.88323e-05
1.53808e-05
1.41529e-05
1.54415e-05
1.31017e-06
1.77101e-06
1.5034e-06
1.78826e-05
1.7215e-06
1.1542e-06
1.53122e-05
2.64874e-05
4.03562e-05
1.7315e-06
1.65364e-06
1.79105e-05
2.60839e-05
2.29207e-06
1.62761e-05
1.64738e-05
1.56556e-06
1.62306e-05
1.5898e-05
1.55495e-05
1.55158e-05
1.7129e-06
1.35489e-05
2.43899e-06
1.84128e-06
1.59206e-05
1.75088e-06
1.55471e-05
1.59163e-05
1.8847e-05
1.8595e-06
1.8861e-05
1.71821e-06
1.99743e-05
1.56156e-06
2.0178e-06
1.71506e-06
1.86564e-06
2.31715e-06
1.45077e-05
1.76253e-05
1.48285e-05
2.14537e-06
2.00838e-06
1.8727e-05
1.45202e-05
1.54079e-05
1.63306e-05
1.89551e-06
1.59144e-05
1.9768e-05
1.74389e-05
1.83904e-05
1.83668e-05
2.08378e-05
1.55611e-05
1.74996e-06
2.42434e-05
2.19772e-06
1.96295e-05
7.47472e-05
2.20427e-06
1.75608e-06
1.44792e-05
1.93052e-05
1.78752e-06
1.83056e-06
1.41192e-05
1.68762e-06
1.32105e-05
1.68015e-06
1.53184e-05
7.47334e-05
1.87007e-06
5.06858e-05
2.21627e-05
1.87507e-06
4.04887e-05
1.60765e-06
1.82544e-06
4.78206e-05
1.67521e-05
2.52759e-06
1.57328e-05
0.000339307
2.47495e-06
2.97617e-05
2.53934e-05
7.24712e-05
2.18152e-05
2.12154e-05
1.04276e-06
1.91801e-05
1.67563e-05
1.70235e-05
2.1937e-05
2.23573e-05
2.04443e-05
2.68118e-05
1.25002e-06
1.38172e-06
2.27824e-05
2.39218e-05
2.33867e-06
2.05883e-06
1.48468e-06
1.49828e-05
1.87635e-05
2.06253e-05
1.85208e-05
1.93538e-06
1.58407e-05
1.76605e-05
2.01377e-05
1.91912e-06
1.41352e-06
1.43594e-05
2.2619e-06
1.62254e-06
2.08944e-06
1.6603e-05
1.86619e-06
1.77094e-06
2.28572e-06
1.59972e-05
2.14284e-05
0.000212825
2.33278e-05
1.34614e-05
1.1219e-06
1.39233e-05
1.48161e-06
1.49329e-05
1.40039e-05
1.42632e-05
1.8949e-06
1.38796e-05
1.73253e-06
1.47159e-06
1.874e-06
1.58712e-06
1.39776e-06
1.38958e-06
1.60375e-05
1.54444e-05
1.85813e-06
1.89599e-06
2.18077e-06
1.41515e-05
1.61641e-05
1.41929e-05
1.61313e-06
2.01959e-06
1.69014e-06
1.91317e-05
2.01805e-06
1.34875e-05
1.95902e-06
1.60195e-05
1.628e-05
1.88632e-05
2.12344e-06
1.6292e-05
2.06401e-06
1.60156e-05
1.65167e-05
2.36133e-06
1.65743e-05
1.56392e-05
2.11017e-05
1.63414e-05
1.60728e-06
2.15078e-06
1.41922e-06
1.79881e-06
1.83735e-05
1.8737e-06
1.99392e-06
2.03412e-06
2.04279e-06
2.53982e-05
1.86233e-06
1.9528e-06
2.52608e-06
1.54884e-05
1.69196e-06
1.75183e-05
1.81888e-06
1.61035e-05
1.84064e-05
1.49576e-05
2.9036e-05
1.89669e-06
0.000141133
2.77747e-05
1.82778e-05
1.85286e-06
4.40004e-05
2.0079e-06
1.54389e-05
2.11945e-05
1.58856e-05
1.77414e-06
1.65767e-05
1.89898e-06
1.99916e-06
2.50915e-06
2.38573e-05
1.66432e-05
1.67165e-05
1.74471e-05
1.76764e-05
1.72862e-05
1.89607e-06
2.22202e-06
1.39957e-05
1.84346e-05
1.92965e-06
1.85475e-06
2.20445e-05
1.38328e-05
1.47602e-05
1.48022e-05
1.5441e-05
1.46419e-06
1.71385e-06
1.30097e-05
1.71412e-06
1.7619e-06
1.58995e-05
1.93148e-06
1.53678e-05
1.49102e-05
1.78007e-06
1.70115e-05
1.63291e-05
1.93585e-06
1.70795e-06
2.05283e-06
1.64273e-05
1.48485e-05
1.53628e-05
1.29393e-05
1.87237e-05
1.57596e-06
2.05927e-06
1.47576e-05
1.63449e-05
2.0975e-06
1.6424e-06
1.60676e-05
1.54566e-06
1.8049e-05
1.40694e-05
1.57238e-05
1.5824e-06
1.63469e-05
2.19871e-05
1.64915e-05
1.25033e-05
1.84297e-05
1.49045e-06
1.53731e-05
2.40983e-05
2.0442e-05
1.98524e-06
2.02133e-05
2.10255e-05
1.69913e-05
1.54277e-05
1.37409e-06
2.08747e-06
1.40433e-05
1.99784e-06
3.24288e-05
1.50269e-06
2.55241e-05
1.51617e-05
1.386e-05
1.67871e-05
2.72717e-06
1.62368e-06
1.49075e-05
3.53137e-05
2.16291e-05
1.97586e-06
2.82799e-05
1.85284e-05
1.60983e-06
1.42354e-05
1.87915e-05
1.65441e-05
2.29818e-06
1.87456e-05
1.46833e-05
2.56307e-06
1.43211e-05
1.88533e-05
1.95797e-06
1.86884e-06
1.75769e-05
2.03521e-06
1.61749e-05
1.57549e-06
1.98655e-06
2.08354e-05
1.68605e-06
1.75835e-05
2.02724e-05
1.55053e-05
1.86565e-05
1.70372e-06
1.92184e-06
1.8452e-05
2.16405e-05
1.91246e-05
2.1042e-05
1.86927e-05
1.73845e-05
1.76421e-05
1.88856e-05
1.632e-06
1.71961e-06
1.74497e-06
1.62504e-05
1.64313e-05
1.58299e-06
2.06023e-06
1.88759e-06
2.40769e-05
1.50093e-06
2.01962e-06
3.53043e-05
2.01588e-06
1.90276e-06
1.7802e-06
2.32897e-05
2.02007e-05
2.3006e-06
2.05351e-06
1.93228e-06
1.61604e-06
1.72217e-06
1.71511e-06
2.65581e-05
1.89762e-05
2.47188e-06
2.05253e-05
2.13091e-05
1.9538e-05
1.53112e-05
1.46378e-06
1.87739e-06
1.71338e-06
1.46206e-06
1.93505e-05
2.30709e-06
1.80227e-05
2.19857e-05
1.60192e-05
2.33775e-05
1.51765e-06
2.37411e-05
1.68888e-06
2.28016e-05
2.05185e-06
3.18673e-05
1.91879e-06
1.81672e-06
1.9313e-06
1.42432e-06
1.67531e-06
1.21716e-05
2.53001e-06
1.43553e-05
1.35749e-05
1.63263e-05
1.4946e-06
2.99916e-05
1.41914e-05
1.97065e-06
2.03405e-06
4.10804e-05
1.59405e-06
1.84883e-06
1.79396e-06
1.63915e-06
2.259e-06
1.44043e-05
1.69463e-05
1.21941e-05
2.02687e-05
1.73593e-06
1.93416e-06
1.74288e-06
1.60965e-06
1.82036e-06
2.02795e-06
2.06276e-06
1.33592e-06
1.88019e-05
1.98632e-06
1.75781e-06
1.43242e-06
5.29422e-05
1.86363e-06
1.87538e-05
1.70772e-06
1.51323e-05
1.27925e-06
1.57453e-05
1.91917e-06
1.55663e-05
1.74744e-06
1.80785e-06
1.4555e-05
2.25676e-06
3.80779e-05
2.36979e-06
1.41033e-06
2.3592e-06
1.69237e-05
2.03246e-06
2.2453e-06
1.73498e-06
1.64943e-05
1.67291e-05
1.64018e-06
1.89604e-06
1.7341e-06
2.29881e-05
2.52668e-05
1.90443e-06
1.25288e-06
1.7349e-05
1.86213e-05
1.40935e-05
2.4548e-05
1.78715e-06
1.45373e-06
1.79885e-05
1.17428e-06
1.97929e-05
2.00883e-06
1.71841e-05
1.52534e-05
1.54361e-05
1.84255e-05
1.80568e-06
1.7464e-05
1.52438e-05
1.74706e-06
1.55671e-06
1.79982e-05
2.22777e-05
1.7793e-05
1.67171e-05
2.24321e-05
1.6209e-05
1.99758e-06
1.68829e-06
1.61904e-05
1.02385e-06
1.7367e-05
1.77319e-06
1.5993e-05
4.1675e-05
1.5591e-05
1.66147e-06
1.45015e-06
1.95135e-05
1.77864e-06
1.62314e-05
1.99146e-06
1.40593e-05
1.5823e-06
1.49681e-06
1.67956e-06
2.76264e-05
2.05251e-06
1.50037e-06
1.41551e-05
1.71294e-06
2.11742e-06
7.90663e-07
1.75424e-06
1.45561e-06
1.98666e-06
1.45216e-05
2.08497e-06
1.59465e-05
1.59527e-05
1.55581e-05
2.05428e-06
1.73153e-06
1.63742e-06
1.93791e-05
1.64921e-06
1.47435e-06
2.03777e-05
1.63717e-05
1.90985e-06
1.81038e-06
1.62215e-05
1.90227e-05
1.5697e-05
1.57493e-06
1.46149e-05
1.40603e-05
1.41231e-05
1.23305e-05
1.62314e-05
1.71245e-06
1.79667e-05
1.77093e-06
1.94269e-05
2.07741e-06
1.75594e-06
1.96701e-05
1.63309e-05
2.1874e-05
1.67754e-06
1.91714e-06
1.92447e-05
1.96553e-05
1.75976e-06
1.48554e-05
4.11067e-05
1.72856e-06
1.50922e-05
1.90126e-06
1.64559e-05
1.60788e-06
1.95696e-05
1.40571e-05
1.65372e-06
2.13098e-06
2.11275e-06
1.53614e-06
1.79062e-05
2.05491e-05
1.97054e-06
1.80091e-05
2.068e-06
1.99982e-05
1.67992e-06
1.82244e-06
1.56712e-06
1.49792e-06
1.95883e-05
1.60239e-06
1.62377e-05
1.55428e-06
1.62362e-05
1.80461e-06
1.51863e-06
1.86088e-05
1.75254e-05
1.64063e-05
1.71288e-05
1.40894e-05
1.49955e-05
1.88151e-06
1.53492e-06
1.94963e-06
1.80148e-05
1.7628e-06
1.16268e-06
1.89445e-05
1.49626e-05
1.20217e-06
2.01351e-06
2.13773e-05
1.72162e-05
2.20029e-06
1.53714e-05
1.77553e-06
1.8721e-06
1.69447e-05
1.24269e-05
1.45875e-05
1.66423e-05
1.81527e-06
1.974e-06
1.40157e-05
2.11615e-05
1.44289e-06
1.52895e-06
1.43536e-05
1.61228e-05
3.14996e-06
1.43775e-05
1.5612e-05
1.72597e-06
1.71707e-05
1.74973e-06
1.816e-05
1.7215e-05
1.54044e-06
1.51448e-05
1.74175e-06
2.15962e-06
1.88877e-05
2.53213e-06
1.88551e-06
1.43303e-06
1.51806e-05
2.18662e-06
1.6347e-05
1.82684e-06
1.48563e-05
1.71496e-06
1.83419e-06
2.5003e-06
1.89417e-06
1.90818e-05
1.81471e-05
1.86492e-05
1.87983e-06
1.7425e-06
1.60807e-05
2.49114e-06
1.44261e-06
1.51144e-06
1.61497e-05
2.05667e-06
2.08248e-06
1.69222e-05
1.79259e-05
1.87296e-06
1.47521e-06
1.79106e-05
1.54875e-05
1.37274e-05
1.55524e-05
1.91069e-06
1.58148e-05
2.21705e-05
1.60728e-05
1.50155e-05
1.72195e-06
1.51018e-06
1.41804e-05
2.33078e-06
9.98913e-07
1.90479e-05
1.77213e-06
1.94069e-06
1.66615e-06
1.93793e-06
2.12532e-05
1.92399e-06
1.81752e-06
1.51331e-06
1.85202e-06
1.95054e-05
1.50094e-06
9.37848e-05
1.55024e-06
1.29928e-06
1.6736e-05
1.6044e-06
1.51808e-06
1.62589e-06
1.7535e-06
2.2834e-06
2.15178e-06
1.93774e-06
1.84017e-06
1.81294e-06
1.52672e-06
2.61025e-06
1.92446e-06
2.01431e-05
2.05696e-05
1.71343e-06
1.27444e-06
1.57823e-05
1.69555e-06
1.67331e-05
1.58929e-05
1.46504e-06
1.61012e-05
1.62376e-05
1.58472e-05
2.01536e-06
1.77902e-06
1.4907e-05
2.58535e-06
2.20305e-06
1.60074e-06
1.80195e-05
2.07422e-05
1.59254e-06
1.64053e-06
1.75285e-05
1.52286e-06
1.68919e-06
1.3172e-05
1.59571e-06
2.04137e-05
1.67565e-06
1.45454e-05
1.64536e-06
1.4504e-05
1.93676e-06
1.62202e-05
1.43154e-05
1.6755e-06
1.63867e-05
1.62882e-05
1.33089e-05
1.73388e-05
1.3886e-06
1.55342e-05
1.59817e-06
1.86426e-06
1.64621e-05
1.78463e-05
1.62505e-06
1.68555e-06
1.70087e-06
2.10952e-06
1.63394e-05
1.34462e-05
1.6777e-05
2.263e-05
1.63596e-06
2.39692e-05
2.5655e-06
2.00358e-05
1.66689e-06
1.92396e-06
2.35461e-06
2.02739e-05
1.92328e-06
2.53663e-06
1.93198e-05
1.89244e-06
1.59936e-05
2.0163e-06
1.81661e-05
2.13933e-05
1.91504e-05
1.70323e-05
1.95712e-06
2.6932e-06
2.0509e-06
1.49235e-06
2.11373e-05
1.19854e-06
1.32043e-05
1.77162e-06
1.39624e-05
2.00585e-05
2.98342e-05
1.7153e-06
1.41646e-05
3.50368e-05
1.37928e-05
1.89941e-05
1.55757e-05
1.99789e-06
1.65331e-06
1.95742e-06
1.39345e-06
1.67216e-05
1.96512e-06
1.75067e-05
1.76515e-05
1.76767e-05
2.24954e-05
1.99895e-06
1.67579e-05
1.72678e-06
1.69539e-05
1.59994e-06
0.0002962
1.76775e-05
2.40927e-06
1.61255e-06
0.000149077
1.56885e-05
1.91099e-06
2.36842e-05
0.000338686
0.000214231
1.36784e-05
3.33422e-05
1.8505e-06
2.05e-06
1.5838e-05
1.83933e-05
0.000205726
1.92037e-06
1.60595e-05
2.26438e-05
2.78252e-06
1.4677e-05
1.6847e-05
1.68926e-06
1.74808e-06
1.91354e-06
1.72555e-05
1.42659e-05
9.80045e-07
2.23457e-06
1.97749e-05
0.000176774
1.79428e-06
1.87173e-05
0.000301955
1.91851e-06
1.73446e-05
2.55671e-06
1.40388e-05
1.63449e-05
1.81358e-06
0.000218985
1.49832e-05
1.94863e-06
1.86304e-05
1.69798e-06
1.81141e-05
3.36697e-05
1.61158e-05
1.78214e-05
1.77785e-05
2.14058e-05
1.9066e-06
1.86033e-06
1.70632e-05
1.61895e-05
3.03041e-05
1.63062e-06
1.91477e-06
2.28525e-06
2.01794e-05
1.78525e-06
2.01486e-06
1.3238e-05
1.82203e-06
3.53787e-05
2.14606e-06
2.5266e-06
1.64634e-05
2.42992e-06
2.40912e-06
1.88532e-06
2.55345e-05
1.56289e-06
1.47014e-06
1.46416e-05
1.96998e-06
2.21389e-06
2.01762e-05
2.60916e-05
1.47111e-05
1.67344e-06
1.66424e-06
2.05155e-05
2.25698e-06
1.67047e-05
1.54721e-05
1.6726e-06
2.38482e-05
1.10435e-06
1.54419e-05
1.30499e-05
1.70091e-06
0.000330973
1.91965e-06
0.000132866
1.57526e-05
1.95076e-06
1.33893e-05
1.89585e-06
1.36523e-05
1.97919e-06
1.2361e-05
1.6058e-06
1.63682e-05
2.28995e-06
1.58438e-05
1.26907e-05
1.81596e-06
2.58907e-06
1.34257e-06
2.225e-06
1.8886e-06
1.69699e-05
1.67862e-05
1.82038e-06
1.30518e-06
1.6404e-05
1.92438e-06
1.55629e-06
1.80834e-06
1.8e-05
1.81392e-06
2.34167e-06
1.86926e-05
1.45844e-05
2.11858e-06
1.8146e-05
1.94951e-06
1.84768e-05
2.01486e-06
1.68333e-05
2.31331e-06
1.89598e-05
1.96487e-06
1.41103e-05
1.85389e-05
1.63416e-05
2.01333e-06
1.54481e-06
1.84574e-05
1.89516e-05
1.70585e-05
1.93961e-06
1.3966e-05
1.49628e-05
1.76974e-06
2.00973e-05
2.0034e-06
1.99679e-06
1.87352e-06
1.61123e-06
1.72364e-05
2.31127e-06
1.81972e-05
1.5852e-05
1.93902e-06
1.80311e-05
1.31586e-05
2.02742e-06
1.54722e-05
1.71777e-06
2.17424e-06
1.61015e-06
1.68651e-05
1.70838e-05
1.87872e-06
1.51304e-05
2.03584e-05
1.78756e-06
1.68e-06
2.06111e-06
1.95639e-06
1.75729e-05
1.66355e-05
0.000178133
2.07813e-06
1.22275e-05
1.87797e-06
1.6575e-06
2.61334e-05
1.95316e-05
1.88538e-06
3.11166e-05
1.88233e-06
1.58979e-06
1.48513e-06
1.42786e-06
1.63268e-06
1.34105e-06
1.91824e-05
1.90378e-06
1.74844e-05
1.70758e-06
1.85639e-05
2.42259e-05
1.71536e-05
1.77935e-06
1.55202e-05
2.23267e-05
2.17344e-06
1.81821e-05
1.46715e-05
1.97061e-06
1.98972e-06
8.05454e-07
1.80559e-06
1.65154e-06
2.21378e-05
2.24349e-05
1.52879e-06
1.30522e-06
3.02468e-05
2.97848e-05
0.000125775
1.60982e-05
1.38298e-05
1.51989e-06
1.59994e-05
1.58056e-06
1.64521e-05
1.81634e-06
1.63976e-06
1.9028e-06
1.77959e-05
2.58683e-05
1.4852e-05
1.80462e-06
1.02944e-06
1.81083e-06
1.55921e-06
2.30111e-06
1.9204e-06
1.55925e-05
1.68214e-06
1.60995e-06
1.81001e-06
2.35074e-05
2.04386e-06
2.04207e-05
2.11462e-05
1.81195e-06
1.52362e-05
1.99898e-06
1.69718e-05
2.06927e-05
1.97109e-06
3.29417e-05
2.26317e-06
1.69825e-05
1.39447e-06
1.63377e-06
2.03813e-06
1.60035e-05
1.67061e-05
1.63202e-05
1.56491e-05
2.07988e-06
1.60896e-05
1.65477e-05
1.53287e-05
1.88035e-06
1.86072e-05
1.77421e-06
1.84222e-06
0.000169453
0.000146645
1.18243e-06
1.03703e-06
0.000330864
1.26398e-05
1.64548e-05
0.000100057
1.28336e-06
1.80857e-06
1.74204e-06
1.74454e-06
1.63536e-06
2.10931e-06
1.8871e-06
1.61197e-05
1.31269e-06
0.000249743
1.25965e-06
1.39314e-05
1.56104e-06
1.39514e-06
0.000335435
1.50933e-05
1.65571e-05
1.7224e-05
1.45321e-06
1.55426e-05
1.81652e-06
1.63975e-05
1.5001e-05
1.78148e-06
1.58473e-05
1.76883e-05
1.97497e-05
1.62412e-06
2.51742e-05
1.42707e-06
2.0825e-06
1.33343e-05
1.23077e-06
1.52001e-06
1.1856e-06
1.31331e-06
1.32321e-06
1.59949e-05
1.27604e-05
1.80474e-05
2.0304e-06
1.64986e-06
1.64119e-06
1.99831e-06
1.58939e-05
1.51523e-06
1.56808e-06
1.79751e-06
1.20901e-06
1.23234e-05
1.04958e-06
1.87136e-06
1.54817e-05
1.69376e-05
1.33751e-05
1.50593e-05
2.07186e-06
1.58948e-05
1.25695e-06
1.29365e-06
1.99502e-06
1.66469e-05
1.54891e-05
1.58393e-05
1.67553e-05
1.64979e-05
1.68949e-05
1.54456e-05
1.80583e-06
1.96845e-06
1.79527e-06
2.01738e-06
2.32757e-06
2.09627e-06
2.18639e-06
2.37359e-05
1.95827e-06
1.46173e-05
1.44648e-05
2.08356e-06
1.77611e-05
1.98975e-06
1.96841e-06
1.61024e-06
1.71678e-06
1.90395e-05
1.6757e-06
2.15368e-05
1.40284e-06
1.60925e-05
1.44642e-06
1.92883e-06
1.48037e-05
1.99148e-06
1.76498e-06
2.39914e-06
2.12664e-05
1.91018e-06
1.70244e-06
2.29552e-06
2.76866e-05
1.62129e-05
1.70438e-06
1.87263e-05
1.55908e-05
1.96706e-05
1.6528e-06
1.96821e-06
1.53294e-06
1.76086e-06
1.73471e-06
1.98401e-06
1.47118e-05
1.69248e-05
1.38665e-06
1.86572e-06
1.50357e-05
1.90351e-05
1.30114e-05
1.33171e-05
1.82517e-05
1.68867e-06
1.46911e-05
1.47553e-05
1.4438e-06
1.95117e-06
1.98282e-06
1.91818e-06
1.53016e-05
2.26892e-06
2.14458e-05
1.61578e-05
1.62458e-05
1.89352e-06
2.6877e-05
1.91259e-06
2.19378e-06
1.86883e-06
1.58966e-05
2.72602e-06
1.9568e-06
2.03537e-06
1.99181e-06
2.16404e-06
1.97936e-05
1.68254e-05
2.12857e-05
1.57872e-05
2.11282e-06
1.46323e-06
2.06421e-06
2.70021e-05
1.67615e-05
1.43768e-06
7.77429e-07
1.26226e-05
2.16936e-06
1.6548e-05
1.63544e-05
1.57775e-05
1.59371e-06
1.67332e-06
1.54353e-06
2.12746e-06
1.61461e-06
1.96852e-06
1.60444e-06
1.34346e-06
1.4424e-06
1.95303e-06
1.58965e-06
1.5402e-06
1.76159e-05
1.66466e-05
1.85647e-06
1.71412e-06
1.967e-06
2.1068e-06
1.41604e-05
1.67657e-05
1.93071e-06
1.73568e-06
1.33466e-06
2.06462e-05
1.59432e-05
1.61505e-06
1.52404e-05
2.38463e-06
2.42894e-06
1.66962e-05
2.16219e-06
1.86132e-05
2.03343e-05
2.38322e-06
1.93801e-05
1.8144e-06
1.83801e-06
9.59747e-07
1.15259e-06
1.61527e-06
1.48009e-05
1.69024e-06
1.89682e-06
2.0395e-06
1.17924e-05
1.7981e-06
4.36911e-05
1.81238e-06
1.90906e-06
1.94852e-06
1.82737e-05
2.26248e-06
1.98933e-06
1.56289e-05
1.56838e-05
1.6855e-05
1.49895e-05
1.84729e-06
1.57139e-05
2.31422e-05
1.76297e-06
1.73672e-06
5.15921e-05
2.09365e-06
1.61931e-05
1.59066e-06
1.8893e-05
1.96854e-05
2.02981e-06
1.98662e-05
1.48212e-06
1.94697e-06
1.66651e-06
1.87456e-05
1.87853e-05
1.64006e-06
1.52949e-06
1.61187e-05
1.42854e-05
1.62438e-05
1.77046e-05
2.21702e-06
1.47731e-05
1.86134e-06
1.95656e-06
1.9807e-06
1.82164e-06
2.01471e-05
2.0037e-06
2.04403e-06
1.51864e-05
1.88151e-05
2.22596e-06
2.16381e-05
2.0052e-05
2.08287e-06
2.08075e-06
1.72195e-05
1.94316e-06
1.76617e-05
2.11304e-06
2.03468e-06
2.10016e-06
1.99453e-05
1.53807e-06
2.5213e-06
1.76136e-05
2.06367e-05
1.95376e-06
1.70854e-06
1.49377e-05
2.43033e-06
1.86823e-05
1.72071e-06
2.2965e-06
2.23525e-06
2.21156e-06
1.65348e-06
1.57553e-06
2.25479e-06
1.88065e-06
2.36979e-06
2.11871e-05
2.13853e-06
1.765e-05
1.48486e-06
1.72618e-05
1.56315e-06
1.93817e-06
1.27844e-05
1.47039e-05
1.94128e-06
1.59007e-06
1.97482e-06
1.51912e-06
1.55914e-06
1.38055e-05
1.5277e-06
1.59905e-05
2.57943e-06
2.0036e-05
1.32588e-05
1.96994e-06
1.99497e-06
2.56206e-06
1.95293e-06
1.66182e-05
1.40701e-06
1.56362e-06
1.42299e-06
1.99004e-06
1.58791e-06
1.45969e-06
1.66231e-05
1.98081e-06
1.90715e-06
1.50664e-06
1.63983e-06
1.9023e-06
1.40436e-06
2.70099e-06
2.55368e-06
1.31486e-05
1.81939e-06
1.65832e-06
1.61956e-06
1.91095e-06
1.52336e-05
1.91967e-06
1.51602e-06
2.25171e-06
1.84537e-05
1.78067e-05
1.82858e-06
1.71014e-05
1.92153e-06
1.88205e-06
1.97506e-05
1.41872e-05
1.7485e-06
1.85413e-05
1.98204e-06
1.82526e-06
1.77928e-06
1.92686e-06
1.69803e-06
1.58656e-05
1.79899e-05
1.75593e-05
2.01757e-05
1.91474e-05
1.96661e-06
4.68364e-05
1.72709e-05
4.72201e-05
1.2833e-05
1.77018e-05
2.16877e-05
1.6871e-06
1.86473e-06
2.11591e-05
1.60284e-05
1.79239e-05
1.8989e-06
2.16218e-05
1.65834e-05
2.31174e-06
2.1461e-06
1.93244e-06
1.79105e-06
1.86825e-05
2.5535e-05
1.75368e-06
2.26364e-06
1.76426e-06
1.44553e-05
1.67343e-06
1.74581e-06
1.64672e-05
1.36986e-06
2.06798e-06
1.84688e-06
1.76716e-06
1.8329e-06
1.24578e-05
1.20166e-05
2.38394e-06
1.98761e-06
1.42769e-06
1.75899e-05
1.62553e-05
2.30565e-05
2.30133e-06
1.78453e-05
1.58393e-05
1.65703e-06
2.19775e-05
8.26651e-05
2.14674e-06
1.78034e-05
1.98735e-06
1.91991e-06
1.84191e-05
1.59617e-05
1.60083e-06
2.22742e-05
1.38392e-05
1.85214e-05
2.25461e-05
2.37318e-06
1.5689e-05
1.19643e-06
1.63405e-05
1.76965e-06
2.12688e-06
2.00018e-06
2.3555e-05
1.63361e-06
1.76288e-05
1.68055e-05
1.51839e-05
2.00774e-06
1.67867e-05
1.49048e-06
2.49356e-06
1.86153e-05
1.44275e-05
2.38702e-05
1.55787e-05
1.99136e-06
2.37234e-06
1.87088e-06
2.15248e-05
1.46679e-05
1.84991e-05
2.404e-05
2.35725e-06
1.49844e-05
2.12747e-05
2.34448e-06
1.64208e-06
1.49503e-06
1.54615e-06
1.94838e-05
2.25751e-06
1.62447e-05
1.8462e-06
1.8216e-06
1.5068e-06
1.96154e-06
2.46116e-06
1.909e-06
2.04574e-06
1.70418e-06
1.8805e-06
1.68198e-06
1.9134e-05
1.33584e-05
1.72785e-05
1.73095e-05
1.45632e-05
1.42027e-06
2.2214e-06
1.56595e-06
1.97228e-05
1.86164e-05
1.80246e-05
1.58728e-05
1.60412e-06
1.39537e-05
1.94742e-05
2.17483e-05
1.43444e-05
1.36215e-05
2.1613e-06
1.53787e-06
1.876e-06
1.48242e-06
2.08632e-06
1.69485e-05
2.30987e-06
1.82973e-06
1.41116e-05
1.28878e-05
1.90766e-06
1.55414e-05
1.83548e-05
1.73245e-05
1.8706e-05
1.601e-05
1.75201e-06
2.02932e-06
1.8041e-06
1.71e-06
1.85603e-05
1.87895e-05
1.77197e-05
1.59895e-05
1.79587e-05
2.04979e-06
1.42263e-05
1.67289e-06
1.82247e-06
1.43423e-05
1.93084e-06
1.84001e-06
1.88686e-06
1.57901e-06
1.45992e-06
1.75409e-06
1.67751e-05
2.15758e-06
1.60081e-06
1.41083e-05
2.78264e-06
1.53558e-06
2.2019e-05
1.65653e-06
1.42639e-06
2.18399e-05
1.62273e-06
1.74244e-05
1.6361e-05
1.82149e-06
1.57172e-05
1.54951e-05
1.69139e-05
1.59841e-06
1.82709e-05
1.29129e-06
2.19761e-06
1.86893e-06
1.73135e-05
1.63767e-06
1.96426e-06
1.76687e-05
1.56944e-05
1.62723e-05
1.6074e-06
1.5821e-05
1.61068e-05
1.84923e-05
2.12399e-06
1.38784e-05
1.31502e-05
1.75076e-05
1.54091e-05
1.3842e-05
1.74719e-05
1.81947e-05
1.94969e-06
2.12573e-05
1.72834e-05
2.09297e-06
2.53193e-05
1.5594e-05
1.43519e-05
1.86812e-06
1.70441e-06
2.15454e-06
2.47578e-05
2.72447e-05
1.89539e-06
1.66312e-06
2.00233e-05
2.27348e-06
1.50504e-05
1.94322e-06
2.23148e-06
1.83754e-06
2.07703e-06
2.19464e-06
2.05392e-06
1.94132e-05
1.84423e-05
1.82551e-06
2.46652e-06
1.71212e-05
1.64806e-05
6.72499e-05
1.93918e-05
1.63698e-05
1.9295e-05
1.77374e-05
1.71579e-05
1.5944e-05
2.0468e-05
1.78405e-06
2.21651e-06
2.04979e-06
1.65266e-06
1.2883e-05
2.41843e-06
2.37822e-06
1.7162e-06
1.15896e-06
2.46971e-06
1.71389e-05
1.93878e-05
2.45937e-06
2.67427e-06
1.5392e-06
1.62886e-05
1.86617e-05
2.01253e-06
1.99487e-06
1.53164e-06
2.13791e-06
1.96188e-06
2.30489e-05
2.00444e-06
2.01756e-06
1.86198e-06
1.98738e-06
2.05697e-06
1.85287e-05
2.76159e-05
2.30127e-06
2.0463e-06
2.04024e-06
2.08016e-05
1.87291e-06
2.53092e-05
2.38163e-05
1.95489e-05
1.92761e-06
2.04516e-06
2.17378e-06
2.37425e-06
1.43705e-06
1.98595e-06
2.55306e-06
1.49889e-06
1.3665e-05
1.74428e-06
1.9999e-06
1.42064e-06
2.61428e-06
2.76191e-05
1.53234e-05
2.26718e-06
2.08061e-05
1.74064e-05
1.96624e-06
1.67091e-05
1.85524e-06
2.03879e-06
1.64115e-05
1.99384e-05
2.07702e-06
1.65017e-05
1.62187e-05
1.60285e-06
1.73206e-05
1.70187e-05
1.63305e-05
2.2681e-06
1.38209e-06
1.69199e-05
1.21031e-05
1.74978e-05
2.117e-06
1.72525e-05
1.5652e-06
1.57256e-05
2.42412e-06
1.79714e-06
1.94052e-06
1.65359e-06
2.01572e-06
1.43838e-05
1.88558e-06
2.07092e-06
2.05534e-06
1.56674e-05
2.23321e-06
1.82619e-05
1.92753e-06
1.82629e-05
1.83195e-05
1.93208e-05
1.56591e-05
2.21904e-06
2.08725e-06
2.40167e-06
1.62094e-06
1.64695e-05
2.14718e-05
2.02963e-06
3.5879e-05
1.66622e-05
2.03004e-06
1.82829e-05
2.00618e-05
1.86713e-05
2.20562e-06
3.50511e-05
2.39393e-05
2.29902e-06
2.34182e-06
1.66548e-05
2.28221e-05
2.87879e-05
1.94305e-06
1.69327e-05
2.16797e-05
2.03298e-06
2.13487e-05
1.5177e-06
1.91262e-05
1.48891e-06
1.46183e-06
2.54593e-05
1.93496e-05
2.04832e-06
2.80987e-05
2.1412e-06
1.7108e-06
2.34488e-06
2.10326e-06
2.2972e-05
2.10817e-06
2.69798e-06
2.28854e-05
2.13629e-06
4.52727e-05
7.39859e-05
1.55405e-05
4.29173e-05
0.000310794
1.99226e-06
1.86777e-05
2.1536e-06
1.72382e-06
1.43051e-06
2.03658e-06
1.24862e-05
1.55711e-06
1.33533e-05
1.27093e-06
1.53835e-06
2.60737e-05
1.64069e-05
2.25907e-05
1.62719e-05
1.01855e-06
2.31284e-06
1.41162e-05
1.39413e-05
1.76664e-05
1.72631e-05
1.60057e-05
1.77067e-05
2.06781e-06
1.84455e-05
1.54094e-05
1.17503e-05
1.51999e-05
1.52405e-05
2.16834e-06
1.61002e-06
1.30193e-05
1.33042e-06
1.2816e-06
1.74477e-05
1.49818e-05
1.68957e-06
1.53839e-05
1.55809e-05
1.56159e-05
1.7502e-06
1.89985e-06
1.72304e-06
1.75942e-05
1.66096e-05
1.80953e-05
2.35918e-06
1.63518e-05
1.69627e-06
1.79727e-06
1.62411e-05
2.24552e-06
1.68263e-05
1.76324e-05
1.51886e-05
2.05239e-05
1.7548e-06
1.4632e-05
2.01888e-06
1.84893e-05
1.87693e-05
1.91573e-06
2.42029e-06
1.95874e-05
2.35421e-05
3.0634e-05
1.4488e-06
1.18761e-05
1.35238e-05
1.50614e-06
1.805e-06
2.47444e-06
1.16712e-06
2.61231e-05
1.88507e-06
1.50016e-05
1.23206e-06
2.10164e-06
1.81796e-06
2.03909e-05
1.82844e-06
1.94635e-06
1.45865e-06
1.75827e-05
1.83903e-06
1.55895e-05
1.63364e-05
1.80817e-06
1.76622e-06
2.88321e-05
1.68642e-05
2.24281e-06
3.29101e-05
1.57603e-06
1.94934e-06
1.67938e-05
1.73537e-05
2.14257e-06
1.95199e-06
1.61656e-05
2.607e-06
2.084e-05
1.8708e-05
1.8943e-05
2.03606e-06
1.8717e-05
2.55406e-06
1.55424e-05
1.60999e-05
2.42852e-06
1.68429e-05
1.43964e-05
1.92232e-05
1.74772e-05
1.32189e-05
1.90353e-06
1.69293e-06
1.79e-06
1.62635e-05
0.000243117
1.65975e-05
1.82385e-05
2.73894e-05
2.1292e-06
2.2204e-05
1.67219e-05
1.93547e-06
1.76567e-05
1.85431e-05
1.38582e-06
1.55085e-05
1.36752e-06
1.35251e-05
1.35886e-06
1.83356e-05
1.58956e-06
1.71259e-06
1.9834e-05
0.000258064
2.00232e-05
1.52507e-05
1.36391e-05
1.60943e-06
1.4241e-05
1.95701e-05
1.33191e-05
2.15477e-05
1.82877e-05
1.56219e-05
1.26452e-05
1.98984e-06
1.84876e-06
1.74999e-05
1.72418e-06
1.92588e-05
1.5254e-05
1.63512e-05
1.71861e-06
2.28753e-06
1.60286e-05
1.54603e-05
2.05714e-05
1.33831e-06
1.90017e-05
1.56647e-06
2.62595e-06
2.97287e-05
1.88134e-06
1.92016e-06
1.65535e-05
2.12465e-06
1.71341e-06
1.75702e-06
1.96957e-05
2.00255e-06
2.02461e-06
2.09395e-06
1.59355e-05
1.73296e-06
1.44344e-05
1.7899e-05
0.000178703
0.000327152
1.38251e-05
5.17278e-05
1.04259e-06
1.10521e-06
1.57591e-05
1.38782e-05
1.26279e-06
1.38732e-05
1.26797e-06
1.66436e-05
1.14881e-06
1.35124e-05
5.91573e-05
0.000247087
1.65799e-06
1.85917e-05
1.2458e-06
0.000325088
2.21553e-06
1.64568e-05
0.000216321
9.59744e-07
1.77216e-06
1.70997e-05
2.13907e-06
1.73842e-05
2.11511e-06
2.92094e-05
0.000234712
1.61413e-06
1.52503e-05
1.42583e-05
1.47823e-06
1.56362e-06
2.14083e-05
1.16229e-05
1.52929e-05
1.48015e-05
1.44419e-05
1.63818e-05
1.89595e-06
1.88724e-05
1.84556e-05
1.61453e-05
1.56322e-06
1.37013e-06
1.75116e-06
1.96385e-06
1.75505e-06
1.60442e-05
1.58104e-06
1.49132e-06
1.15168e-05
2.93105e-05
1.64809e-05
1.55336e-05
1.67681e-05
1.46229e-06
1.68575e-06
1.60268e-05
1.49354e-05
1.24573e-05
1.71641e-05
1.59075e-06
1.96065e-06
1.60847e-05
1.69656e-05
1.72709e-05
1.59946e-05
1.63759e-05
2.08859e-06
1.57406e-06
1.46946e-05
1.64862e-06
1.93642e-06
1.90787e-06
2.45151e-06
1.83588e-06
1.85795e-06
1.99283e-06
1.63049e-05
2.24238e-06
2.01063e-06
1.73527e-06
1.74498e-05
2.00512e-06
2.30299e-06
1.85237e-05
1.73587e-05
1.69041e-05
1.90998e-05
1.77435e-06
2.06735e-06
1.43043e-06
1.78094e-06
1.92363e-05
1.67943e-05
1.80252e-06
1.62909e-05
1.63237e-05
1.47316e-05
1.86275e-05
1.5555e-06
1.69403e-05
1.52863e-06
1.78136e-05
1.69397e-05
9.18987e-07
1.26436e-05
1.6332e-05
9.49154e-05
2.18478e-06
2.22011e-06
1.75534e-06
1.93037e-06
1.40305e-06
1.61093e-05
2.08337e-05
1.92235e-05
1.95055e-06
1.691e-05
1.93657e-05
1.41979e-06
2.09992e-06
1.94447e-06
1.92626e-06
1.75672e-05
2.55754e-06
1.88711e-05
2.00721e-05
1.64128e-05
2.46254e-06
3.69941e-05
2.09352e-06
1.63228e-06
1.54699e-05
1.8592e-06
1.40929e-06
1.43196e-06
1.46189e-06
1.75903e-05
2.21329e-05
1.31909e-06
1.87772e-05
2.1474e-06
2.02816e-06
1.79205e-05
2.49861e-06
1.77214e-05
1.63034e-05
2.05987e-06
1.47749e-05
1.55667e-06
1.40977e-05
2.02949e-06
1.42815e-05
2.89922e-05
1.43368e-05
2.22146e-06
1.8361e-05
1.41225e-06
2.65961e-05
1.74837e-05
4.33424e-05
2.12054e-06
1.59317e-06
2.03779e-05
1.63382e-05
5.12851e-05
1.77905e-06
1.9007e-05
1.76489e-06
1.95627e-05
1.52969e-05
2.52557e-05
2.81934e-05
1.41035e-05
1.36727e-05
7.93463e-05
2.06706e-05
2.09799e-05
4.39653e-05
1.98425e-06
1.40492e-05
1.75249e-06
1.95451e-06
1.98129e-05
1.64636e-05
0.000242653
2.65364e-06
1.65713e-06
1.97702e-06
1.91338e-06
1.50478e-05
1.66605e-06
2.08787e-06
1.82444e-06
2.23933e-05
2.1253e-06
2.55774e-05
1.69423e-06
1.65983e-06
1.781e-05
1.74015e-06
1.60129e-05
1.39385e-06
1.16735e-06
2.0177e-06
1.68e-05
1.87793e-06
2.21409e-06
2.18177e-06
1.82613e-05
1.12623e-05
1.82965e-05
1.47275e-05
1.86959e-05
1.47025e-06
1.65232e-06
1.05933e-06
1.15853e-05
1.68355e-06
1.71486e-05
1.6701e-05
1.75483e-06
1.71647e-05
1.63836e-05
1.46558e-06
1.68272e-06
1.4606e-06
2.04821e-06
1.83063e-06
1.85882e-06
1.31307e-05
1.58212e-05
2.09602e-06
1.7984e-06
1.51325e-06
1.60602e-05
1.90765e-06
1.45246e-05
1.87781e-06
1.94722e-05
1.85345e-06
1.99721e-06
1.58285e-05
1.65105e-06
1.74264e-05
1.68515e-05
1.60557e-05
1.65866e-05
2.10027e-05
1.76118e-06
1.95694e-05
2.05528e-06
1.63454e-05
1.54807e-06
1.41046e-05
1.7698e-06
1.95626e-05
1.74599e-05
1.59051e-05
1.64907e-06
1.51841e-05
2.11638e-05
1.39064e-05
1.94684e-06
3.30257e-05
1.83833e-06
1.72175e-05
1.9212e-06
2.37556e-05
1.69501e-05
2.45127e-06
2.34855e-06
2.33162e-05
1.84725e-05
1.8675e-05
1.52108e-06
1.36171e-06
1.56113e-05
1.63737e-05
1.82508e-06
1.79522e-05
1.92687e-06
1.82009e-05
1.74656e-06
1.8832e-06
1.89153e-05
1.76211e-05
1.89244e-05
1.41812e-05
1.97864e-06
3.16446e-05
1.548e-06
2.01397e-06
2.09439e-06
1.98144e-06
1.87871e-05
1.75835e-06
1.43508e-06
1.9754e-06
1.88842e-06
2.76627e-05
1.98923e-05
1.6234e-05
1.93278e-06
1.73346e-06
2.22423e-06
2.48901e-05
1.68242e-05
1.8655e-05
1.80437e-06
1.78539e-05
2.07756e-06
1.93418e-06
2.04597e-06
8.83142e-05
1.37064e-06
0.000121918
2.75287e-05
2.73501e-05
1.62472e-05
0.000169775
1.46876e-06
1.72916e-05
2.47967e-05
1.82051e-05
1.63286e-05
1.68018e-06
2.44864e-05
2.10336e-05
1.63375e-05
2.37172e-05
3.08943e-05
1.65286e-05
2.78142e-05
2.94633e-05
2.86283e-05
1.64984e-06
1.81617e-05
2.316e-05
2.85856e-05
2.29009e-06
2.18428e-05
1.61563e-05
2.50411e-06
2.00125e-06
2.68179e-05
2.00964e-06
1.93777e-06
1.65533e-06
2.00648e-06
2.27149e-06
1.89407e-05
2.18228e-05
2.76252e-06
2.48484e-06
1.93912e-05
1.30933e-05
1.63322e-05
1.8495e-05
1.97247e-06
2.47297e-06
1.6704e-06
1.60229e-06
2.09689e-06
1.66199e-05
2.60887e-06
1.89645e-06
2.367e-06
5.34551e-05
2.38237e-06
1.60223e-05
1.91274e-05
1.71892e-06
1.85236e-06
2.07081e-05
1.9071e-05
1.40504e-06
1.99152e-06
1.74175e-05
1.84229e-05
1.75592e-06
1.76957e-05
1.9625e-05
1.79976e-05
2.00866e-06
1.39823e-05
2.24436e-05
2.03739e-06
1.69604e-05
1.60209e-05
1.60648e-05
1.38894e-05
1.63192e-05
1.59498e-05
1.73584e-05
1.58489e-05
2.26148e-06
1.3027e-05
2.24991e-06
1.96683e-06
1.69494e-05
1.48376e-06
1.52815e-05
1.66022e-06
1.88637e-05
1.80173e-06
2.33946e-06
1.97547e-06
1.99134e-06
1.85949e-06
1.82922e-06
1.83116e-05
1.77318e-06
1.72842e-05
1.97265e-06
1.57107e-05
1.8086e-06
1.57573e-05
1.72232e-06
2.05347e-05
1.71636e-05
1.69637e-05
2.50945e-06
2.28715e-05
1.64603e-05
2.44506e-06
1.74501e-06
1.84154e-06
1.99954e-06
2.67527e-06
2.45995e-06
1.88636e-06
2.58138e-06
1.85851e-05
1.44529e-05
2.12186e-06
2.75501e-05
2.00751e-06
1.58762e-05
1.75198e-05
1.96618e-06
1.52524e-05
2.46768e-06
1.9762e-05
2.4024e-05
1.67668e-05
1.98382e-05
1.90543e-06
1.47731e-05
1.68961e-05
2.10844e-06
1.46024e-06
1.40489e-05
1.43761e-06
1.1093e-06
1.52167e-05
1.74686e-05
1.99274e-05
1.73542e-06
1.51751e-06
1.55823e-06
1.56714e-05
1.69362e-05
2.06769e-06
1.74333e-05
2.29981e-06
1.75398e-06
1.63512e-06
1.9916e-06
1.74226e-05
1.97774e-05
1.64241e-06
1.70945e-06
1.6429e-05
1.79245e-06
1.70648e-06
2.04257e-06
1.70223e-06
1.44305e-05
1.79545e-06
1.75485e-05
2.36221e-06
1.79441e-06
1.25067e-06
2.072e-05
1.75013e-06
2.01203e-05
1.99942e-06
1.82529e-05
2.26648e-06
2.40677e-05
2.55699e-06
2.81736e-06
2.65943e-05
2.39536e-05
2.17937e-05
2.01826e-05
2.5519e-06
1.96077e-05
1.52229e-06
1.75202e-06
1.79408e-05
1.72883e-05
1.94253e-05
1.51683e-05
1.68982e-05
2.0095e-06
1.94801e-05
1.73672e-06
1.09413e-06
1.24527e-06
1.76375e-05
1.77998e-06
1.26809e-05
1.54039e-06
1.44536e-05
1.69124e-05
1.87385e-06
2.04411e-06
2.39121e-06
2.04933e-05
2.28365e-06
1.71396e-06
1.44576e-05
1.4515e-05
2.02359e-06
1.79393e-05
2.59229e-06
1.59955e-05
2.13048e-06
1.79251e-05
1.65056e-05
1.55481e-05
1.57435e-05
1.73114e-06
2.61373e-06
1.93401e-05
1.83142e-06
1.72567e-05
1.72079e-05
1.92719e-05
1.97002e-05
1.6539e-05
1.39465e-06
1.57433e-05
1.73161e-05
1.6577e-06
2.24498e-06
1.86937e-06
3.52723e-05
2.41289e-06
1.51804e-05
2.14051e-05
1.94895e-06
2.4529e-06
1.93535e-05
1.68331e-05
2.36441e-06
1.92205e-05
1.68614e-06
2.4357e-06
1.38932e-05
2.46793e-06
1.49662e-06
2.25878e-05
1.78836e-05
2.9712e-06
1.8637e-05
1.65586e-05
1.86905e-06
2.45091e-05
2.51801e-05
1.51772e-05
2.50429e-06
1.3818e-06
1.67156e-05
1.83823e-06
1.55236e-05
1.66395e-05
2.6949e-05
1.61195e-05
1.39933e-05
1.72414e-05
1.56319e-05
1.43014e-06
1.73689e-05
1.55644e-05
1.40607e-05
2.37717e-05
2.10944e-06
2.2868e-05
2.38344e-05
1.73967e-06
0.000338658
0.000318369
0.000214451
0.000260257
2.02898e-06
1.84214e-05
2.12202e-06
0.000210027
1.73615e-05
1.67602e-06
2.76572e-05
1.68483e-06
2.48127e-05
1.78859e-06
1.69743e-06
0.000337067
1.45228e-05
2.89617e-05
1.42932e-05
1.6798e-05
1.68619e-05
2.12176e-06
2.93468e-06
1.85046e-05
2.18138e-05
1.62968e-05
1.85768e-05
1.69004e-06
1.60249e-06
1.75713e-06
0.000322251
0.000309453
1.87771e-05
1.74812e-05
1.66627e-05
0.000335561
1.9468e-05
1.76368e-06
1.61668e-06
1.75117e-05
1.76601e-06
1.60857e-05
1.54533e-05
1.67385e-05
1.97622e-06
1.7786e-06
1.17939e-05
1.57563e-05
1.81337e-06
1.88692e-06
1.64486e-05
1.75737e-06
1.71692e-05
1.71993e-05
1.36483e-06
1.58099e-05
1.59852e-05
2.30614e-06
1.7505e-05
1.72596e-05
2.08233e-06
1.69953e-05
1.92415e-05
1.67805e-05
2.18054e-05
1.68698e-05
2.21886e-06
1.57755e-06
2.31959e-06
2.24083e-05
1.72848e-05
2.29725e-06
1.61156e-05
2.15742e-06
1.78157e-06
1.80464e-06
2.02496e-05
1.69832e-05
2.55168e-06
1.84829e-06
1.94947e-05
1.8069e-06
1.93917e-06
1.36865e-05
1.50062e-06
1.76142e-05
2.32799e-06
2.25801e-06
1.88027e-06
2.35679e-06
1.95572e-06
1.69129e-06
1.61405e-06
2.56101e-05
1.75904e-05
1.90602e-06
4.55298e-05
2.04186e-06
4.77732e-05
2.09469e-05
1.69328e-05
1.69776e-05
1.64554e-05
1.5817e-05
1.60729e-06
1.66136e-06
1.41933e-06
1.29708e-06
1.5806e-05
1.79937e-06
1.24129e-06
1.44857e-05
1.6665e-06
1.96012e-05
1.68448e-06
1.25555e-06
1.69085e-06
1.62775e-05
1.9763e-05
1.5041e-05
1.65138e-06
1.57181e-05
1.73656e-06
2.05215e-06
1.68488e-05
1.51121e-05
1.71659e-05
1.4065e-06
1.80219e-05
1.6578e-06
1.48431e-05
1.66049e-06
1.96166e-05
1.8887e-05
1.52355e-05
1.3014e-06
1.88502e-05
1.70564e-06
1.89472e-06
1.84866e-05
2.2873e-06
1.5736e-05
1.71021e-05
1.75038e-06
1.53236e-06
2.32721e-06
2.3629e-06
2.48128e-06
2.25156e-05
1.45879e-06
2.20772e-06
1.81409e-05
2.17264e-05
2.63172e-06
2.17201e-06
1.83765e-06
1.77872e-05
2.21725e-06
2.39277e-06
1.76054e-05
2.30901e-06
2.05933e-05
1.71349e-06
2.03828e-05
1.95478e-05
1.44055e-05
1.96338e-05
4.91331e-05
1.90039e-05
2.03147e-05
2.03741e-05
1.78464e-06
1.32012e-05
2.30742e-06
2.16059e-05
1.35094e-06
1.60108e-05
2.23756e-05
1.60305e-05
1.95266e-05
1.73907e-06
2.16674e-06
1.80674e-05
2.61441e-06
1.02743e-06
2.23489e-06
2.12684e-05
1.76121e-06
1.76971e-06
1.76793e-06
2.1743e-06
2.34762e-05
2.27924e-06
2.28564e-05
1.49838e-06
2.14997e-05
1.68191e-06
1.73449e-06
1.86769e-06
1.31407e-06
1.86985e-05
1.95033e-06
2.12259e-05
1.58008e-05
1.25594e-05
1.43961e-06
2.06766e-05
2.13715e-05
2.18827e-05
2.25939e-05
2.01191e-06
1.49554e-06
1.8154e-06
2.08335e-06
2.27682e-05
1.88329e-06
2.85665e-05
1.70408e-06
1.54101e-05
1.66699e-06
1.62342e-05
1.7489e-05
1.61218e-05
1.45152e-06
2.67498e-05
2.18692e-05
1.40501e-05
1.90653e-05
1.74559e-06
2.10167e-06
2.2194e-06
2.76549e-05
1.44681e-06
2.76752e-05
2.07742e-06
1.84101e-06
1.60629e-05
1.64087e-06
1.62682e-06
1.51147e-05
1.81452e-06
2.28615e-06
1.51304e-05
1.57043e-05
2.43193e-06
1.5592e-06
2.01941e-05
1.66716e-05
1.47226e-06
2.05435e-06
1.71619e-05
1.75589e-05
1.79276e-06
2.01262e-06
2.03927e-06
1.5548e-06
4.07823e-05
1.69741e-06
1.52459e-06
1.67588e-06
1.52002e-06
1.45735e-05
1.41331e-05
1.48137e-06
1.40519e-06
1.46228e-05
1.4422e-06
1.41191e-05
1.58605e-06
1.53632e-06
1.62574e-05
7.45639e-05
1.95243e-05
1.79029e-05
2.02074e-06
1.8396e-05
1.80515e-06
1.84626e-05
1.85018e-06
1.67289e-06
3.66432e-05
1.97351e-05
1.79557e-06
1.62032e-06
2.01427e-05
1.63671e-05
1.63654e-06
1.31257e-06
2.00369e-05
2.15488e-06
1.98534e-06
1.27995e-05
1.43887e-06
1.71064e-05
2.31863e-06
2.05834e-05
2.0553e-06
1.86238e-05
1.39879e-05
1.74095e-06
7.64318e-05
1.64858e-05
1.64911e-06
1.58627e-05
1.85034e-05
1.64523e-06
2.70206e-06
1.91505e-05
1.62536e-06
0.000172211
1.72808e-06
1.64025e-05
1.59977e-06
1.7906e-06
1.58516e-06
1.7236e-05
1.74675e-05
1.91618e-06
1.31491e-06
1.90585e-05
2.28529e-06
1.98729e-06
1.93115e-06
8.23262e-07
1.79594e-05
1.48331e-05
2.08445e-06
2.25249e-06
1.74827e-06
1.20018e-06
1.64353e-05
1.57369e-05
2.1011e-05
1.76111e-06
1.79457e-06
1.61387e-06
1.22263e-05
1.54037e-06
1.61798e-06
1.58969e-05
1.59411e-05
1.52073e-05
1.83633e-05
1.84367e-05
1.7543e-06
1.67901e-06
2.04936e-05
1.65994e-06
1.76531e-05
1.79783e-06
1.8597e-05
1.5874e-06
1.60591e-05
1.62135e-05
1.56766e-05
1.89536e-06
2.0582e-05
1.732e-06
2.25132e-06
2.36285e-06
1.67371e-05
1.79766e-06
1.73861e-06
1.71964e-06
1.25017e-06
1.20803e-05
1.67443e-05
1.45234e-06
1.65318e-05
1.38839e-05
1.69654e-05
1.60075e-06
1.8168e-06
1.57912e-05
3.72783e-05
3.75463e-05
1.36725e-06
1.36834e-06
2.01837e-05
0.000223727
0.000302031
1.6633e-06
2.01878e-06
1.8458e-06
1.86515e-06
1.12543e-06
1.45755e-05
1.64557e-06
1.85402e-05
2.03484e-06
1.8256e-06
1.7025e-06
1.69789e-05
1.4029e-05
1.91436e-05
1.38019e-06
1.3716e-05
1.54169e-06
1.68075e-06
2.21257e-06
1.70277e-05
2.33275e-06
1.66631e-06
1.71621e-05
1.9518e-05
1.86545e-06
1.82891e-05
1.8479e-05
1.68926e-05
2.14104e-06
2.20958e-06
1.65758e-05
1.76672e-06
1.84678e-05
1.98712e-06
1.44012e-06
8.81359e-07
2.04265e-06
1.47592e-05
1.66948e-06
1.44372e-05
1.56075e-05
1.84184e-05
1.25858e-06
2.104e-05
1.39727e-05
1.54477e-05
1.59621e-06
1.71661e-05
1.53344e-05
2.81194e-05
2.39745e-06
1.49118e-05
2.55855e-06
1.92962e-05
2.04979e-05
1.91277e-05
2.24881e-05
1.41169e-06
2.05519e-05
1.63578e-05
1.77728e-06
1.68967e-05
1.75548e-06
1.76591e-06
2.0111e-05
1.67266e-05
1.4985e-05
1.49449e-05
1.81468e-05
1.46943e-06
1.74242e-06
1.90462e-06
1.74535e-05
2.08165e-05
1.69452e-05
1.7355e-06
1.48837e-06
1.79169e-05
2.36424e-06
1.47561e-05
1.88602e-06
2.09139e-05
1.49197e-05
2.42706e-06
2.13174e-06
1.68272e-05
2.03993e-05
1.46188e-05
4.34157e-05
2.09557e-05
1.42951e-05
1.77972e-06
1.54616e-05
1.91025e-05
1.65085e-06
1.63269e-05
1.69976e-06
1.53382e-05
2.04697e-06
3.1304e-05
1.67672e-06
8.4899e-05
1.74209e-06
1.62185e-06
1.6942e-05
1.45464e-05
1.71482e-06
1.64788e-06
1.86219e-06
1.6494e-05
1.5678e-05
1.56643e-06
1.87527e-05
1.92564e-05
1.89771e-05
2.43148e-06
2.93256e-06
2.0662e-05
1.5651e-05
1.67086e-06
1.63748e-06
1.38663e-05
1.44192e-06
1.97421e-06
1.96647e-06
1.75797e-05
2.1647e-06
1.59722e-05
2.08275e-06
1.71619e-06
1.42452e-05
1.75621e-05
1.68936e-06
1.65247e-06
1.61266e-05
1.45865e-05
1.81868e-06
1.87778e-05
2.02051e-06
1.63613e-05
1.70162e-05
1.82002e-06
2.21242e-06
1.91778e-05
1.98124e-05
2.07951e-06
1.95561e-05
1.75584e-06
0.00011968
2.13741e-06
1.83819e-06
1.53453e-05
1.77606e-05
1.88437e-06
1.80933e-06
1.70786e-05
1.99151e-06
1.7007e-05
1.84368e-06
1.84268e-06
1.81994e-06
1.63071e-06
1.75784e-06
1.47267e-05
1.45452e-05
1.6733e-06
1.7421e-05
1.54614e-06
1.91379e-05
1.912e-05
1.87735e-06
2.06942e-06
1.88468e-06
2.26783e-05
1.85662e-06
1.90489e-05
1.34587e-05
1.98548e-06
2.00659e-06
1.58276e-05
1.55105e-06
1.65862e-06
1.9055e-06
1.57399e-05
1.86137e-06
1.66549e-05
1.89646e-05
1.41726e-06
1.67016e-06
1.99986e-06
1.74799e-05
2.01039e-05
1.92106e-06
1.76183e-06
1.69577e-06
1.44733e-05
1.98169e-06
1.98643e-06
1.68468e-06
2.08375e-05
1.903e-05
1.73856e-06
1.15606e-06
1.56887e-06
1.84642e-06
1.66761e-05
1.51419e-06
1.71969e-05
2.20162e-06
2.16356e-06
4.68128e-05
1.70248e-06
2.15644e-06
2.34117e-05
2.33628e-05
1.62481e-05
1.86298e-06
1.99046e-06
2.22386e-05
2.33247e-06
1.92669e-05
1.80447e-05
1.81177e-06
1.37563e-05
1.46685e-05
2.00531e-05
1.89315e-05
1.9482e-05
1.5557e-06
1.60724e-06
1.36493e-05
1.77482e-06
1.57917e-05
1.59725e-06
1.88929e-05
1.77932e-05
1.96944e-05
1.5966e-05
1.95636e-05
1.64027e-05
1.41155e-05
1.61381e-05
2.16279e-06
1.92105e-05
2.48727e-06
2.05954e-06
1.61757e-06
1.70419e-05
1.79694e-05
1.58508e-06
1.49229e-06
1.38849e-05
1.69121e-06
1.44258e-05
2.20956e-05
1.83048e-05
1.66121e-06
2.27285e-06
1.74796e-05
1.54303e-06
1.49392e-05
2.28146e-06
1.7598e-05
1.89405e-06
2.26478e-06
7.3991e-05
8.141e-05
1.66199e-06
1.54269e-06
1.92594e-06
2.19041e-05
2.15501e-05
2.26467e-05
1.98511e-05
2.09434e-05
1.96983e-06
2.22691e-05
1.49601e-06
1.6364e-06
1.68745e-05
1.71467e-05
1.73337e-05
1.47159e-05
1.64727e-05
1.65661e-05
1.33381e-05
1.8356e-06
2.35062e-05
2.16306e-06
2.05883e-06
1.74468e-06
1.59262e-05
1.88383e-06
2.20787e-06
2.16081e-06
1.74209e-05
2.65906e-05
1.72718e-05
2.34287e-06
2.13324e-05
2.36202e-05
2.53497e-06
1.9759e-05
2.49306e-06
2.27447e-06
6.69827e-05
2.167e-06
2.54022e-06
1.76675e-05
2.19914e-05
2.09069e-05
1.81758e-05
2.19367e-05
1.87381e-06
2.26342e-06
2.41979e-06
1.64965e-05
2.40721e-05
2.418e-05
1.25852e-06
1.69476e-06
2.00973e-05
1.47316e-05
1.71383e-06
1.87631e-06
2.02521e-05
1.76868e-06
1.83418e-06
2.63215e-06
1.93732e-06
1.67309e-06
1.56232e-06
2.23192e-05
2.38809e-06
2.05127e-06
1.88721e-05
1.86902e-05
2.12583e-06
2.56107e-06
2.1106e-05
1.47402e-05
1.73586e-05
2.19598e-06
1.77628e-06
2.05257e-05
1.7604e-05
1.42535e-06
1.93903e-06
2.14212e-06
2.00457e-05
2.48696e-06
1.62352e-06
2.39853e-05
2.46125e-06
1.7058e-05
1.54486e-06
1.5681e-06
)
;

boundaryField
{
    tubeend1
    {
        type            calculated;
        value           nonuniform List<scalar> 
65
(
1.15104e-06
7.96662e-07
1.08553e-05
8.69999e-07
1.39941e-06
1.15853e-05
9.86415e-07
9.20247e-07
1.25594e-05
1.41707e-06
1.277e-05
1.26855e-06
1.42717e-05
8.9095e-07
7.99515e-07
1.24573e-05
1.24721e-06
1.20803e-05
1.11352e-06
1.17633e-05
9.74479e-07
1.17826e-06
1.37299e-05
1.01227e-06
1.12235e-06
1.34987e-05
1.45284e-06
1.46673e-05
1.04507e-06
1.57519e-05
8.53495e-07
7.68975e-07
1.12964e-05
1.3079e-06
1.36391e-05
1.39071e-05
1.49354e-05
1.54091e-05
1.52507e-05
1.6305e-05
1.55002e-05
1.5526e-05
1.53628e-05
1.58059e-05
1.63394e-05
1.62553e-05
1.67216e-05
1.66425e-05
1.781e-05
1.66436e-05
1.90988e-05
1.86072e-05
1.76767e-05
1.41465e-05
1.61195e-05
1.17503e-05
1.67156e-05
1.63202e-05
1.64521e-05
1.65318e-05
1.64273e-05
1.39933e-05
1.61641e-05
1.56491e-05
1.58969e-05
)
;
    }
    tubeend2
    {
        type            calculated;
        value           nonuniform List<scalar> 
69
(
1.19043e-06
9.17977e-07
5.51288e-05
8.98601e-07
1.07476e-06
9.65318e-07
4.45868e-05
9.68175e-07
1.12201e-06
9.46857e-07
4.0789e-05
9.49246e-07
1.25809e-06
1.11364e-06
5.60619e-05
1.10728e-06
1.26968e-06
9.69536e-07
4.76727e-05
9.58368e-07
1.12532e-06
9.01292e-07
3.50216e-05
9.16956e-07
8.86771e-07
1.17313e-06
2.50995e-05
3.67488e-05
3.57309e-05
2.96864e-05
4.71788e-05
4.22515e-05
4.36086e-05
4.96457e-05
3.40316e-05
1.04974e-06
0.000155936
0.000208149
0.000340624
0.000314207
0.000340624
0.000207568
0.000312415
0.000270545
0.000340624
0.000268617
0.000206866
0.000340624
0.000283875
0.000340624
0.00018923
0.000340624
0.000340624
0.000340624
0.000340624
0.000340624
0.000235808
0.000340624
0.000340624
0.000340624
0.000340624
0.000340624
0.000340624
0.000340624
0.000340624
0.000340624
0.000340624
0.000340624
0.000340624
)
;
    }
    tube_to_copper
    {
        type            calculated;
        value           nonuniform List<scalar> 
2464
(
1.37178e-06
1.49098e-06
1.84734e-06
1.54147e-06
9.67483e-07
1.59769e-06
1.7521e-06
1.69633e-06
1.74821e-06
1.65587e-06
1.65774e-06
9.17527e-07
1.37433e-06
1.3432e-06
1.29966e-06
1.48412e-06
1.46099e-06
1.78705e-06
1.14263e-06
1.07551e-06
1.07308e-06
1.47308e-06
1.83223e-06
1.96571e-06
1.47324e-06
1.35712e-06
1.40247e-06
1.3429e-06
1.38004e-06
1.35888e-06
1.61878e-06
1.39072e-06
1.50183e-06
1.07062e-06
9.73087e-07
1.47033e-06
1.43737e-06
1.59308e-06
1.60756e-06
1.84091e-06
1.01411e-06
1.35033e-06
1.16817e-06
6.51207e-07
1.12441e-06
1.32156e-06
1.28697e-06
1.8008e-06
1.47049e-06
1.16889e-06
5.77078e-07
1.76016e-06
1.66986e-06
6.36161e-07
1.38446e-06
1.44485e-06
1.63671e-06
1.24056e-06
1.02829e-06
1.03186e-06
1.46015e-06
1.84054e-06
1.40926e-06
1.39342e-06
1.74106e-06
1.78434e-06
1.31748e-06
1.5507e-06
1.227e-06
1.52361e-06
1.50469e-06
1.46111e-06
1.2337e-06
1.04324e-06
1.35198e-06
1.55787e-06
1.24556e-06
1.02906e-06
1.18041e-06
1.22399e-06
1.03778e-06
1.1398e-06
1.76911e-06
1.10044e-06
1.33077e-06
1.23994e-06
1.30893e-06
1.02991e-06
1.18497e-06
1.60576e-06
1.28111e-06
1.46529e-06
1.35414e-06
1.24807e-06
1.51768e-06
2.11763e-06
1.4611e-06
1.39801e-06
1.76166e-06
9.88303e-07
1.38216e-06
1.72084e-06
1.45767e-06
1.40295e-06
1.81995e-06
1.70804e-06
1.72747e-06
1.42036e-06
1.45244e-06
2.14605e-06
1.42646e-06
1.35185e-06
1.55706e-06
1.16552e-06
9.92717e-07
1.39403e-06
1.40937e-06
1.5387e-06
1.42719e-06
1.33526e-06
1.26497e-06
1.54594e-06
1.14565e-06
1.37956e-06
1.36813e-06
1.33605e-06
1.41179e-06
9.48762e-07
1.11948e-06
1.48901e-06
1.22317e-06
1.30804e-06
1.35899e-06
1.68419e-06
1.67836e-06
1.6167e-06
1.2132e-06
7.44226e-07
1.33337e-06
1.90224e-06
1.38599e-06
1.41101e-06
1.4953e-06
1.08728e-06
1.39374e-06
1.46035e-06
1.51681e-06
1.44262e-06
1.34708e-06
1.56247e-06
1.35733e-06
1.15169e-06
1.53485e-06
1.75908e-06
1.57022e-06
1.70222e-06
1.87492e-06
1.8745e-06
1.19226e-06
1.20553e-06
1.56349e-06
1.39269e-06
1.83707e-06
1.67916e-06
2.07592e-06
1.43743e-06
1.30995e-06
1.50057e-06
1.48609e-06
1.38229e-06
1.29868e-06
1.56921e-06
1.30292e-06
1.46077e-06
8.77897e-07
1.15276e-06
1.59305e-06
1.07152e-06
1.41239e-06
1.39449e-06
1.52217e-06
1.53445e-06
1.32462e-06
2.03172e-06
1.54919e-06
1.10547e-06
1.24577e-06
1.93099e-06
1.57991e-06
1.38529e-06
1.75943e-06
1.46434e-06
1.31385e-06
1.05954e-06
1.6299e-06
2.10629e-06
1.49994e-06
1.20706e-06
1.28963e-06
1.63522e-06
1.22522e-06
1.28037e-06
1.41033e-06
1.11675e-06
1.37848e-06
6.35584e-07
1.4858e-06
1.53685e-06
1.421e-06
1.37557e-06
1.26101e-06
1.1205e-06
1.38992e-06
1.3313e-06
1.39955e-06
1.56403e-06
1.4678e-06
1.77412e-06
1.53069e-06
1.19954e-06
1.32895e-06
1.80238e-06
1.70472e-06
7.88154e-07
1.40594e-06
1.75766e-06
1.04231e-06
1.33706e-06
1.68211e-06
1.18254e-06
1.3989e-06
1.39771e-06
9.33788e-07
1.25451e-06
8.6236e-07
1.29845e-06
1.21978e-06
7.73784e-07
1.55844e-06
2.16532e-06
1.78152e-06
2.23577e-06
1.63002e-06
1.24521e-06
1.3444e-06
1.90425e-06
1.24379e-06
1.70918e-06
1.40859e-06
1.54851e-06
1.4545e-06
1.44943e-06
1.38394e-06
1.36389e-06
1.59978e-06
1.88331e-06
1.41258e-06
1.35154e-06
1.41774e-06
1.08069e-06
1.47373e-06
1.061e-06
1.0727e-06
1.34085e-06
1.2046e-06
1.42366e-06
1.4578e-06
1.66502e-06
1.27493e-06
1.50954e-06
1.37574e-06
1.56935e-06
1.4683e-06
1.31317e-06
1.28182e-06
1.52963e-06
1.37297e-06
1.46029e-06
1.25256e-06
1.32664e-06
1.19012e-06
1.14396e-06
1.25616e-06
2.05044e-06
1.62498e-06
1.73599e-06
1.45833e-06
1.54943e-06
1.6074e-06
1.28998e-06
1.29426e-06
1.1283e-06
1.51326e-06
1.88639e-06
1.29387e-06
1.4252e-06
1.12635e-06
1.45388e-06
1.45529e-06
1.33376e-06
1.19117e-06
1.07565e-06
9.14663e-07
1.49273e-06
1.52297e-06
5.60095e-07
1.54237e-06
1.23963e-06
1.45338e-06
1.31571e-06
1.41491e-06
1.54391e-06
1.64694e-06
2.00924e-06
1.45931e-06
1.09932e-06
1.33522e-06
1.3534e-06
1.34941e-06
1.18444e-06
1.2358e-06
1.21265e-06
1.58419e-06
1.14979e-06
1.33847e-06
1.26737e-06
9.03499e-07
1.64113e-06
1.53173e-06
1.58183e-06
1.42424e-06
1.57828e-06
1.18206e-06
1.39783e-06
1.6097e-06
8.74633e-07
1.9481e-06
7.68908e-07
1.31414e-06
8.29236e-07
1.31966e-06
1.57346e-06
1.22528e-06
1.43803e-06
1.21679e-06
1.15786e-06
1.28783e-06
1.38058e-06
1.49225e-06
1.63882e-06
1.2888e-06
1.45939e-06
1.3092e-06
1.32038e-06
1.55367e-06
1.45903e-06
1.2713e-06
1.11883e-06
1.38551e-06
1.63197e-06
1.35001e-06
1.2447e-06
1.20398e-06
1.50645e-06
1.23322e-06
1.48907e-06
1.17425e-06
1.62608e-06
1.42533e-06
1.32047e-06
6.77412e-07
1.10154e-06
1.50706e-06
1.14782e-06
1.38983e-06
9.5789e-07
1.23973e-06
1.22301e-06
1.32628e-06
7.29746e-07
1.3944e-06
1.20599e-06
1.43669e-06
1.12804e-06
1.5262e-06
1.27355e-06
1.6738e-06
1.23983e-06
1.29082e-06
1.3096e-06
1.45176e-06
1.45752e-06
1.8673e-06
1.46664e-06
1.07608e-06
1.2137e-06
1.43096e-06
1.2443e-06
1.27076e-06
1.33671e-06
1.38648e-06
1.40196e-06
1.2167e-06
1.5833e-06
1.11917e-06
1.34844e-06
1.08475e-06
1.63777e-06
1.30957e-06
1.73287e-06
1.51487e-06
1.64019e-06
1.87794e-06
1.59379e-06
7.03757e-07
1.16789e-06
1.23327e-06
1.12957e-06
1.22457e-06
1.18658e-06
1.53064e-06
1.52851e-06
1.71241e-06
1.16607e-06
1.38816e-06
2.06769e-06
1.48123e-06
1.34203e-06
1.45471e-06
1.54877e-06
1.29641e-06
1.28276e-06
8.2998e-07
1.39187e-06
1.09724e-06
1.6461e-06
1.28175e-06
1.15488e-06
1.70353e-06
1.18237e-06
1.60044e-06
1.38813e-06
1.56602e-06
1.37861e-06
1.3857e-06
2.08446e-06
1.77864e-06
1.90383e-06
1.38338e-06
1.13913e-06
1.29925e-06
1.27149e-06
1.75422e-06
1.87857e-06
1.36479e-06
1.59219e-06
1.26028e-06
1.36182e-06
1.31019e-06
1.59509e-06
8.68819e-07
1.51123e-06
1.46393e-06
1.53871e-06
1.54943e-06
1.26142e-06
1.40019e-06
1.07504e-06
2.20515e-06
1.32498e-06
1.10714e-06
1.25029e-06
1.08001e-06
1.10637e-06
1.17589e-06
1.62747e-06
1.17735e-06
1.20844e-06
1.37783e-06
1.05361e-06
1.10379e-06
1.51519e-06
1.32165e-06
1.63918e-06
1.48379e-06
1.33559e-06
1.38814e-06
1.4241e-06
1.80651e-06
1.66796e-06
1.82547e-06
1.66088e-06
1.24237e-06
1.68047e-06
1.37363e-06
1.31492e-06
1.40076e-06
1.38854e-06
1.43795e-06
1.35344e-06
1.30728e-06
1.38355e-06
1.30234e-06
1.35904e-06
1.94606e-06
1.36762e-06
1.72506e-06
1.99139e-06
1.37062e-06
1.58546e-06
1.71159e-06
1.06413e-06
1.49528e-06
1.06961e-06
1.312e-06
9.6799e-07
1.28252e-06
1.11435e-06
1.59425e-06
1.54475e-06
1.52029e-06
1.48796e-06
1.1965e-06
1.13511e-06
1.52778e-06
1.49505e-06
1.55558e-06
1.48945e-06
1.46727e-06
1.50203e-06
1.26115e-06
1.51443e-06
1.37328e-06
2.0181e-06
1.26234e-06
1.43103e-06
1.28537e-06
1.54583e-06
1.42587e-06
1.50804e-06
1.1531e-06
1.4357e-06
1.51743e-06
1.68871e-06
1.67734e-06
1.50228e-06
1.04395e-06
1.45525e-06
1.11419e-06
1.59721e-06
9.16002e-07
1.50679e-06
1.37899e-06
1.60714e-06
1.42399e-06
1.48282e-06
1.45269e-06
1.18787e-06
1.28473e-06
1.23444e-06
1.38655e-06
1.29385e-06
1.6532e-06
1.33251e-06
1.44262e-06
7.72017e-07
1.49088e-06
1.38976e-06
1.46597e-06
1.92574e-06
1.27931e-06
1.12801e-06
1.8035e-06
1.24963e-06
1.67045e-06
1.60732e-06
1.18589e-06
1.10413e-06
1.06073e-06
1.77011e-06
1.58805e-06
1.1372e-06
1.56234e-06
1.52297e-06
1.58085e-06
1.11263e-06
1.29993e-06
1.38306e-06
1.29661e-06
1.53442e-06
1.26479e-06
1.42181e-06
1.10881e-06
1.025e-06
1.09258e-06
1.4225e-06
1.96678e-06
1.08715e-06
1.34215e-06
1.25016e-06
1.19939e-06
1.13385e-06
1.50304e-06
1.51572e-06
1.44166e-06
1.49386e-06
1.24687e-06
1.37031e-06
1.59576e-06
1.63855e-06
1.51744e-06
1.528e-06
2.02778e-06
1.21055e-06
2.02414e-06
1.49461e-06
1.18863e-06
1.5396e-06
1.08504e-06
1.26998e-06
1.44289e-06
1.33133e-06
1.30485e-06
1.62447e-06
1.18722e-06
1.40526e-06
1.34248e-06
1.61382e-06
1.08103e-06
1.33291e-06
1.41269e-06
1.72857e-06
1.33185e-06
1.68813e-06
1.48854e-06
1.0724e-06
1.06794e-06
2.03047e-06
1.97961e-06
1.82217e-06
1.07797e-06
1.53764e-06
1.43304e-06
1.20311e-06
1.52116e-06
1.0858e-06
1.36069e-06
1.56154e-06
1.2471e-06
1.49111e-06
1.06573e-06
1.1076e-06
1.4599e-06
1.29374e-06
1.76982e-06
1.45353e-06
1.01542e-06
1.48827e-06
1.28121e-06
1.51156e-06
1.46667e-06
1.23205e-06
1.11887e-06
1.64195e-06
1.18753e-06
1.3067e-06
1.44474e-06
1.59236e-06
1.45878e-06
1.37446e-06
1.32826e-06
1.60263e-06
1.63456e-06
1.20772e-06
1.97566e-06
1.43682e-06
1.2845e-06
7.39581e-07
1.37857e-06
1.53138e-06
1.42158e-06
1.25826e-06
1.99209e-06
1.10517e-06
1.42729e-06
1.46572e-06
1.0363e-06
1.94347e-06
2.0436e-06
1.97426e-06
1.27507e-06
1.30475e-06
1.24812e-06
1.79184e-06
1.76699e-06
2.06345e-06
1.24959e-06
1.09342e-06
1.62515e-06
1.75511e-06
1.78187e-06
1.74177e-06
1.29528e-06
1.21224e-06
1.4123e-06
1.14807e-06
8.64031e-07
1.20657e-06
1.5809e-06
1.24556e-06
1.09155e-06
1.18806e-06
1.68052e-06
1.44658e-06
1.45672e-06
1.36064e-06
1.45244e-06
1.29424e-06
1.43132e-06
1.49272e-06
1.35139e-06
1.52085e-06
1.37059e-06
1.28289e-06
1.43194e-06
1.37549e-06
1.26825e-06
1.518e-06
1.29566e-06
1.58067e-06
1.68033e-06
1.22241e-06
1.3987e-06
1.64618e-06
1.00085e-06
1.40587e-06
1.65364e-06
1.25813e-06
1.23651e-06
1.47568e-06
1.33697e-06
1.55632e-06
1.54938e-06
1.29172e-06
1.25123e-06
1.07106e-06
1.52402e-06
1.49943e-06
1.24883e-06
1.48421e-06
2.35441e-06
1.34101e-06
1.52306e-06
1.3143e-06
1.70833e-06
1.14727e-06
1.24711e-06
1.56828e-06
2.04741e-06
1.55962e-06
1.37757e-06
1.68341e-06
1.55838e-06
1.55309e-06
1.18167e-06
1.53261e-06
1.29288e-06
1.31039e-06
1.53974e-06
1.65201e-06
1.50544e-06
1.09931e-06
1.80181e-06
1.2223e-06
1.54217e-06
1.44667e-06
1.01656e-06
9.40827e-07
1.02833e-06
7.25283e-07
1.38353e-06
1.50314e-06
1.38498e-06
1.43383e-06
1.26631e-06
1.51507e-06
1.47452e-06
1.28163e-06
1.34558e-06
1.37866e-06
1.86697e-06
1.54953e-06
1.59106e-06
1.69554e-06
1.50882e-06
1.15689e-06
1.49051e-06
1.50018e-06
1.47278e-06
1.63368e-06
1.64463e-06
1.36301e-06
1.33444e-06
1.13944e-06
7.99803e-07
1.54899e-06
1.38944e-06
1.50537e-06
1.40626e-06
1.10863e-06
1.39079e-06
1.3169e-06
1.41693e-06
1.53073e-06
1.30936e-06
1.25362e-06
1.76994e-06
1.56003e-06
1.3269e-06
1.50742e-06
1.13978e-06
1.42185e-06
1.41429e-06
1.85627e-06
1.38349e-06
1.37619e-06
8.66265e-07
1.41599e-06
1.8475e-06
1.3161e-06
1.52316e-06
8.94239e-07
1.6445e-06
1.1332e-06
1.31565e-06
1.3515e-06
9.73607e-07
1.31969e-06
1.12598e-06
1.26937e-06
8.70342e-07
1.30487e-06
1.24815e-06
1.69812e-06
1.18347e-06
1.28796e-06
1.82045e-06
1.36896e-06
1.31897e-06
1.39986e-06
1.29281e-06
1.18055e-06
1.50815e-06
1.28546e-06
1.38724e-06
1.75486e-06
1.60229e-06
1.50373e-06
1.43087e-06
1.31396e-06
1.64786e-06
1.67798e-06
1.31533e-06
1.34171e-06
1.37719e-06
1.27185e-06
1.26527e-06
1.39368e-06
1.40295e-06
1.20225e-06
1.39021e-06
1.89774e-06
1.89708e-06
7.84337e-07
9.55757e-07
1.05296e-06
1.75652e-06
1.58997e-06
1.12042e-06
1.44471e-06
1.44213e-06
1.06126e-06
1.80175e-06
1.22293e-06
1.56263e-06
1.39928e-06
1.3255e-06
1.70619e-06
8.375e-07
1.10681e-06
1.42689e-06
1.32645e-06
1.09621e-06
1.41479e-06
1.19297e-06
1.06512e-06
1.02892e-06
1.39517e-06
1.4252e-06
1.63565e-06
1.18103e-06
1.51476e-06
1.27726e-06
1.54245e-06
1.47525e-06
1.65817e-06
1.56038e-06
1.75258e-06
1.20111e-06
1.62106e-06
1.06917e-06
1.35814e-06
1.39741e-06
1.52756e-06
1.52748e-06
1.52666e-06
1.39501e-06
1.47633e-06
1.91681e-06
1.27861e-06
1.36027e-06
1.41401e-06
1.37065e-06
1.54965e-06
1.28885e-06
1.41503e-06
1.49375e-06
1.89189e-06
1.42741e-06
1.64816e-06
1.44262e-06
1.37453e-06
1.09939e-06
1.3129e-06
1.295e-06
1.36125e-06
1.48495e-06
1.33065e-06
1.4387e-06
1.28359e-06
1.58561e-06
1.1815e-06
1.54767e-06
1.59276e-06
1.23723e-06
1.15379e-06
1.18735e-06
1.11599e-06
1.47149e-06
1.02772e-06
1.60612e-06
1.50495e-06
1.04731e-06
2.08033e-06
1.22043e-06
1.49948e-06
1.22675e-06
1.7311e-06
1.92692e-06
1.43952e-06
1.39546e-06
1.52805e-06
1.18503e-06
1.49373e-06
1.25983e-06
1.27847e-06
1.44098e-06
1.20594e-06
1.28459e-06
1.31052e-06
1.1491e-06
1.53411e-06
1.43595e-06
1.12224e-06
1.5265e-06
1.43357e-06
1.44774e-06
1.34876e-06
1.69362e-06
1.42398e-06
1.46299e-06
1.21287e-06
1.30929e-06
1.29285e-06
1.89669e-06
1.14085e-06
1.41701e-06
1.28509e-06
1.10571e-06
1.736e-06
1.16183e-06
1.25588e-06
1.51802e-06
1.43238e-06
1.41935e-06
1.45677e-06
1.0624e-06
1.26755e-06
1.91459e-06
1.11684e-06
1.4924e-06
1.56556e-06
1.18961e-06
1.34929e-06
1.34396e-06
1.23194e-06
1.6861e-06
1.30564e-06
1.47635e-06
1.32307e-06
1.22847e-06
1.36352e-06
1.48938e-06
1.57004e-06
1.00958e-06
1.48664e-06
1.34852e-06
1.07602e-06
1.39974e-06
1.28046e-06
9.53466e-07
1.43782e-06
1.32154e-06
1.36228e-06
1.71292e-06
1.80401e-06
1.06163e-06
1.82247e-06
1.52214e-06
1.6902e-06
1.27423e-06
1.15795e-06
1.41986e-06
1.31568e-06
1.42578e-06
9.58615e-07
1.35893e-06
1.08702e-06
8.83444e-07
1.50873e-06
1.3537e-06
1.33106e-06
1.1752e-06
1.49943e-06
1.28021e-06
7.70275e-07
1.32772e-06
1.25977e-06
1.10081e-06
1.32109e-06
1.48973e-06
1.18471e-06
1.11605e-06
1.26451e-06
1.60026e-06
1.15548e-06
1.2977e-06
1.59364e-06
5.95257e-07
1.31604e-06
1.09512e-06
1.51546e-06
1.57438e-06
1.59732e-06
1.28765e-06
1.25007e-06
1.23892e-06
1.08888e-06
1.4216e-06
1.36257e-06
1.223e-06
1.28295e-06
1.3817e-06
1.58258e-06
1.32722e-06
1.28358e-06
1.44727e-06
1.32865e-06
1.28739e-06
1.46209e-06
1.22595e-06
1.25277e-06
1.60287e-06
1.65504e-06
1.14646e-06
1.52027e-06
1.56629e-06
1.28711e-06
1.3739e-06
1.15553e-06
1.12954e-06
1.20825e-06
1.17063e-06
1.35217e-06
1.14133e-06
1.42278e-06
1.15296e-06
1.46392e-06
1.33106e-06
8.74437e-07
9.04738e-07
1.51741e-06
1.6372e-06
1.33555e-06
1.44267e-06
1.35234e-06
1.47751e-06
1.0883e-06
1.15179e-06
2.43696e-06
1.35674e-06
1.31507e-06
1.11486e-06
1.33653e-06
1.62195e-06
1.95396e-06
1.42567e-06
1.07374e-06
1.64002e-06
1.35962e-06
1.28468e-06
1.39162e-06
1.96512e-06
1.42253e-06
1.36626e-06
1.3098e-06
1.90225e-06
1.10577e-06
1.13959e-06
1.60874e-06
1.56859e-06
1.40749e-06
1.12771e-06
1.42988e-06
1.29107e-06
1.16781e-06
1.74004e-06
7.50261e-07
1.32811e-06
1.51197e-06
1.29079e-06
1.44021e-06
1.44413e-06
1.3622e-06
1.16868e-06
1.40441e-06
1.15105e-06
1.16617e-06
9.69724e-07
1.21645e-06
1.14876e-06
1.22003e-06
1.31534e-06
1.72019e-06
1.57213e-06
1.47593e-06
1.39006e-06
1.38305e-06
1.14745e-06
2.02278e-06
1.44853e-06
1.23912e-06
9.571e-07
1.2817e-06
1.0926e-06
1.50374e-06
1.34284e-06
1.957e-06
1.73489e-06
1.21594e-06
1.18169e-06
1.22902e-06
1.13361e-06
1.29389e-06
1.20962e-06
1.25424e-06
1.24053e-06
1.46093e-06
1.26492e-06
1.03642e-06
1.19249e-06
1.41426e-06
1.2223e-06
1.26932e-06
1.29251e-06
1.58315e-06
1.22717e-06
1.97673e-06
1.25223e-06
1.43543e-06
1.76914e-06
1.42953e-06
1.95786e-06
1.42004e-06
1.53397e-06
1.46927e-06
2.02602e-06
1.53678e-06
1.11597e-06
9.04375e-07
1.32843e-06
1.29805e-06
1.49726e-06
1.23238e-06
1.47135e-06
1.06125e-06
1.52792e-06
1.51457e-06
1.30963e-06
1.21116e-06
1.81788e-06
1.21191e-06
1.44684e-06
1.3598e-06
1.55258e-06
1.44517e-06
2.10209e-06
1.31784e-06
1.31861e-06
1.44083e-06
7.36492e-07
1.69218e-06
1.35005e-06
1.45619e-06
1.90773e-06
1.36008e-06
1.46135e-06
1.27071e-06
1.47768e-06
1.40957e-06
1.26688e-06
1.45523e-06
1.70154e-06
1.35114e-06
1.50984e-06
1.37093e-06
1.61184e-06
1.92776e-06
1.83462e-06
1.8195e-06
1.42263e-06
1.17349e-06
1.10828e-06
1.47565e-06
1.70159e-06
1.25875e-06
1.2493e-06
1.66296e-06
1.26807e-06
8.29945e-07
1.27541e-06
1.44628e-06
1.46762e-06
1.42273e-06
1.53463e-06
1.20639e-06
1.71744e-06
1.3863e-06
2.03453e-06
1.00973e-06
1.67525e-06
1.42615e-06
1.39421e-06
1.00191e-06
1.478e-06
1.16891e-06
1.36802e-06
1.36067e-06
1.80513e-06
1.58837e-06
1.47236e-06
1.52156e-06
1.71296e-06
1.49396e-06
1.50312e-06
1.16125e-06
1.44701e-06
1.329e-06
1.50936e-06
1.50012e-06
1.41299e-06
1.21428e-06
1.751e-06
1.44556e-06
1.50401e-06
1.30042e-06
1.64629e-06
1.20604e-06
1.40323e-06
1.32542e-06
1.25869e-06
1.53184e-06
1.47156e-06
1.53172e-06
1.41721e-06
1.25225e-06
1.4338e-06
1.41713e-06
1.18811e-06
1.11542e-06
1.06264e-06
1.24217e-06
1.00923e-06
1.42716e-06
1.28554e-06
1.33026e-06
1.61937e-06
1.49753e-06
1.50433e-06
6.1946e-07
1.37655e-06
1.25302e-06
1.17724e-06
9.74996e-07
1.14068e-06
1.19352e-06
1.41114e-06
1.24828e-06
1.41461e-06
1.35881e-06
7.7394e-07
1.40013e-06
1.17421e-06
1.71886e-06
1.44352e-06
1.26178e-06
1.21624e-06
1.34711e-06
1.53764e-06
1.32587e-06
1.50013e-06
1.47566e-06
1.72365e-06
1.03323e-06
1.22019e-06
1.55541e-06
1.57232e-06
1.38617e-06
1.3367e-06
1.41482e-06
9.0534e-07
7.80859e-07
9.76492e-07
1.36711e-06
1.28998e-06
1.31507e-06
1.17668e-06
1.62629e-06
1.39706e-06
9.81489e-07
9.58507e-07
1.17485e-06
1.0421e-06
1.08916e-06
1.33329e-06
1.33051e-06
1.21468e-06
1.06972e-06
1.5601e-06
9.22256e-07
1.14793e-06
8.91644e-07
9.90406e-07
9.93013e-07
1.52072e-06
1.26084e-06
1.23374e-06
1.49856e-06
1.13788e-06
1.17169e-06
1.35676e-06
9.25145e-07
8.07637e-07
1.41334e-06
1.56612e-06
9.42224e-07
9.76104e-07
1.49248e-06
1.39089e-06
1.47502e-06
1.34704e-06
1.51679e-06
1.75672e-06
1.5095e-06
1.65073e-06
1.47173e-06
1.57926e-06
1.51138e-06
1.47477e-06
1.21366e-06
1.29189e-06
1.25881e-06
1.05546e-06
1.08293e-06
1.46993e-06
1.48796e-06
1.32579e-06
1.79461e-06
1.44085e-06
1.27954e-06
1.71834e-06
1.27874e-06
1.27017e-06
1.47874e-06
1.1519e-06
1.31857e-06
1.35423e-06
1.48563e-06
1.03387e-06
1.43055e-06
1.27139e-06
1.09068e-06
1.46399e-06
1.48315e-06
1.42961e-06
1.76285e-06
1.44374e-06
1.43452e-06
1.64248e-06
1.382e-06
2.07214e-06
1.47014e-06
1.56599e-06
1.47681e-06
1.54797e-06
1.58822e-06
1.12877e-06
1.53744e-06
1.07322e-06
5.80202e-07
1.64067e-06
1.2284e-06
1.26056e-06
1.16175e-06
1.59804e-06
1.21645e-06
1.48663e-06
1.23038e-06
1.02133e-06
1.09976e-06
1.47068e-06
1.23269e-06
1.15788e-06
1.39277e-06
1.25285e-06
1.46899e-06
1.58318e-06
1.46458e-06
1.31338e-06
1.00754e-06
1.2147e-06
1.7911e-06
1.83439e-06
1.64715e-06
1.7802e-06
1.3587e-06
1.38394e-06
7.12955e-07
8.81737e-07
1.22547e-06
1.26803e-06
1.46248e-06
1.55524e-06
1.35239e-06
1.37663e-06
1.47915e-06
1.4795e-06
1.70496e-06
1.49015e-06
1.42705e-06
1.30451e-06
1.34327e-06
1.54502e-06
1.20407e-06
1.48832e-06
1.11669e-06
1.47784e-06
1.2468e-06
1.23833e-06
1.1477e-06
1.67344e-06
1.44197e-06
1.45193e-06
1.48455e-06
1.38388e-06
1.51105e-06
1.53088e-06
1.73584e-06
1.57566e-06
1.5745e-06
1.4657e-06
1.61759e-06
1.52707e-06
1.60141e-06
1.15219e-06
1.89888e-06
1.49859e-06
1.26523e-06
1.85363e-06
1.31806e-06
1.73061e-06
1.60121e-06
1.65042e-06
1.24312e-06
1.19439e-06
1.72882e-06
1.43023e-06
1.73633e-06
1.60879e-06
1.11454e-06
1.16584e-06
1.47995e-06
1.46546e-06
1.18655e-06
1.42573e-06
1.13963e-06
1.15712e-06
1.15135e-06
1.94576e-06
1.46151e-06
1.49536e-06
1.93265e-06
1.47674e-06
1.05524e-06
1.17018e-06
1.06954e-06
1.49576e-06
1.19696e-06
1.09549e-06
1.49965e-06
1.42813e-06
1.13395e-06
1.22471e-06
1.4292e-06
1.05833e-06
2.06359e-06
1.95659e-06
1.39598e-06
1.17728e-06
1.2576e-06
1.43071e-06
1.44098e-06
1.141e-06
1.72397e-06
1.3754e-06
1.45752e-06
1.47902e-06
1.32143e-06
1.45473e-06
1.37148e-06
1.33572e-06
1.45066e-06
1.27432e-06
1.47181e-06
1.30306e-06
1.4307e-06
1.43741e-06
1.74797e-06
1.61163e-06
1.44413e-06
1.3355e-06
1.34561e-06
1.69901e-06
1.32401e-06
1.31801e-06
1.36386e-06
1.048e-06
1.57862e-06
1.36821e-06
1.34517e-06
1.37233e-06
1.79985e-06
1.49791e-06
1.10125e-06
1.77481e-06
1.2484e-06
1.60357e-06
1.53313e-06
1.27815e-06
1.19774e-06
1.79968e-06
8.99603e-07
1.32604e-06
1.57669e-06
1.47813e-06
1.22095e-06
1.57168e-06
1.12157e-06
1.91755e-06
1.49318e-06
1.76647e-06
1.40137e-06
1.7919e-06
1.7745e-06
1.22413e-06
1.12422e-06
1.16426e-06
1.6994e-06
1.41222e-06
1.40246e-06
1.1368e-06
1.46168e-06
1.83923e-06
1.43298e-06
1.55441e-06
1.27134e-06
1.43401e-06
1.25884e-06
1.0801e-06
1.67935e-06
1.17897e-06
1.2062e-06
1.62356e-06
1.1515e-06
1.40405e-06
1.11513e-06
1.61951e-06
1.80112e-06
1.40564e-06
1.39257e-06
1.36573e-06
1.51848e-06
1.34529e-06
1.28462e-06
1.5503e-06
1.22443e-06
1.37169e-06
1.47566e-06
1.41822e-06
1.4336e-06
1.1528e-06
1.09565e-06
1.31569e-06
1.63158e-06
1.20132e-06
2.09782e-06
1.16379e-06
1.24435e-06
1.08496e-06
1.21006e-06
1.40516e-06
1.19838e-06
9.69385e-07
1.64676e-06
1.39185e-06
1.23842e-06
1.47874e-06
1.20652e-06
1.6898e-06
1.45736e-06
1.57718e-06
1.4009e-06
1.27946e-06
1.59915e-06
1.43111e-06
1.21984e-06
1.78204e-06
1.44493e-06
1.63424e-06
1.37629e-06
1.55616e-06
1.59468e-06
1.52929e-06
1.36186e-06
1.83089e-06
1.33717e-06
1.75275e-06
1.54759e-06
1.19417e-06
1.82092e-06
1.78779e-06
1.26855e-06
8.71853e-07
1.89097e-06
1.86487e-06
1.99232e-06
1.15566e-06
1.52237e-06
1.47524e-06
1.1428e-06
1.59682e-06
1.48262e-06
1.51163e-06
1.56631e-06
1.35597e-06
1.50281e-06
1.50871e-06
1.77172e-06
1.57166e-06
1.55432e-06
1.41407e-06
1.46649e-06
1.4907e-06
1.58058e-06
1.75235e-06
1.08204e-06
1.4948e-06
1.95619e-06
1.14639e-06
1.3053e-06
1.50251e-06
1.07294e-06
1.96356e-06
1.72658e-06
1.44316e-06
1.4162e-06
1.48329e-06
1.57135e-06
1.2078e-06
1.71027e-06
1.03605e-06
1.58837e-06
1.17596e-06
1.87036e-06
1.35684e-06
1.49112e-06
1.23983e-06
1.51421e-06
1.41053e-06
1.56585e-06
1.52889e-06
1.67678e-06
1.44983e-06
1.67652e-06
1.55635e-06
1.80904e-06
1.20043e-06
1.54624e-06
1.53878e-06
1.62438e-06
1.70935e-06
1.7115e-06
1.47726e-06
1.58666e-06
1.10654e-06
1.12949e-06
1.08489e-06
1.53052e-06
1.60167e-06
1.2527e-06
1.69549e-06
1.58073e-06
1.59206e-06
2.05224e-06
1.4927e-06
1.47082e-06
1.60572e-06
1.27171e-06
1.08682e-06
1.53857e-06
1.12767e-06
9.71503e-07
1.13142e-06
7.76253e-07
1.76203e-06
1.53473e-06
1.68744e-06
1.23131e-06
9.87038e-07
9.52822e-07
1.30432e-06
1.29845e-06
1.4069e-06
1.29545e-06
1.81291e-06
1.26304e-06
1.36694e-06
1.67577e-06
1.29015e-06
1.51265e-06
1.43719e-06
1.86314e-06
1.08778e-06
1.13367e-06
1.33145e-06
1.87338e-06
8.91114e-07
1.41209e-06
9.25292e-07
1.57818e-06
1.3628e-06
1.38013e-06
1.4616e-06
1.08508e-06
1.3821e-06
1.36754e-06
1.33737e-06
1.68559e-06
1.17778e-06
1.45768e-06
1.64262e-06
1.46518e-06
1.951e-06
1.54112e-06
1.91437e-06
1.8444e-06
1.43503e-06
1.27655e-06
1.33461e-06
1.61719e-06
1.45954e-06
1.04488e-06
1.03553e-06
1.01395e-06
1.18428e-06
1.29781e-06
1.20231e-06
1.48876e-06
1.3928e-06
1.30071e-06
1.29359e-06
1.71595e-06
1.0056e-06
1.18259e-06
1.98614e-06
1.39096e-06
1.47252e-06
1.60541e-06
1.3109e-06
1.31749e-06
1.50506e-06
1.5095e-06
1.60529e-06
1.29807e-06
7.96332e-07
8.26965e-07
9.48424e-07
9.68855e-07
8.64658e-07
1.18854e-06
9.38553e-07
1.6784e-06
7.212e-07
1.32461e-06
1.59626e-06
1.57488e-06
1.23878e-06
1.10998e-06
1.17022e-06
1.42759e-06
1.17543e-06
1.05307e-06
1.31435e-06
1.43953e-06
1.31511e-06
1.1859e-06
1.13257e-06
1.09497e-06
1.26665e-06
1.19625e-06
1.48632e-06
1.56068e-06
1.18043e-06
1.22032e-06
1.46985e-06
1.47194e-06
1.83259e-06
1.3783e-06
1.39715e-06
1.49592e-06
1.67047e-06
1.51179e-06
1.31308e-06
1.51337e-06
1.72674e-06
1.32909e-06
1.55555e-06
1.07305e-06
1.34511e-06
1.35344e-06
1.17462e-06
1.16435e-06
7.07495e-07
1.64094e-06
1.68566e-06
1.36511e-06
1.4877e-06
1.05532e-06
1.46497e-06
1.07084e-06
1.59272e-06
1.46415e-06
1.41252e-06
1.88284e-06
1.8393e-06
1.60577e-06
1.25584e-06
1.39061e-06
1.05082e-06
1.07906e-06
1.09489e-06
1.01385e-06
1.61301e-06
1.52032e-06
1.86586e-06
1.54516e-06
1.15226e-06
1.49802e-06
1.68081e-06
1.06005e-06
1.57999e-06
1.19818e-06
1.31197e-06
1.32714e-06
1.48818e-06
1.32089e-06
1.49199e-06
2.10137e-06
1.23265e-06
1.48088e-06
1.43314e-06
1.24889e-06
1.59409e-06
1.40312e-06
1.62524e-06
1.30067e-06
1.24831e-06
1.31417e-06
1.04621e-06
8.77224e-07
1.5126e-06
1.38448e-06
1.65982e-06
1.6185e-06
1.13106e-06
1.23677e-06
8.1153e-07
1.26504e-06
1.31823e-06
1.0999e-06
1.27899e-06
1.09341e-06
1.58521e-06
1.37717e-06
1.34495e-06
1.56009e-06
1.418e-06
1.13416e-06
1.44358e-06
1.40781e-06
1.40696e-06
1.51233e-06
1.23581e-06
1.31401e-06
1.51686e-06
1.16008e-06
1.31826e-06
1.24489e-06
1.4475e-06
1.41139e-06
1.45164e-06
1.85796e-06
1.75792e-06
1.09725e-06
1.01655e-06
1.39665e-06
1.44709e-06
1.27858e-06
1.43578e-06
1.53736e-06
1.17579e-06
1.50845e-06
1.54015e-06
1.47758e-06
1.32539e-06
1.07928e-06
1.48749e-06
1.42625e-06
1.48362e-06
1.29094e-06
1.66367e-06
1.3519e-06
1.56415e-06
1.3705e-06
1.52793e-06
1.02244e-06
1.10148e-06
1.27716e-06
1.2427e-06
1.72301e-06
1.87328e-06
1.52203e-06
1.50387e-06
1.46892e-06
1.24581e-06
1.48418e-06
1.75294e-06
2.10149e-06
1.83785e-06
1.45976e-06
1.86606e-06
1.23997e-06
1.19421e-06
1.57838e-06
1.95014e-06
1.44166e-06
1.77076e-06
1.80221e-06
1.30921e-06
1.3874e-06
1.07603e-06
1.51661e-06
1.35937e-06
1.5642e-06
1.54521e-06
1.72057e-06
1.74482e-06
1.4744e-06
1.10775e-06
1.25212e-06
1.33264e-06
1.81218e-06
1.46629e-06
1.52901e-06
1.40453e-06
1.36993e-06
1.33546e-06
1.48785e-06
1.36994e-06
1.29271e-06
1.87201e-06
1.86272e-06
1.31844e-06
1.35163e-06
1.46747e-06
1.98e-06
1.82415e-06
1.43977e-06
1.9562e-06
1.6577e-06
1.52813e-06
1.45674e-06
1.89902e-06
1.42602e-06
1.56768e-06
1.10942e-06
1.08201e-06
8.45566e-07
1.33151e-06
1.13446e-06
1.16038e-06
1.42675e-06
1.69032e-06
1.32521e-06
1.23359e-06
1.4703e-06
1.20118e-06
1.27857e-06
1.3545e-06
1.33312e-06
1.53003e-06
1.279e-06
1.35557e-06
1.81757e-06
1.35246e-06
9.49335e-07
1.30839e-06
1.46484e-06
1.69836e-06
1.95197e-06
2.11137e-06
1.91904e-06
1.14379e-06
1.27488e-06
1.48192e-06
1.29036e-06
8.02279e-07
9.15802e-07
1.34107e-06
1.14557e-06
1.43497e-06
1.53388e-06
1.84967e-06
1.71993e-06
1.27172e-06
1.93682e-06
1.60247e-06
1.30155e-06
2.02994e-06
1.39618e-06
1.04619e-06
1.23228e-06
1.66953e-06
1.40556e-06
1.85068e-06
1.41757e-06
1.86532e-06
1.7597e-06
1.26726e-06
1.8756e-06
1.87318e-06
1.12567e-06
2.22762e-06
1.36873e-06
1.90116e-06
1.0516e-06
1.38141e-06
1.0771e-06
1.57677e-06
1.26282e-06
1.54621e-06
1.58829e-06
1.26393e-06
1.29108e-06
1.35856e-06
1.27544e-06
1.63788e-06
2.20004e-06
1.27957e-06
1.19476e-06
1.33596e-06
1.32311e-06
1.19727e-06
1.36142e-06
1.46002e-06
1.33037e-06
1.36698e-06
1.40509e-06
1.34532e-06
9.88435e-07
1.73518e-06
1.55185e-06
1.66888e-06
1.18326e-06
1.74802e-06
1.74135e-06
1.67878e-06
1.32903e-06
1.36882e-06
1.92657e-06
1.40647e-06
1.35688e-06
1.49807e-06
1.12871e-06
1.75916e-06
1.62343e-06
1.41577e-06
1.75741e-06
1.44566e-06
1.25913e-06
1.20508e-06
1.43819e-06
1.5412e-06
1.20921e-06
1.25504e-06
1.0631e-06
9.72006e-07
1.39448e-06
9.53609e-07
1.24946e-06
1.2686e-06
9.46287e-07
1.27138e-06
1.24392e-06
1.30274e-06
1.509e-06
1.05733e-06
1.26444e-06
1.24823e-06
9.79603e-07
1.2815e-06
1.41955e-06
1.77939e-06
1.30831e-06
1.14695e-06
1.77309e-06
1.8228e-06
1.90211e-06
1.09656e-06
1.60066e-06
1.94188e-06
1.62579e-06
1.37795e-06
1.61632e-06
1.79284e-06
1.72339e-06
1.2914e-06
1.34906e-06
1.68864e-06
1.0171e-06
1.30749e-06
1.61079e-06
1.9916e-06
7.89056e-07
1.66467e-06
1.32365e-06
1.32791e-06
1.32458e-06
1.65958e-06
1.76592e-06
1.11048e-06
1.27378e-06
1.29701e-06
1.42245e-06
9.36342e-07
1.46531e-06
1.11541e-06
1.53396e-06
1.11681e-06
1.28735e-06
1.63053e-06
1.44161e-06
1.30545e-06
1.26991e-06
1.0903e-06
1.27907e-06
1.59004e-06
1.68119e-06
1.0862e-06
1.55842e-06
1.38672e-06
1.23156e-06
1.22596e-06
1.36687e-06
1.69815e-06
1.80278e-06
1.17189e-06
1.1145e-06
1.54863e-06
1.38856e-06
1.51824e-06
1.51828e-06
1.17122e-06
1.26899e-06
1.15289e-06
1.22414e-06
1.17663e-06
1.14225e-06
1.05635e-06
1.08257e-06
1.19077e-06
1.15888e-06
1.52114e-06
1.35781e-06
1.38508e-06
1.26916e-06
1.35191e-06
1.22445e-06
1.1541e-06
9.92085e-07
1.624e-06
1.4874e-06
1.08276e-06
1.74423e-06
1.50344e-06
1.30294e-06
1.24018e-06
1.23972e-06
2.08367e-06
1.24757e-06
1.29899e-06
1.23178e-06
1.37853e-06
1.18898e-06
1.44164e-06
9.81738e-07
1.72325e-06
1.48932e-06
1.45699e-06
6.29687e-07
1.56756e-06
1.68713e-06
1.31999e-06
8.93697e-07
1.32041e-06
1.35551e-06
1.21811e-06
1.15137e-06
1.21508e-06
1.3198e-06
1.26101e-06
1.24054e-06
1.36011e-06
1.20697e-06
1.38874e-06
1.30564e-06
1.67436e-06
1.80961e-06
1.3502e-06
1.30972e-06
1.2883e-06
9.37247e-07
1.11256e-06
1.19795e-06
1.38124e-06
1.04401e-06
1.04593e-06
1.26113e-06
1.51381e-06
1.395e-06
1.39499e-06
8.63702e-07
1.26475e-06
1.52341e-06
1.34381e-06
1.25258e-06
1.03756e-06
1.1522e-06
1.28985e-06
1.67723e-06
1.77997e-06
1.22594e-06
1.39523e-06
1.54827e-06
1.72343e-06
1.33021e-06
1.5316e-06
1.10187e-06
6.62831e-07
1.55021e-06
1.30278e-06
9.43792e-07
1.20205e-06
1.83688e-06
1.94335e-06
1.06312e-06
1.34019e-06
1.32279e-06
1.32865e-06
1.09704e-06
1.30759e-06
1.43612e-06
1.30052e-06
1.12502e-06
1.81284e-06
1.42853e-06
1.83067e-06
1.61888e-06
1.3448e-06
1.25196e-06
1.28396e-06
1.57304e-06
1.25776e-06
1.32049e-06
1.22111e-06
1.28409e-06
1.25257e-06
1.40456e-06
1.18923e-06
1.82814e-06
2.20055e-06
1.24059e-06
1.20971e-06
1.08492e-06
1.51198e-06
1.46827e-06
1.65412e-06
1.5603e-06
1.29537e-06
1.2822e-06
1.26097e-06
1.39791e-06
1.52153e-06
1.36437e-06
1.71415e-06
1.51718e-06
1.34419e-06
1.61937e-06
1.33733e-06
1.42678e-06
1.38217e-06
1.52467e-06
1.3902e-06
1.38025e-06
1.34889e-06
1.22115e-06
1.30742e-06
1.2558e-06
1.15019e-06
1.39051e-06
1.57859e-06
1.40989e-06
1.38279e-06
1.54388e-06
1.5592e-06
1.16479e-06
1.25515e-06
1.43009e-06
1.39815e-06
1.0651e-06
1.27258e-06
1.49936e-06
1.45278e-06
1.33042e-06
1.2702e-06
1.4895e-06
1.49078e-06
1.27075e-06
1.33136e-06
8.81451e-07
1.18763e-06
1.3915e-06
1.13933e-06
1.69871e-06
1.67065e-06
1.28018e-06
1.5998e-06
1.41231e-06
1.48935e-06
1.7654e-06
1.38759e-06
1.14498e-06
1.19893e-06
1.34151e-06
1.19792e-06
1.67613e-06
1.88121e-06
1.54149e-06
1.08386e-06
1.13091e-06
1.11077e-06
1.29064e-06
1.27079e-06
1.7109e-06
1.15287e-06
1.75783e-06
1.46665e-06
1.77943e-06
1.22596e-06
1.16726e-06
1.44988e-06
1.47803e-06
1.10666e-06
1.23171e-06
1.36492e-06
1.59702e-06
1.5504e-06
1.31365e-06
1.42255e-06
1.69488e-06
1.66976e-06
1.80074e-06
1.86325e-06
1.8697e-06
1.75465e-06
1.6099e-06
1.91818e-06
1.34272e-06
1.67014e-06
1.85411e-06
9.43798e-07
1.25445e-06
1.28135e-06
1.41892e-06
1.3281e-06
1.35971e-06
1.98628e-06
1.43117e-06
1.28832e-06
1.17249e-06
1.81078e-06
1.53888e-06
1.59062e-06
1.93345e-06
1.69562e-06
1.33705e-06
1.01129e-06
1.50273e-06
1.63676e-06
1.89891e-06
1.22906e-06
1.83714e-06
1.11775e-06
1.16979e-06
)
;
    }
}


// ************************************************************************* //
