/*--------------------------------*- C++ -*----------------------------------*\
| =========                 |                                                 |
| \\      /  F ield         | OpenFOAM: The Open Source CFD Toolbox           |
|  \\    /   O peration     | Version:  2312                                  |
|   \\  /    A nd           | Website:  www.openfoam.com                      |
|    \\/     M anipulation  |                                                 |
\*---------------------------------------------------------------------------*/
FoamFile
{
    version     2.0;
    format      ascii;
    arch        "LSB;label=32;scalar=64";
    class       volScalarField;
    location    "2/tube";
    object      omega;
}
// * * * * * * * * * * * * * * * * * * * * * * * * * * * * * * * * * * * * * //

dimensions      [0 0 -1 0 0 0 0];

internalField   nonuniform List<scalar> 
5195
(
677.823
565.394
368.732
467.07
525.906
491.05
855.497
239.574
277.634
354.068
476.417
461.668
418.744
337.353
405.668
338.605
142.452
480.303
549.064
636.317
412.19
393.39
407.028
498.51
435.949
412.878
482.118
496.328
282.982
348.088
64.7908
283.684
145.802
472.543
488.193
187.822
587.832
588.615
583.446
529.729
559.649
374.199
431.595
257.322
428.976
416.013
374.791
456.338
381.168
102.907
586.898
93.5066
454.062
456.808
401.781
32.4691
594.768
508.245
391.324
79.9344
346.774
301.301
356.543
287.074
507.903
270.969
693.019
508.954
305.879
262.783
358.706
340.981
262.079
464.835
382.712
335.606
451.262
589.63
385.035
632.426
678.463
493.078
269.605
446.712
557.185
387.808
296.14
420.531
490.784
513.745
382.156
607.935
332.634
656.552
375.692
537.924
318.132
339.097
1010.99
502.25
775.909
244.33
701.638
467.935
87.0164
574.618
393.89
565.257
664.584
755.116
876.219
420.225
422.234
729.637
1087.83
360.006
683.808
545.217
261.581
294.771
263.325
384.441
263.011
547.211
266.521
575.539
272.534
549.848
497.27
263.984
529.539
442.303
263.404
291.044
532.213
559.405
453.317
595.154
377.868
347.52
476.6
259.355
431.594
702.399
731.895
275.322
640.802
495.204
250.366
375.156
502.521
622.439
560.91
439.047
229.318
614.45
565.949
250.11
653.582
314.104
376.413
634.761
622.393
627.901
375.978
423.61
244.523
264.038
331.934
592.237
540.314
483.043
356.805
443.603
252.228
507.781
573.999
641.481
143.653
395.914
199.707
293.453
634.204
87.8986
89.7855
448.924
300.823
397.42
617.678
681.053
390.034
274.185
634.746
629.066
295.204
602.759
656.01
512.483
553.689
237.565
458.801
639.264
336.195
547.538
387.865
87.336
394.013
344.895
358.043
495.593
400.527
677.866
606.958
586.781
373.607
570.011
400.24
513.867
454.639
266.823
640.775
662.953
39.9271
553.972
584.964
357.307
372.061
628.354
564.124
306.121
314.349
481.807
359.404
400.627
302.232
274.08
604.606
388.388
598.221
508.528
381.327
258.883
484.448
268.183
455.706
383.166
442.108
558.737
312.995
395.251
445.831
484.885
326.197
329.694
343.498
580.499
738.724
272.745
655.245
462.068
380.615
345.274
265.226
360.526
377.867
525.219
528.558
269.329
350.967
631.011
318.314
361.184
648.644
378.8
458.46
444.34
548.241
521.349
369.73
470.259
480.014
499.133
368.32
36.9224
438.987
602.243
605.214
336.891
510.386
319.852
456.897
433.837
405.056
399.488
378.858
297.335
433.474
455.953
481.12
532.637
693.157
619.475
341.401
506.196
394.758
511.873
615.188
517.733
606.024
313.202
626.607
601.706
446.324
307.009
441.045
437.846
403.249
329.271
371.81
301.194
578.711
408.134
344.068
269.793
303.732
615.689
534.402
282.283
417.428
556.914
552.673
549.719
348.15
330.014
528.303
382.308
406.86
609.736
353.163
284.866
397.187
308.659
362.635
543.494
278.784
525.618
384.297
64.5273
172.322
642.923
724.395
343.257
359.631
644.439
337.75
102.251
1156.85
258.573
284.287
265.226
368.229
431.336
428.035
93.3782
284.317
282.431
741.869
98.606
417.077
381.088
431.352
582.84
432.952
652.109
392.084
598.175
257.527
383.5
289.706
636.132
376.945
539.918
435.516
606.016
543.81
253.06
610.008
350.789
496.129
337.012
333.346
430.776
615.542
498.707
652.864
729.725
439.93
737.388
648.088
406.759
374.634
383.996
526.204
348.246
378.306
413.256
34.7736
773.414
538.801
26.6626
57.9841
507.572
620.491
387.861
339.827
551.503
345.435
490.813
417.191
353.895
510.111
634.673
638.188
232.845
504.125
514.942
287.637
510.926
696.368
516.043
231.44
460.252
426.662
239.526
221.923
236.89
414.167
556.769
821.446
343.268
286.168
567.022
544.803
692.58
538.509
638.759
115.487
709.148
582.392
544.425
685.062
921.534
771.47
267.634
705.651
442.642
492.159
297.467
254.158
358.562
368.28
690.992
616.456
546.772
341.661
474.784
266.504
426.626
604.269
640.25
435.321
461.161
422.706
683.271
622.844
507.848
529.179
546.112
545.546
619.872
403.197
363.784
433.294
367.818
351.582
376.66
429.382
325.95
573.796
573.386
588.413
594.141
663.508
202.929
465.639
512.447
632.305
752.913
727.328
297.358
365.169
299.389
501.119
627.721
305.321
246.037
544.56
343.53
385.962
542.977
319.042
282.871
510.856
351.556
264.796
356.089
577.887
392.207
219.917
529.291
403.714
171.991
483.434
657.518
1004.54
492.082
416.829
717.825
435.734
179.081
383.057
273.364
309.471
512.41
462.945
391.762
323.21
555.516
400.567
274.902
275.705
675.853
548.201
509.739
271.546
447.657
378.29
478.513
620.593
655.294
358.109
524.251
381.365
672.243
346.206
536.28
491.196
415.571
289.147
575.117
328.609
373.94
374.587
595.856
342.293
324.582
276.921
559.997
252.671
1156.97
241.128
269.03
273.792
471.833
432.962
660.193
174.406
754.289
456.733
420.825
598.394
606.706
527.812
516.483
710.099
23.9289
561.997
414.037
788.086
403.3
267.403
459.55
271.077
172.978
759.107
1087.59
651.281
183.069
392.955
666.316
354.715
213.629
1101.48
423.953
517.684
470.099
442.615
496.205
329.395
590.983
383.114
258.994
319.402
675.236
242.578
422.057
419.864
356.248
655.416
369.903
581.479
566.667
205.166
419.222
342.221
263.198
157.024
178.62
336.734
512.157
423.557
207.188
393.953
487.692
529.396
52.5437
290.985
451.313
443.677
812.798
450.344
536.351
654.677
555.045
434.778
324.245
552.554
375.167
502.837
352.628
498.231
518.397
361.285
285.56
646.588
263.274
545.055
326.75
546.562
737.708
458.51
678.045
384.295
370.938
299.672
502.175
258.117
609.318
416.961
261.053
558.888
275.838
630.589
412.475
476.17
152.506
262.337
318.893
498.92
633.27
661.009
393.524
491.644
539.086
457.649
856.418
254.837
723.287
715.945
392.251
371.444
789.088
669.004
595.843
373.095
386.154
435.903
23.2082
335.346
407.203
336.22
276.863
576.435
568.931
774.683
472.374
310.758
487.646
285.875
488.016
505.531
508.226
264.407
682.263
680.233
531.364
293.7
448.719
470.51
325.036
448.499
724.528
263.997
172.467
499.615
276.92
347.379
486.33
344.852
562.635
363.673
516.731
454.233
784.459
359.298
507.735
711.857
434.137
259.939
531.088
524.403
526.831
498.788
314.175
473.386
447.63
357.358
352.446
477.75
493.477
256.327
620.599
289.323
574.743
281.426
276.558
312.08
289.89
303.443
347.298
280.83
433.933
568.617
273.835
361.377
429.089
973.201
423.362
519.051
381.636
450.756
611.599
519.922
684.881
356.49
270.861
25.9372
404.554
278.655
274.33
269.412
675.044
481.885
569.056
322.947
324.823
271.718
270.232
428.18
420.485
385.173
267.147
305.515
498.833
232.364
518.843
295.269
694.573
321.318
306.561
473.315
313.79
615.222
400.175
265.192
543.72
636.035
651.266
370.244
625.47
423.225
293.252
414.228
472.374
685.426
590.542
461.762
719.263
531.486
522.47
544.987
415.705
354.791
407.399
601.354
677.492
551.859
309.452
621.473
461.042
259.77
254.374
440.357
352.771
846.898
333.049
499.823
540.098
478.223
745.2
378.419
272.086
26.3388
23.7849
387.507
405.888
438.874
278.561
241.904
424.402
343.052
922.744
431.154
381.519
1116.26
685.257
357.551
419.537
1200.05
56.4295
607.883
384.402
23.8626
495.184
534.433
263.675
267.736
245.822
347.97
638.926
748.012
264.08
260.366
721.308
646.345
642.848
448.46
511.286
399.008
617.379
387.472
263.927
383.168
303.16
294.082
297.769
401.042
361.199
688.416
269.162
520.546
351.381
303.447
457.002
472.378
536.653
483.731
658.454
487.075
577.754
604.393
265.082
529.593
192.333
450.816
637.421
170.316
687.069
657.685
413.016
392.52
475.818
396.306
215.079
214.844
258.666
565.459
455.295
538.133
499.729
423.244
687.773
386.969
555.258
326.604
514.871
109.752
261.089
156.808
604.336
580.09
273.179
366.028
572.502
296.664
287.068
937.575
294.786
520.168
143.575
616.488
513.756
632.46
567.259
462.392
265.148
701.828
635.809
309.226
25.7671
327.527
152.928
625.376
632.809
349.932
469.445
155.344
622.881
1147.93
284.45
701.578
683.582
25.4747
46.7658
530.076
500.117
706.039
428.117
447.021
556.455
518.432
661.801
215.732
683.293
380.311
503.598
321.827
157.349
24.0976
463.716
506.224
340.16
330.076
839.875
659.643
345.342
299.187
368.619
351.109
298.813
265.151
267.449
428.022
266.496
702.968
648.551
288.878
603.789
657.508
571.937
409.308
476.16
315.675
280.365
266.501
593.436
481.549
527.702
501.63
273.768
491.463
414.398
268.997
335.626
262.128
412.764
621.65
316.593
716.923
264.597
406.365
355.012
565.784
532.647
349.671
617.907
402.677
408.778
397.129
468.764
531.746
474.979
1238.43
803.374
753.381
338.769
364.365
743.316
375.925
369.857
593.397
354.067
768.895
408.056
313.738
344.714
399.19
403.146
319.726
399.774
373.107
271.279
282.706
735.295
235.934
586.375
408.743
584.682
429.568
171.011
530.341
104.662
361.931
417.442
286.417
51.2276
312.987
332.432
252.857
268.894
286.309
361.142
355.407
367.983
419.045
426.244
383.124
233.633
435.749
355.298
247.021
260.982
578.084
262.291
649.54
383.026
371.199
460.197
610.857
954.915
366.637
252.806
454.022
410.178
559.037
263.111
718.646
711.955
256.455
699.993
574.745
496.684
606.927
397.231
338.862
430.808
556.038
302.968
653.102
595.737
526.772
463.065
438.972
265.889
495.638
527.518
334.315
391.913
382.536
385.948
371.906
311.673
250.609
261.563
336.018
291.722
220.647
574.687
760.094
265.806
457.659
344.762
685.234
469.357
469.775
346.898
646.806
737.656
373.013
677.202
444.49
390.451
604.274
348.125
585.715
1116.02
403.361
294.247
665.485
483.625
604.682
635.559
532.82
419.545
418.173
725
374.271
461.515
679.241
357.513
606.529
357.428
594.138
612.944
564.592
546.081
735.059
545.748
381.764
640.948
379.601
346.621
574.251
533.665
650.378
589.281
492.631
635.102
268.851
628.831
414.743
575.919
634.631
525.104
419.446
278.018
299.454
683.478
727.219
356.691
237.484
361.587
425.521
637.064
359.939
455.189
446.331
525.813
529.773
368.999
327.501
427.778
607.151
356.09
526.166
106.05
264.934
245.14
361.611
340.217
473.832
497.55
346.734
394.476
554.777
545.274
670.929
328.102
538.597
379.433
418.229
736.806
606.601
355.142
423.241
610.287
336.55
353.388
643.147
387.895
835.673
345.869
489.711
577.159
348.46
660.556
352.835
371.967
480.324
224.114
461.341
362.587
391.685
498.04
613.973
512.545
477.407
714.806
453.862
620.178
487.829
428.124
347.975
642.482
320.207
441.254
251.321
405.645
539.947
670.393
681.537
730.484
470.795
711.284
260.274
426.5
761.121
748.269
498.539
388.234
768.689
650.618
658.839
226.212
552.913
733.031
582.11
612.081
230.048
347.739
578.892
302.588
359.778
380.256
526.267
602.833
331.616
456.478
264.673
643.479
388.889
348.309
506.791
685.312
538.441
324.846
486.632
269.772
164.053
436.601
359.944
701.392
343.484
314.772
368.692
386.04
348.107
558.377
270.079
235.36
658.777
25.5477
336.947
754.115
643.503
636.52
552.583
313.629
410.078
311.866
564.596
551.568
612.963
439.335
433.136
506.447
601.506
923.33
189.215
490.566
160.954
517.637
187.879
436.448
661.211
257.635
442.973
564.338
489.981
338.316
541.227
752.355
636.884
628.034
342.253
694.115
528.224
473.1
279.445
344.763
300.045
145.625
392.333
348.155
503.728
596.807
1047.36
339.462
524.174
591.014
249.004
409.246
445.397
479.256
324.255
112.283
502.684
478.427
445.097
409.282
386.278
343.129
506.757
378.642
610.028
381.561
517.815
401.555
689.414
486.928
540.485
652.661
525.885
354.611
516.874
608.615
454.887
23.2994
542.417
35.3094
706.993
357.348
354.387
389.396
626.331
433.059
34.4659
566.955
514.599
546.111
485.939
320.243
275.666
476.15
457.193
30.6075
621.647
517.417
431.435
670.768
490.872
727.144
646.977
487.787
338.135
711.845
551.367
584.93
573.468
499.571
258.375
685.458
872.844
257.224
486.493
594.714
419.964
339.092
557.138
434.661
364.044
283.972
450.869
395.285
347.898
578.127
364.767
666.383
369.486
385.836
412.036
599.301
617.337
824.501
360.149
605.992
351.399
611.391
686.662
410.564
599.992
626.955
598.732
521.124
244.84
686.041
690.495
560.424
578.611
616.892
140.886
585.476
431.556
515.049
516.4
447.043
457.285
452.012
481.312
674.628
230.515
549.713
728.476
433.403
427.532
350.836
370.799
666.087
442.184
385.821
490.818
330.53
364.487
665.574
579.069
446.387
274.281
423.428
358.345
512.3
532.853
99.4228
450.047
461.588
522.966
451.947
566.048
297.123
760.361
307.057
294.688
471.377
459.029
541.831
794.616
366.187
503.699
426.862
263.011
384.773
331.199
692.947
304.487
599.995
340.448
720.392
333.211
676.535
345.054
533.965
644.193
593.349
590.932
390.843
690.125
350.243
688.249
585.928
618.634
596.309
557.885
532.734
514.378
636
350.926
350.936
341.054
571.628
456.349
344.251
561.965
452.254
278.166
757.98
541.92
444.26
734.335
642.81
688.596
634.987
442.843
394.869
364.046
589.017
589.265
345.619
493.829
380.543
425.854
751.179
509.609
535.36
302.851
627.22
866.5
421.416
582.115
424.439
326.881
667.145
509.89
384.036
420.052
494.883
284.652
555.348
514.847
497.212
457.176
298.352
310.16
384.075
452.997
273.279
481.44
792.335
472.026
468.95
297.333
597.633
611.387
526.802
474.284
521.677
287.087
291.037
332.524
259.28
396.716
322.426
346.124
252.64
634.028
580.203
352.847
677.185
459.176
560.422
345.642
418.296
255.719
111.456
378.465
384.576
346.399
739.271
596.57
454.493
625.21
841.771
363.399
317.301
208.883
265.618
526.989
608.678
1139.5
699.629
498.455
593.77
267.087
343.362
714.643
410.582
471.922
426.694
381.322
282.003
396.597
267.259
467.853
303.766
585.52
603.681
608.873
640.035
259.941
296.338
496.112
280.172
675.698
248.214
284.11
377.566
370.353
362.547
407.86
702.439
421.492
711.83
269.347
408.204
647.222
459.432
344.157
624.72
465.824
474.762
433.321
286.57
450.395
472.933
405.072
487.884
621.142
291.71
585.707
743.589
455.323
318.655
412.096
397.39
577.783
486.209
391.338
422.384
476.462
251.36
736.464
417.757
501.166
260.98
477.621
651.914
627.587
371.163
369.26
374.685
700.945
836.53
563.348
257.103
641.894
290.984
456.426
619.699
570.644
257.66
634.754
701.034
417.968
649.298
586.171
737.583
381.282
738.753
776.909
171.466
566.794
367.586
240.839
146.861
346.903
616.133
546.024
767.124
310.987
397.406
603.333
775.599
685.26
394.523
445.075
385.677
554.451
786.799
599.892
269.857
251.361
519.304
236.858
434.065
494.847
541.265
541.64
435.05
416.47
258.303
480.186
435.324
481.672
641.639
444.066
548.575
475.851
632.334
344.454
538.705
398.512
422.601
536.228
458.304
412.54
567.442
277.018
261.739
220.4
446.445
502.692
567.591
695.69
486.812
974.773
313.368
390.291
270.526
495.477
312.158
372.262
656.386
386.357
442.587
598.638
436.809
733.195
477.181
486
490.692
675.247
512.698
368.507
426.205
684.863
260.81
366.024
403.499
592.939
751.307
760.812
651.801
380.433
672.531
292.249
461.014
339.326
481.524
324.358
530.208
397.282
398.612
542.769
350.725
332.857
518.401
255.769
71.5322
786.629
570.75
550.483
262.511
344.929
573.86
482.36
561.4
346.167
1070.28
526.566
260.585
447.273
702.457
798.417
486.549
624.225
609.825
630.498
628.216
517.382
277.863
218.177
386.08
625.217
328.429
265.252
323.559
326.538
287.465
378.525
643.269
296.718
276.458
333.387
243.884
493.458
399.984
710.767
555.261
302.26
578.95
739.268
484.932
514.515
612.944
393.413
273.24
431.516
468.215
562.514
327.059
362.267
511.758
406.976
457.431
599.895
337.808
628.348
535.054
431.139
635.543
512.841
277.746
741.739
315.507
275.245
514.694
237.737
643.688
404.31
342.847
596.225
267.577
271.15
559.142
259.796
385.834
277.657
306.688
419.92
544.798
818.675
472.357
452.666
310.008
414.936
690.694
375.494
303.411
197.06
488.699
475.119
422.305
307.573
453.335
345.967
452.519
696.02
291.17
355.438
363.514
353.202
811.714
605.738
337.952
553.437
352.177
667.948
387.001
272.089
350.487
651.583
395.257
577.748
259.408
499.157
679.517
603.323
420.18
711.468
625.324
453.985
411.143
486.262
673.567
247.023
434.925
360.104
361.415
665.858
359.37
300.304
259.579
359.263
347.461
450.085
579.371
725.951
299.388
557.186
355.992
102.064
561.901
690.297
591.273
423.16
662.941
794.452
699.464
590.22
517.765
402.352
382.433
101.625
597.853
147.354
340.764
654.083
196.43
735.051
533.195
166.024
388.364
518.119
447.454
23.2384
567.203
266.258
237.003
106.439
298.761
379.638
1083.91
382.669
461.375
392.724
361.159
281.092
357.906
299.035
870.882
755.932
242.027
235.383
580.381
582.869
565.861
506.192
257.782
257.377
252.085
501.659
492.308
263.965
251.524
614.205
490.212
635.16
443.115
694.305
637.567
306.372
582.306
584.032
662.827
567.908
260.298
37.0767
324.703
607.586
970.178
609.014
448.793
477.611
410.203
431.593
612.341
468.585
378.006
498.537
504.211
562.902
678.392
561.337
373.637
371.21
618.703
657.429
745.966
436.772
262.618
602.352
540.669
877.192
368.865
299.828
625.747
771.397
567.971
269.269
301.77
253.197
536.258
326.521
485.113
334.991
436.912
596.801
445.17
338.785
334.511
281.993
761.616
368.012
752.603
478.598
348.959
452.737
527.9
685.373
491.742
239.464
496.706
669.265
475.283
376.528
588.526
392.339
691.426
486.011
398.704
606.38
255.911
597.25
55.7712
230.764
410.551
558.419
179.912
510.315
538.91
354.932
349.627
500.305
279.644
470.482
436.777
301.649
299.249
396.871
638.527
626.664
263.419
516.503
662.423
367.444
406.446
399.211
617.186
601.883
354.997
502.419
389.696
550.204
528.632
704.851
611.954
652.231
666.604
504.903
270.065
528.088
325.274
477.493
546.803
374.215
264.303
400.533
483.018
454.039
272.809
567.099
370.569
596.485
395.034
657.032
544.999
381.302
377.769
487.486
656.289
532.659
554.581
268.234
622.428
365.747
508.58
383.44
324.61
347.692
575.855
330.21
631.629
580.478
254.616
323.867
508.865
353.818
329.672
271.081
385.09
686.068
358.874
565.726
690.441
206.556
542.313
244.324
582.353
411.215
274.68
477.211
581.255
563.539
220.733
343.908
541.715
275.332
501.232
531.335
572.346
296.274
289.001
436.682
290.935
426.404
451.917
441.37
291.986
678.136
677.525
467.743
393.782
411.888
574.939
440.928
250.999
656.016
383.707
299.877
339.033
248.471
659.056
509.281
376.651
336.669
249.757
317.999
383.301
248.833
255.074
341.73
541.513
634.419
635.747
366.331
405.847
542.737
541.57
550.608
290.547
501.394
680.605
193.796
470.578
678.845
710.804
288.392
334.291
485.025
483.429
568.202
706.525
647.091
574.16
281.968
425.037
471.382
273.243
271.19
281.787
323.574
511.578
435.939
632.181
561.264
282.482
552.95
394.839
313.172
294.441
239.476
434.922
235.324
490.075
248.335
567.381
204.46
342.115
416.518
560.198
695.981
480.686
560.15
457.167
447.005
555.702
262.464
663.578
210.488
697.411
646.381
378.535
176.944
748.658
546.715
594.663
761.283
470.083
611.006
381.837
712.75
269.574
710.098
543.467
610.285
650.725
435.52
494.883
494.713
557.166
359.533
591.797
437.62
675.709
139.552
529.538
260.823
627.434
392.601
536.959
342.032
599.449
375.981
483.232
692.258
637.005
732.233
187.754
524.886
647.087
490.848
356.19
345.631
665.406
497.208
413.931
408.464
559.99
509.163
523.168
255.404
236.602
310.37
933.511
429.961
375.004
523.477
238.793
733.418
543.602
299.09
914.667
314.692
537.476
383.103
543.163
356.695
423.27
561.866
355.515
640.735
514.527
410.281
356.451
336.252
330.58
377.39
335.645
515.561
607.603
642.301
365.556
1112.14
409.205
696.431
362.869
168.334
266.45
643.524
527.163
320.462
524.695
357.85
719.95
419.355
576.269
505.548
367.551
226.326
447.882
544.671
519.789
484.642
631.774
1295.65
502.483
466.179
525.223
437.059
322.732
371.22
365.145
452.192
538.479
504.789
541.283
305.302
429.394
536.622
318.855
387.808
352.485
756.893
269.072
254.087
391.083
509.973
425.069
410.861
774.962
649.461
364.048
512.149
474.045
531.614
349.742
498.762
711.668
265.825
362.941
317.373
393.911
544.699
418.299
387.546
355.025
416.176
175.326
630.504
527.524
532.887
279.884
526.476
387.77
494.933
521.934
615.567
399.44
723.379
549.072
424.702
409.229
335.003
609.591
252.637
679.819
601.15
771.202
462.963
262.236
545.492
335.233
448.019
268.265
617.004
648.586
262.645
292.514
272.354
284.989
412.772
388.936
608.974
769.607
548.44
263.633
523.427
529.615
265.961
377.606
536.425
538.545
303.165
376.542
798.515
416.936
634.524
646.353
348.656
502.252
424.076
340.564
508.103
520.337
425.498
354.103
469.208
639.639
412.03
386.55
334.416
422.995
393.827
431.716
398.16
414.278
263.448
480.472
482.511
393.426
506.117
428.48
330.995
409.249
586.715
633.008
643.522
334.177
462.683
630.094
561.306
599.993
645.445
470.081
510.93
377.62
279.233
391.19
368.1
603.09
287.503
349.041
679.621
545.324
387.213
441.698
495.494
376.948
346.153
507.37
591.504
343.149
513.241
593.554
382.607
412.659
321.417
314.931
540.694
401.707
405.289
437.295
416.33
399.02
881.016
296.672
419.396
519.815
441.35
711.277
324.544
568.514
755.041
538.755
522.208
325.792
745.745
83.2876
700.415
802.558
379.996
739.351
532.224
679.424
558.983
560.567
499.125
712.073
615.765
571.479
506.569
436.835
515.778
432.55
353.308
552.924
529.083
522.801
509.511
286.643
395.511
712.613
487.534
270.814
280.17
433.422
804.989
580.804
441.298
380.46
634.906
292.296
430.546
617.814
675.811
387.838
618.172
617.292
621.19
447.994
372.486
628.655
668.219
777.362
525.408
601.201
373.864
506.62
381.217
286.267
394.138
545.779
278.159
625.329
385.704
655.869
673.959
496.887
338.018
405.76
523.28
654.624
554.838
350.862
540.822
381.441
253.391
535.123
293.406
440.435
409.203
541.417
677.486
459.855
260.823
588.651
419.635
279.509
540.191
508.459
695.947
391.098
368.288
322.788
280.103
604.811
299.883
518.911
753.857
375.341
599.141
603.589
593.814
585.006
379.389
267.091
583.66
557.125
202.228
546.377
296.337
374.981
456.616
777.454
346.696
541.321
346.015
486.114
398.425
298.715
295.108
316.065
486.249
264.532
664.261
438.488
484.576
26.6315
420.123
354.739
575.42
35.6987
489.897
534.051
326.097
23.2842
28.5833
608.012
238.257
518.625
447.631
274.945
265.261
31.8621
734.511
385.279
355.367
277.014
456.805
313.092
468.557
635.221
461.571
430.836
519.576
1196.53
588.84
341.254
31.7862
435.075
282.643
26.1349
578.964
389.799
453.084
591.556
470.041
515.906
33.6684
452.123
609.956
258.878
589.322
457.728
233.536
468.521
423.51
397.389
275.81
523.549
630.062
373.448
523.342
212.101
621.502
765.622
391.715
398.675
627.593
675.376
558.19
526.043
195.29
426.575
369.394
336.395
351.404
460.085
623.525
297.795
719.641
712.898
568.377
502.549
506.983
371.599
259.473
384.527
658.986
512.062
393.7
584.157
522.199
660.94
615.53
336.623
984.196
376.519
628.643
626.992
23.8323
513.563
58.9762
362.45
666.865
671.779
824.811
406.919
440.145
649.898
615.73
397.685
423.384
270.573
701.329
400.764
270.91
421.461
497.334
658.721
390.014
503.687
549.922
799.598
376.82
477.639
584.062
810.945
484.159
654.427
457.98
256.882
453.86
554.553
358.585
678.746
255.184
736.472
427.525
435.206
330.32
572.105
395.42
469.226
572.537
504.066
503.687
357.837
285.996
253.068
474.86
717.844
610.816
818.665
338.352
741.936
507.718
637.796
513.934
382.518
474.188
340.716
531.196
557.693
320.46
526.346
580.285
333.342
639.679
502.041
519.213
372.516
374.549
554.689
492.613
380.792
431.934
677.604
487.107
558.484
459.979
510.989
44.2147
533.374
706.39
635.893
628.908
221.848
429.656
456.108
212.319
573.446
595.286
456.874
460.932
594.078
448.957
375.269
503.887
489.493
676.119
394.138
298.334
496.608
522.645
380.607
274.517
490.775
380.026
388.791
508.587
559.555
1040.16
591.604
492.31
318.615
358.538
635.437
800.797
262.401
267.954
62.4022
504.963
558.382
531.536
284.635
669.426
272.991
532.17
582.546
668.039
401.182
309.78
507.997
715.198
1087.38
514.924
378.525
762.216
686.912
505.931
743.379
731.294
701.122
294.007
697.407
260.669
256.109
579.123
492.017
719.234
475.468
334.75
554.715
216.281
460.96
424.911
826.201
644.393
401.309
275.379
405.983
287.051
263.944
516.105
326.045
287.485
395.086
693.167
293.13
624.553
586.025
43.2688
53.6597
928.331
1093.66
23.8414
664.252
495.262
78.0874
849.298
590.057
538.637
572.115
645.444
413.737
536.555
320.915
600.001
31.6144
870.883
599.372
695.981
533.55
23.515
600.013
328.657
508.987
573.572
545.63
659.557
390.146
645.011
616.971
383.675
366.039
300.216
459.005
233.99
539.928
692.574
610.591
560.771
572.006
551.76
495.993
658.787
529.072
524.206
262.982
505.643
628.6
659.633
594.12
280.732
595.075
601.936
662.168
883.647
657.727
1187
567.837
557.984
260.69
681.231
489.723
495.801
328.162
610.801
621.645
614.632
388.459
348.032
288.654
347.686
359.406
408.106
342.139
531.658
704.633
600.44
544.643
469.559
501.605
359.939
242.787
574.091
402.62
434.385
654.911
242.743
592.367
587.912
513.636
590.472
250.481
464.843
281.806
552.149
426.376
558.665
615.386
604.185
509.882
783.457
370.448
317.085
501.087
651.066
704.803
223.567
615.41
679.475
395.48
661.783
360.897
739.753
574.363
737.387
657.44
544.472
522.008
402.89
388.826
530.784
565.48
537.99
260.701
553.723
679.047
352.783
613.447
411.928
566.556
782.571
527.699
488.07
553.041
507.091
405.576
291.032
269.6
271.911
481.892
304.931
670.81
650.557
414.031
524.257
337.96
503.07
506.471
504.007
426.346
339.064
255.327
407.559
268.182
706.982
562.014
471.144
217.546
579.221
529.848
1073.68
694.894
521.785
443.747
261.32
264.972
419.223
504.639
390.116
616.081
407.075
547.151
554.018
612.96
627.297
453.378
598.086
441.845
374.74
282.198
628.563
643.001
576.619
530.838
421.353
424.839
674.68
680.584
456.927
316.443
518.39
725.353
705.217
468.541
451.147
318.256
622.885
454.948
351.388
646.816
253.278
611.047
568.169
936.933
641.797
791.052
610.507
700.702
655.214
610.262
693.399
720.695
168.93
689.478
492.483
494.635
414.691
418.992
687.767
621.213
614.248
395.587
590.086
633.138
572.882
327.454
448.335
730.27
143.755
400.228
268.276
508.268
346.595
326.113
353.784
324.291
612.536
425.509
615.946
263.315
266.811
665.231
655.982
481.508
403.181
559.239
497.491
422.967
625.988
382.627
529.045
697.233
550.581
257.92
434.606
469.088
512.772
350.299
443.863
353.827
260.024
422.904
423.194
470.903
597.132
408.972
404.551
576.489
537.636
325.572
507.117
415.417
466.568
355.327
519.381
689.883
553.855
502.596
522.959
370.197
489.513
459.657
658.758
504.046
591.838
411.939
623.683
575.982
312.23
330.691
426.563
470.608
271.013
516.3
428.511
571.495
401.485
606.068
463.088
566.542
474.875
550.7
431.662
494.612
398.408
479.346
443.032
698.019
397.872
481.708
549.122
613.687
429.933
630.384
479.375
481.612
564.081
783.245
486.072
390.843
664.403
557.605
742.42
546.706
727.518
539.359
276.05
438.554
531.727
379.32
564.42
448.345
530.492
634.356
499.454
676.733
507.162
269.169
452.072
721.866
252.595
562.614
419.054
363.167
634.058
646.209
395.205
557.952
520.127
491.183
642.652
763.168
549.845
394.732
392.461
312.002
404.449
856.204
154.87
295.215
154.493
637.044
335.181
337.731
495.257
598.821
343.186
285.797
488.243
583.191
431.399
387.692
503.359
580.964
614.201
632.53
438.881
239.95
678.384
557.275
481.926
389.285
477.614
440.664
414.498
611.071
537.634
536.696
411.305
538.009
719.841
579.367
360.791
553.413
570.333
368.712
301.002
257.873
435.969
339.755
463.869
667.907
307.795
93.4736
465.516
331.825
447.31
425.873
264.715
375.01
512.189
279.415
423.301
268.76
277.381
561.343
336.274
514.528
281.215
484.716
479.705
496.891
336.647
516.96
331.159
274.311
599.965
498.873
269.933
756.628
444.659
524.856
370.068
240.372
583.885
674.523
462.601
520.749
277.091
675.662
391.163
261.913
319.99
601.358
325.105
259.206
551.044
660.403
564.503
448.322
381.61
491.492
487.527
399.366
802.895
524.168
405.666
386.725
439.292
552.98
485.121
371.265
306.831
560.335
357.151
271.575
600.941
474.041
381.356
623.377
296.257
266.833
383.066
293.811
478.845
645.066
428.876
351.119
515.758
500.243
313.787
622.085
516.465
615.181
520.428
412.625
392.118
767.655
475.362
766.762
556.895
551.152
264.637
548.518
485.009
503.392
467.137
503.262
413.384
539.307
394.605
272.465
267.352
491.876
265.019
357.69
528.965
600.851
395.063
373.439
509.998
348.878
412.581
450.304
532.399
622.207
280.365
511.938
513.683
365.545
424.963
690.619
316.69
556.094
734.647
293.415
517.157
505.302
483.544
489.888
565.792
522.72
265.904
453.514
259.786
524.661
544.923
524.722
374.713
582.07
389.307
259.279
505.884
381.035
624.858
573.169
265.028
277.354
513.531
477.347
510.823
379.214
354.563
499.829
269.25
353.097
513.768
267.634
390.208
605.502
241.159
558.787
632.385
525.276
772.037
425.254
288.049
278.106
567.484
676.327
382.173
452.81
629.574
657.18
475.551
605.844
470.554
482.569
475.957
247.852
393.384
827.695
344.706
511.226
504.357
112.626
390.242
525.473
386.544
323.827
267.497
276.649
379.939
614.088
446.838
557.222
626.818
620.337
294.488
349.122
610.717
589.859
268.792
326.703
356.781
347.208
430.656
454.01
297.402
239.821
370.689
362.467
553.184
492.561
749.664
322.908
539.559
518.617
454.719
548.375
480.028
346.727
217.222
561.048
440.482
539.136
254.223
743.246
284.814
341.515
437.557
711.783
479.641
585.897
470.972
596.774
526.563
362.837
678.612
605.634
541.563
417.242
585.484
371.039
257.361
385.444
400.745
248.959
371.43
485.592
425.871
440.506
492.226
377.57
378.361
321.343
380.759
521.291
414.376
360.289
257.939
541.761
307.663
667.087
381.029
729.399
458.26
488.839
478.387
799.287
337.844
329.103
518.186
460.474
701.388
452.1
402.53
396.576
331.251
381.746
353.423
422.316
375.461
595.077
368.872
369.072
420.843
295.257
657.171
616.389
367.477
535.001
346.114
303.234
482.987
191.094
669.608
573.724
369.689
396.327
486.969
416.981
198.439
299.42
433.513
443.31
382.886
245.403
245.374
491.399
266.046
263.961
471.412
247.061
757.489
357.347
550.437
734.658
247.855
373.478
409.947
224.22
400.226
873.354
398.062
432.526
249.937
464.152
457.837
325.086
460.14
174.799
104.67
537.432
185.343
25.3628
511.955
486.604
484.017
600.289
698.894
598.761
700.63
584.639
554.856
819.869
427.333
303.961
280.365
340.679
265.913
942.64
528.486
398.933
619.525
492.138
260.733
490.822
257.889
502.086
351.31
344.733
537.183
404.147
580.008
462.781
612.12
527.871
563.853
590.82
371.012
354.027
526.848
560.251
371.774
378.453
528.273
614.63
393.915
345.597
279.279
297.808
456.216
260.816
670.64
672.41
275.045
556.48
290.995
534.454
740.916
258.398
697.06
633.902
534.765
263.744
271.069
741.263
493.44
357.512
238.685
218.191
548.843
691.181
613.46
849.464
429.096
411.917
956.179
263.657
650.219
626.983
521.011
514.014
643.369
369.776
606.322
556.13
742.633
370.066
487.883
490.133
380.787
647.057
658.139
231.268
489.868
628.827
214.062
642.382
530.502
558.337
352.365
524.083
510.955
611.738
432.022
367.834
249.882
320.566
679.848
265.777
431.18
340.712
273.726
283.625
267.892
426.94
264.577
265.843
656.03
417.455
597.5
666.056
285.847
32.4521
273.593
310.736
291.901
432.011
275.243
283.107
534.672
344.165
332.127
828.216
443.835
544.517
417.562
625.819
358.931
734.615
566.005
286.384
30.5801
292.893
286.952
566.844
784.762
574.123
373.972
595.677
269.952
260.656
341.648
720.77
584.598
624.099
254.203
607.207
352.197
464.612
286.886
462.916
372.571
377.905
470.469
248.12
450.4
448.577
474.693
427.381
210.641
630.221
502.901
374.018
419.878
469.981
796.814
328.004
438.332
530.643
511.49
501.415
634.594
571.039
262.376
33.0921
24.0948
605.621
145.389
1120.3
905.931
263.72
415.579
569.25
428.171
875.102
327.216
542.915
592.165
133.305
31.9485
466.185
334.58
819.94
24.2727
527.307
499.095
36.4836
1205.63
855.063
355.358
555.778
266.814
476.925
273.56
33.586
504.028
353.57
414.474
436.862
616.835
309.208
606.046
359.759
407.97
581.758
278.675
695.832
320.643
273.291
362.784
665.665
519.732
618.13
396.109
672.292
341.835
590.335
562.587
602.656
228.891
283.641
524.12
287.273
621.785
721.596
278.224
375.646
595.417
276.433
765.564
486.625
270.173
268.439
258.177
326.059
406.546
679.406
512.841
475.537
453.282
484.064
472.57
276.626
503.917
506.085
690.444
464.49
583.402
777.345
508.072
285.721
533.962
482.66
267.582
262.322
269.828
289.717
545.332
744.338
514.454
676.816
335.326
281.908
424.839
597.386
327.223
596.073
270.442
468.089
473.781
663.725
346.503
279.948
923.101
636.083
637.955
82.4221
668.234
673.116
421.803
487.393
459.261
459.412
259.165
382.098
513.918
342.631
259.768
430.968
658.348
613.9
549.577
351.914
388.847
271.202
262.238
390.962
429.454
184.111
479.279
710.228
354.162
370.933
570.68
663.018
621.033
363.924
297.219
763.755
394.488
326.699
558.357
291.969
531.875
495.232
274.889
531.057
437.76
774.854
368.906
580.787
618.852
225.305
432.641
407.217
386.828
463.402
257.168
260.992
165.178
476.761
528.046
258.331
398.923
141.797
643.931
383.458
497.874
374.861
660.262
247.636
217.112
617.509
662.025
96.0134
350.926
350.664
170.698
565.839
360.473
498.424
485.707
390.195
491.653
28.4862
315.936
670.517
629.712
548.574
415.332
647.533
460.399
804.67
347.235
450.775
292.991
572.583
623.966
363.961
587.61
528.066
496.437
926.606
541.223
275.338
716.038
357.544
411.79
260.887
602.781
353.201
383.304
276.031
694.403
541.609
874.334
621.496
418.853
261.699
374.028
653.914
278.304
399.812
595.838
410.868
673.445
403.463
501.238
547.996
488.336
368.186
454.99
430.557
462.242
282.661
619.843
399.671
654.494
392.479
375.033
590.633
268.835
739.611
286.956
392.934
344.115
287.349
305.993
744.842
298.382
476.71
365.573
489.349
509.128
517.649
334.641
470.694
359.951
384.655
401.798
329.221
678.894
502.739
210.072
556.65
417.262
666.169
309.796
448.124
540.155
474.11
238.342
347.734
262.101
820.76
571.08
381.704
364.624
528.529
355.146
497.243
341.546
576.394
486.507
269.83
281.232
273.218
612.632
452.635
204.76
788.531
443.041
442.108
565.506
355.572
631.032
502.952
548.399
635.662
233.39
358.143
297.359
501.197
553.864
455.824
232.024
491.979
362.724
488.249
414.215
593.638
459.5
588.329
88.0592
539.516
64.5699
284.116
290.199
277.525
46.5255
448.363
351.106
314.361
264.371
286.596
576.451
314.696
364.117
352.338
305.323
211.833
343.448
234.611
230.003
243.509
617.449
333.287
236.752
240.321
611.525
269.068
598.911
437.438
722.416
250.858
579.911
505.604
703.565
525.16
440.729
504.264
415.224
459.924
530.397
492.294
685.596
352.267
248.092
503.258
534.374
501.099
550.492
572.972
489.684
448.01
512.001
472.128
139.446
480.557
293.599
264.021
501
559.091
263.382
258.455
639.554
437.672
263.111
383.759
408.764
267.428
331.662
358.555
391.604
350.644
281.167
549.394
479.743
301.952
301.744
636.567
407.933
300.647
364.147
298.532
370.148
627.478
395.231
610.911
290.272
587.183
346.338
596.967
336.071
764.255
376.612
401.965
531.73
648.58
641.799
382.943
679.775
330.094
676.893
290.267
831.329
284.388
658.693
358.121
268.971
365.953
469.122
391.349
277.244
406.865
775.171
648.123
624.409
479.803
476.648
623.271
362.528
276.551
393.203
460.123
231.585
565.919
320.413
473.975
520.507
322.453
368.699
264.747
297.076
269.895
259.886
410.911
576.979
550.484
687.692
712.975
458.787
770.544
818.677
321.706
258.337
315.346
392.675
486.598
450.038
510.313
254.291
468.005
446.653
306.109
641.126
766.428
528.449
370.235
363.303
588.14
589.06
266.509
497.51
616.88
686.982
574.373
536.968
502.292
421.612
506.988
644.961
868.795
329.131
557.623
343.895
500.526
357.891
487.928
335.931
362.195
461.398
232.559
267.475
276.774
430.702
316.736
405.705
610.306
563.91
342.507
390.461
358.036
545.369
457.915
390.829
347.54
483.19
981.792
552.367
337.061
478.187
648.519
491.752
437.873
284.953
429.718
677.382
322.854
295.672
422.165
530.207
376.404
439.75
394.708
263.437
330.409
330.618
505.261
405.98
417.215
385.895
358.098
478.168
302.835
255.746
657.27
355.515
362.625
359.421
345.301
396.357
587.356
526.952
444.369
665.719
520.135
767.317
196.544
447.586
646.507
248.067
482.387
522.437
282.769
376.651
520.38
441.879
807.6
371.234
620.777
385.747
798.746
338.289
351.013
257.971
285.479
399.213
557.355
305.755
302.764
552.816
285.841
564.914
312.72
661.483
267.714
280.229
250.633
277.906
413.135
261.598
385.247
738.781
259.363
269.645
476.25
239.103
484.199
251.156
244.588
584.503
23.2949
24.1879
27.212
23.7695
456.194
264.505
602.839
23.3602
580.022
622.351
286.501
625.728
317.731
558.49
595.648
23.4151
567.386
276.27
538.545
275.86
390.45
436.058
271.935
384.841
401.077
304.012
397.919
662.57
666.808
600.28
24.4761
25.4899
281.67
282.38
313.383
23.5207
286.336
587.216
507.328
422.71
574.338
285.373
321.926
260.764
514.446
623.753
585.358
575.953
493.963
497.049
423.244
588.919
261.606
273.919
550.41
338.588
385.232
318.788
273.938
277.362
587.072
285.865
268.547
495.706
287.484
440.659
431.159
650.866
344.917
278.03
364.608
537.325
305.245
532.312
506.047
659.326
365.575
497.942
259.86
616.82
381.238
652.396
408.584
573.997
466.414
480.79
365.664
511.319
455.67
455.697
597.475
583.638
825.124
280.867
484.481
459.035
158.221
556.495
153.939
300.746
393.204
383.393
275.165
457.833
616.039
600.381
563.279
542.839
279.309
521.62
623.705
384.664
614.538
302.458
403.156
545.991
494.387
281.73
371.899
347.931
410.36
360.616
646.622
482.379
387.885
352.017
262.888
566.205
261.506
492.767
395.119
731.945
326.36
285.838
597.672
563.828
270.659
636.498
552.353
325.948
557.952
353.608
269.678
666.483
482.867
464.089
415.63
370.807
317.235
648.734
433.22
259.708
419.404
382.18
469.766
630.631
245.471
470.191
719.014
256.552
456.142
244.312
586.08
245.907
244.265
651.155
242.691
147.523
373.524
252.785
389.808
681.934
674.459
393.677
371.369
579.844
546.896
340.385
366.413
309.86
648.756
474.245
424.683
437.537
1020.95
392.374
337.068
744.409
722.914
605.341
597.749
239.672
415.238
247.878
728.587
272.215
531.122
507.1
601.003
917.239
343.521
711.053
263.486
271.964
590.855
806.304
270.071
268.963
323.807
315.887
544.79
459.16
548.187
438.993
311.706
508.627
229.672
412.358
364.86
532.314
395.448
371.066
375.903
435.557
247.718
302.185
605.307
338.275
709.468
686.801
754.565
229.842
455.16
234.824
412.929
605.055
519.528
554.502
569.981
338.078
525.254
464.237
341.216
393.78
517.526
449.032
478.611
501.35
639.416
509.802
411.889
448.49
740.447
571.532
525.595
492.988
168.985
641.84
683.265
828.712
729.33
435.193
416.45
746.254
457.868
577.823
460.952
412.648
697.801
769.816
397.705
101.289
254.833
566.156
722.262
444.561
563.916
521.873
678.386
782.482
183.801
325.97
598.695
458.439
348.31
285.353
487.728
601.394
304.355
541.205
533.782
659.384
545.346
345.061
439.438
400.963
559.121
433.343
582.415
588.111
101.58
520.02
546.613
504.792
413.846
630.908
435.321
418.057
640.58
45.6593
639.263
449.878
617.821
668.963
564.774
301.436
252.425
530.689
794.172
321.171
370.29
539.086
534.826
1243.67
411.089
578.515
418.139
565.613
634.711
854.459
290.505
284.123
358.949
614.538
620.733
618.159
638.914
508.29
606.778
267.08
272.029
626.951
260.816
268.452
523.453
737.132
255.921
795.73
256.203
655.209
272.813
705.33
528.325
606.683
578.612
658.782
363.754
686.795
400.85
397.083
449.22
666.308
515.525
716.846
920.707
532.864
285.239
763.473
264.017
692.142
452.45
576.692
537.592
500.404
211.816
210.7
760.503
764.192
279.813
34.8505
26.1153
365.084
453.436
554.22
406.637
1109.93
558.299
606.249
320.163
456.457
506.947
608.524
281
534.073
409.587
448.901
456.576
669.735
534.852
560.089
271.797
419.348
418.568
295.328
261.573
738.94
385.035
447.476
397.993
502.372
475.852
496.242
592.064
449.573
486.946
528.66
1280.02
463.224
508.249
456.469
450.533
384.067
257.313
630.106
355.895
556.406
469.134
561.724
377.37
326.105
214.809
372.501
627.233
452.169
367.238
445.752
519.981
326.789
450.85
314.144
403.064
658.977
363.286
460.642
506.962
261.359
365.01
672.927
611.335
284.201
545.809
602.567
607.019
473.949
356.514
293.805
652.107
456.476
286.743
303.238
440.514
448.885
310.39
445.829
450.975
375.372
383.028
376.331
421.831
168.615
359.578
603.442
630.18
381.557
319.867
483.244
266.394
404.705
408.609
497.397
248.594
578.564
91.5458
396.001
570.3
398.105
612.218
760.873
693.849
500.369
479.646
397.546
579.03
454.827
360.949
500.786
522.489
417.274
455.557
536.783
547.138
551.716
567.018
866.282
575.713
557.574
251.223
420.903
278.099
423.773
515.906
394.192
269.637
606.483
645.122
353.889
439.532
606.524
427.222
748.003
387.993
478.012
495.627
455.99
420.377
327.504
575.895
371.215
673.719
65.1321
444.291
480.791
622.951
258.177
421.589
409.962
411.92
489.476
418.699
418.924
465.216
530.052
518.014
509.221
508.915
610.874
523.435
253.762
549.271
250.37
248.115
647.874
464.802
659.347
255.543
639.976
255.601
659.836
402.807
456.222
344.131
614.707
581.19
553.51
359.95
499.972
309.015
282.534
454.685
477.818
683.569
250.709
258.672
530.477
513.556
635.522
668.012
766.107
536.517
678.712
352.889
358.137
397.198
651.078
489.133
505.171
381.473
694.847
422.232
425.534
540.079
157.565
481.278
427.783
302.625
300.669
271.551
409.293
505.722
373.809
446.48
460.852
412.031
506.292
515.988
433.454
254.494
260.548
388.055
756.258
445.457
503.931
654.918
335.255
656.146
276.516
380.51
335.606
340.387
371.369
501.796
587.51
401.605
542.238
465.497
375.879
467.186
564.088
466.852
419.232
512.956
583.679
555.457
543.369
552.363
410.262
330.918
374.082
372.096
354.465
750.095
596.107
528.764
455.057
594.61
460.953
104.766
94.7503
387.483
547.523
443.978
334.17
345.755
332.949
259.562
301.583
543.661
240.486
654.49
709.16
379.001
507.296
260.028
398.209
335.496
349.146
642.728
511.411
235.454
644.058
417.743
518.66
514.045
519.285
485.881
498.268
365.718
238.693
375.348
341.736
304.183
290.636
543.961
485.845
441.149
438.153
114.282
566.843
377.025
484.316
312.632
370.22
458.19
309.517
499.139
535.041
373.174
271.551
238.837
240.361
559.175
484.94
300.008
449.881
627.047
587.34
279.744
351.203
621.486
291.655
556.549
646.519
714.087
281.045
508.609
414.679
396.968
384.826
572.176
482.159
286.838
562.07
392.843
453.729
696.174
335.115
495.364
461.342
556.128
439.079
310.149
464.172
611.369
309.151
372.063
401.031
554.291
504.061
)
;

boundaryField
{
    tubeend1
    {
        type            inletOutlet;
        inletValue      uniform 0.2;
        value           nonuniform List<scalar> 
65
(
1087.59
1073.68
616.488
1087.83
872.844
621.496
974.773
937.575
590.855
828.216
518.843
920.707
567.259
1280.02
1295.65
595.417
923.33
532.864
981.792
643.503
936.933
690.694
450.869
881.016
905.931
472.374
752.603
486.812
1047.36
461.042
1004.54
973.201
482.36
794.172
566.844
381.561
375.646
354.563
286.952
395.285
324.846
401.555
370.569
342.847
350.862
301.002
346.015
362.547
363.961
327.216
300.823
293.13
295.108
373.607
277.906
537.183
312.72
287.051
272.991
264.017
272.809
413.135
262.618
263.944
267.08
)
;
    }
    tubeend2
    {
        type            turbulentMixingLengthFrequencyInlet;
        mixingLength    0.007;
        phi             phi;
        k               k;
        value           uniform 23.1717;
    }
    tube_to_copper
    {
        type            omegaWallFunction;
        blending        binomial;
        n               2;
        value           nonuniform List<scalar> 
2464
(
677.823
467.07
525.906
491.05
855.497
354.068
476.417
461.668
337.353
338.605
480.303
549.064
636.317
412.19
498.51
482.118
496.328
472.543
488.193
583.446
529.729
559.649
428.976
456.338
586.898
454.062
401.781
594.768
391.324
356.543
693.019
394.708
451.262
589.63
632.426
678.463
493.078
420.531
490.784
513.745
607.935
656.552
537.924
1010.99
502.25
775.909
701.638
467.935
664.584
755.116
876.219
420.225
422.234
1087.83
547.211
549.848
497.27
442.303
559.405
453.317
595.154
476.6
702.399
731.895
640.802
495.204
622.439
439.047
634.761
627.901
423.61
592.237
483.043
507.781
641.481
395.914
634.204
617.678
681.053
602.759
458.801
547.538
358.043
495.593
586.781
570.011
513.867
454.639
640.775
584.964
628.354
564.124
359.404
604.606
598.221
442.108
558.737
395.251
445.831
580.499
738.724
525.219
528.558
458.46
548.241
480.014
438.987
602.243
605.214
336.891
510.386
433.837
455.953
481.12
532.637
693.157
506.196
511.873
615.188
517.733
606.024
626.607
441.045
437.846
371.81
408.134
534.402
556.914
552.673
549.719
528.303
406.86
353.163
397.187
724.395
359.631
644.439
1156.85
431.336
284.317
417.077
431.352
582.84
432.952
652.109
636.132
539.918
606.016
543.81
610.008
615.542
498.707
652.864
439.93
737.388
406.759
383.996
348.246
773.414
551.503
634.673
514.942
510.926
696.368
460.252
426.662
821.446
343.268
567.022
544.803
692.58
538.509
582.392
685.062
921.534
771.47
358.562
690.992
546.772
474.784
426.626
604.269
640.25
422.706
683.271
507.848
619.872
433.294
588.413
663.508
465.639
512.447
632.305
752.913
727.328
297.358
627.721
544.56
542.977
510.856
577.887
392.207
529.291
483.434
657.518
1004.54
492.082
717.825
512.41
400.567
675.853
548.201
509.739
478.513
620.593
524.251
672.243
536.28
415.571
575.117
595.856
342.293
559.997
1156.97
754.289
456.733
598.394
606.706
527.812
710.099
561.997
414.037
788.086
759.107
1087.59
651.281
666.316
1101.48
423.953
442.615
496.205
329.395
590.983
422.057
655.416
369.903
581.479
566.667
419.222
512.157
812.798
536.351
654.677
555.045
434.778
375.167
498.231
646.588
545.055
546.562
737.708
458.51
678.045
502.175
609.318
416.961
630.589
476.17
633.27
491.644
539.086
457.649
856.418
723.287
715.945
392.251
789.088
669.004
595.843
373.095
576.435
568.931
774.683
310.758
488.016
508.226
682.263
680.233
531.364
470.51
448.499
724.528
499.615
486.33
516.731
454.233
784.459
711.857
531.088
524.403
473.386
493.477
620.599
347.298
568.617
973.201
423.362
519.051
611.599
684.881
675.044
322.947
428.18
420.485
615.222
543.72
636.035
651.266
423.225
685.426
590.542
461.762
719.263
544.987
415.705
601.354
677.492
551.859
621.473
440.357
846.898
499.823
540.098
745.2
424.402
922.744
431.154
1116.26
685.257
1200.05
607.883
534.433
638.926
748.012
721.308
646.345
642.848
448.46
617.379
401.042
688.416
520.546
483.731
658.454
487.075
577.754
604.393
637.421
687.069
413.016
392.52
475.818
455.295
538.133
499.729
423.244
555.258
514.871
604.336
366.028
937.575
520.168
513.756
632.46
462.392
701.828
635.809
625.376
632.809
1147.93
701.578
683.582
530.076
500.117
706.039
428.117
556.455
518.432
661.801
683.293
503.598
321.827
463.716
506.224
839.875
659.643
702.968
648.551
657.508
571.937
409.308
593.436
527.702
501.63
491.463
621.65
716.923
406.365
565.784
349.671
617.907
402.677
408.778
468.764
1238.43
803.374
753.381
743.316
593.397
768.895
408.056
399.19
399.774
735.295
530.341
417.442
419.045
383.124
435.749
649.54
371.199
610.857
954.915
454.022
559.037
718.646
711.955
699.993
496.684
606.927
397.231
653.102
526.772
495.638
527.518
334.315
385.948
371.906
574.687
760.094
457.659
685.234
469.357
469.775
646.806
737.656
373.013
677.202
604.274
585.715
1116.02
403.361
665.485
483.625
604.682
532.82
725
606.529
357.428
594.138
612.944
564.592
546.081
735.059
545.748
640.948
650.378
589.281
492.631
628.831
575.919
634.631
525.104
419.446
727.219
637.064
455.189
525.813
327.501
607.151
526.166
340.217
473.832
497.55
554.777
545.274
670.929
538.597
418.229
736.806
606.601
610.287
643.147
835.673
489.711
577.159
480.324
461.341
613.973
512.545
477.407
453.862
620.178
487.829
428.124
642.482
405.645
539.947
730.484
711.284
426.5
761.121
748.269
498.539
768.689
650.618
658.839
552.913
733.031
612.081
380.256
526.267
602.833
456.478
643.479
506.791
685.312
538.441
701.392
368.692
558.377
754.115
552.583
410.078
311.866
564.596
551.568
612.963
439.335
601.506
923.33
490.566
517.637
436.448
661.211
442.973
564.338
489.981
752.355
628.034
694.115
528.224
473.1
503.728
596.807
1047.36
524.174
591.014
479.256
502.684
610.028
486.928
540.485
652.661
525.885
354.611
454.887
542.417
706.993
433.059
566.955
514.599
546.111
485.939
476.15
457.193
621.647
517.417
670.768
727.144
487.787
584.93
685.458
872.844
594.714
434.661
347.898
578.127
666.383
617.337
824.501
605.992
611.391
686.662
410.564
599.992
626.955
598.732
521.124
686.041
690.495
616.892
431.556
515.049
516.4
447.043
457.285
452.012
481.312
674.628
549.713
728.476
433.403
427.532
666.087
385.821
490.818
330.53
579.069
423.428
512.3
532.853
450.047
522.966
451.947
566.048
760.361
307.057
459.029
541.831
794.616
692.947
599.995
720.392
676.535
533.965
644.193
593.349
590.932
690.125
688.249
585.928
618.634
596.309
532.734
514.378
636
341.054
571.628
456.349
344.251
561.965
757.98
444.26
734.335
642.81
688.596
634.987
442.843
589.017
589.265
493.829
425.854
751.179
509.609
535.36
627.22
866.5
421.416
582.115
509.89
384.036
420.052
494.883
555.348
497.212
457.176
310.16
452.997
481.44
792.335
526.802
521.677
396.716
346.124
252.64
634.028
459.176
560.422
378.465
346.399
739.271
596.57
625.21
841.771
526.989
1139.5
699.629
498.455
593.77
714.643
381.322
467.853
603.681
608.873
640.035
675.698
370.353
702.439
711.83
647.222
459.432
624.72
465.824
474.762
472.933
487.884
585.707
743.589
455.323
318.655
577.783
476.462
736.464
501.166
627.587
700.945
836.53
641.894
619.699
570.644
634.754
701.034
649.298
737.583
738.753
776.909
566.794
616.133
767.124
310.987
603.333
775.599
685.26
394.523
445.075
554.451
786.799
434.065
494.847
541.265
416.47
480.186
641.639
444.066
548.575
475.851
632.334
538.705
398.512
422.601
536.228
458.304
412.54
567.442
446.445
502.692
567.591
695.69
974.773
386.357
442.587
598.638
436.809
733.195
477.181
486
490.692
675.247
684.863
403.499
751.307
760.812
380.433
672.531
461.014
530.208
397.282
398.612
542.769
518.401
786.629
550.483
573.86
1070.28
526.566
447.273
702.457
798.417
486.549
624.225
609.825
630.498
628.216
517.382
625.217
493.458
399.984
555.261
578.95
739.268
514.515
612.944
393.413
431.516
468.215
562.514
327.059
457.431
628.348
535.054
635.543
512.841
741.739
643.688
596.225
818.675
472.357
452.666
414.936
690.694
488.699
475.119
453.335
696.02
811.714
337.952
553.437
667.948
651.583
577.748
499.157
679.517
603.323
420.18
711.468
486.262
673.567
665.858
725.951
557.186
561.901
690.297
662.941
794.452
590.22
402.352
597.853
654.083
735.051
533.195
518.119
567.203
1083.91
870.882
755.932
580.381
582.869
565.861
501.659
614.205
490.212
443.115
694.305
637.567
582.306
584.032
662.827
970.178
448.793
612.341
378.006
498.537
504.211
562.902
678.392
561.337
618.703
657.429
745.966
540.669
877.192
368.865
625.747
567.971
536.258
485.113
596.801
761.616
368.012
752.603
478.598
452.737
527.9
685.373
491.742
496.706
669.265
475.283
588.526
691.426
597.25
558.419
510.315
500.305
470.482
436.777
301.649
662.423
367.444
617.186
601.883
704.851
611.954
666.604
504.903
528.088
546.803
400.533
483.018
454.039
657.032
544.999
487.486
656.289
554.581
508.58
631.629
508.865
686.068
358.874
690.441
542.313
477.211
581.255
541.715
531.335
436.682
451.917
678.136
677.525
393.782
574.939
440.928
656.016
659.056
509.281
541.513
634.419
635.747
542.737
541.57
550.608
501.394
680.605
470.578
678.845
710.804
485.025
483.429
568.202
706.525
647.091
574.16
471.382
511.578
435.939
632.181
561.264
552.95
434.922
490.075
567.381
342.115
416.518
560.198
695.981
480.686
457.167
663.578
646.381
378.535
748.658
546.715
594.663
761.283
470.083
710.098
543.467
610.285
650.725
435.52
494.883
494.713
557.166
591.797
437.62
675.709
529.538
627.434
536.959
599.449
483.232
692.258
732.233
524.886
647.087
490.848
345.631
665.406
497.208
559.99
509.163
523.168
310.37
933.511
733.418
543.602
914.667
537.476
561.866
514.527
410.281
607.603
642.301
1112.14
696.431
643.524
527.163
524.695
719.95
576.269
505.548
367.551
447.882
544.671
484.642
631.774
1295.65
502.483
466.179
525.223
322.732
538.479
504.789
541.283
429.394
536.622
352.485
756.893
509.973
512.149
531.614
498.762
711.668
393.911
544.699
355.025
630.504
532.887
526.476
521.934
615.567
399.44
723.379
409.229
609.591
679.819
601.15
771.202
462.963
545.492
448.019
617.004
648.586
608.974
769.607
548.44
523.427
529.615
536.425
538.545
798.515
634.524
646.353
508.103
520.337
469.208
639.639
334.416
431.716
414.278
482.511
506.117
428.48
409.249
586.715
633.008
334.177
630.094
599.993
645.445
470.081
510.93
368.1
603.09
349.041
679.621
545.324
441.698
495.494
507.37
591.504
412.659
405.289
437.295
399.02
881.016
419.396
519.815
441.35
711.277
568.514
755.041
538.755
522.208
745.745
700.415
802.558
739.351
532.224
679.424
558.983
560.567
499.125
712.073
615.765
571.479
506.569
436.835
515.778
552.924
529.083
509.511
712.613
433.422
804.989
441.298
380.46
634.906
617.814
675.811
618.172
617.292
447.994
628.655
777.362
601.201
381.217
625.329
655.869
673.959
405.76
523.28
654.624
554.838
535.123
440.435
541.417
677.486
459.855
588.651
419.635
540.191
695.947
604.811
299.883
518.911
753.857
599.141
593.814
583.66
456.616
777.454
346.696
541.321
486.114
486.249
664.261
484.576
354.739
575.42
534.051
518.625
447.631
734.511
277.014
468.557
635.221
461.571
1196.53
588.84
435.075
578.964
453.084
515.906
609.956
589.322
523.549
630.062
621.502
765.622
391.715
627.593
675.376
526.043
426.575
369.394
351.404
460.085
623.525
719.641
712.898
502.549
506.983
658.986
512.062
584.157
615.53
984.196
626.992
513.563
666.865
824.811
440.145
615.73
423.384
400.764
270.91
421.461
497.334
658.721
549.922
799.598
477.639
584.062
810.945
654.427
457.98
554.553
678.746
736.472
435.206
572.105
504.066
503.687
474.86
818.665
741.936
507.718
637.796
513.934
474.188
557.693
580.285
639.679
502.041
519.213
554.689
431.934
677.604
487.107
558.484
533.374
635.893
628.908
456.108
573.446
595.286
456.874
460.932
594.078
448.957
503.887
676.119
522.645
490.775
508.587
559.555
1040.16
591.604
492.31
635.437
800.797
531.536
669.426
532.17
582.546
668.039
715.198
1087.38
514.924
378.525
762.216
686.912
743.379
731.294
701.122
697.407
579.123
719.234
554.715
460.96
826.201
644.393
401.309
516.105
693.167
624.553
586.025
928.331
1093.66
849.298
590.057
538.637
572.115
645.444
413.737
536.555
600.001
870.883
695.981
533.55
573.572
659.557
616.971
459.005
539.928
692.574
560.771
572.006
551.76
495.993
658.787
505.643
628.6
659.633
594.12
595.075
601.936
662.168
883.647
1187
567.837
495.801
610.801
621.645
614.632
531.658
704.633
600.44
544.643
469.559
501.605
359.939
574.091
654.911
592.367
587.912
513.636
590.472
464.843
552.149
558.665
615.386
509.882
783.457
370.448
501.087
651.066
704.803
679.475
739.753
574.363
737.387
657.44
544.472
522.008
530.784
565.48
613.447
782.571
527.699
488.07
553.041
405.576
481.892
670.81
650.557
414.031
337.96
503.07
506.471
504.007
426.346
706.982
562.014
471.144
529.848
1073.68
521.785
419.223
504.639
390.116
616.081
407.075
547.151
554.018
612.96
627.297
453.378
598.086
441.845
628.563
643.001
576.619
530.838
674.68
680.584
456.927
725.353
468.541
451.147
622.885
646.816
611.047
568.169
936.933
641.797
791.052
700.702
655.214
610.262
720.695
689.478
492.483
494.635
418.992
687.767
633.138
448.335
730.27
400.228
508.268
353.784
612.536
425.509
615.946
665.231
655.982
422.967
382.627
529.045
697.233
550.581
434.606
469.088
443.863
422.904
423.194
597.132
404.551
576.489
537.636
507.117
415.417
519.381
689.883
502.596
370.197
489.513
459.657
658.758
504.046
591.838
411.939
623.683
575.982
330.691
470.608
516.3
428.511
606.068
463.088
566.542
474.875
550.7
494.612
479.346
397.872
481.708
549.122
613.687
630.384
479.375
481.612
564.081
783.245
486.072
664.403
557.605
742.42
546.706
727.518
539.359
276.05
438.554
379.32
564.42
448.345
530.492
499.454
676.733
507.162
721.866
562.614
419.054
646.209
557.952
520.127
491.183
642.652
763.168
856.204
495.257
598.821
583.191
503.359
580.964
614.201
632.53
678.384
557.275
481.926
477.614
440.664
611.071
537.634
536.696
411.305
538.009
360.791
553.413
570.333
435.969
667.907
465.516
447.31
425.873
512.189
561.343
514.528
484.716
479.705
496.891
516.96
498.873
756.628
444.659
674.523
462.601
520.749
319.99
259.206
551.044
660.403
564.503
381.61
487.527
399.366
802.895
524.168
405.666
386.725
439.292
552.98
485.121
371.265
474.041
381.356
623.377
478.845
313.787
622.085
516.465
615.181
520.428
392.118
767.655
556.895
467.137
503.262
413.384
539.307
357.69
600.851
395.063
509.998
348.878
412.581
450.304
532.399
622.207
511.938
513.683
424.963
690.619
556.094
734.647
517.157
489.888
453.514
524.661
544.923
524.722
582.07
389.307
624.858
513.531
513.768
605.502
525.276
772.037
425.254
567.484
676.327
452.81
657.18
475.551
605.844
470.554
482.569
475.957
827.695
344.706
614.088
446.838
557.222
626.818
294.488
349.122
610.717
589.859
268.792
347.208
430.656
454.01
370.689
362.467
553.184
492.561
749.664
539.559
518.617
454.719
548.375
480.028
561.048
440.482
539.136
743.246
711.783
479.641
585.897
470.972
596.774
526.563
362.837
678.612
541.563
417.242
585.484
371.039
400.745
485.592
440.506
492.226
321.343
414.376
307.663
667.087
488.839
799.287
329.103
518.186
460.474
701.388
452.1
396.576
331.251
381.746
422.316
595.077
657.171
616.389
367.477
535.001
482.987
573.724
416.981
433.513
443.31
491.399
471.412
757.489
550.437
734.658
409.947
400.226
873.354
398.062
432.526
464.152
457.837
460.14
511.955
484.017
600.289
698.894
598.761
584.639
819.869
427.333
942.64
528.486
502.086
462.781
612.12
563.853
590.82
526.848
528.273
614.63
393.915
456.216
670.64
672.41
556.48
697.06
534.765
741.263
493.44
548.843
849.464
429.096
411.917
956.179
650.219
521.011
514.014
643.369
606.322
556.13
742.633
487.883
647.057
658.139
628.827
642.382
530.502
524.083
510.955
432.022
679.848
431.18
283.625
417.455
597.5
666.056
432.011
534.672
828.216
544.517
625.819
734.615
566.005
784.762
584.598
624.099
607.207
462.916
372.571
450.4
474.693
427.381
630.221
502.901
419.878
469.981
796.814
438.332
530.643
511.49
634.594
1120.3
905.931
569.25
875.102
542.915
466.185
819.94
527.307
1205.63
855.063
555.778
476.925
504.028
436.862
616.835
695.832
665.665
519.732
618.13
396.109
672.292
590.335
562.587
621.785
721.596
765.564
486.625
679.406
512.841
453.282
484.064
472.57
276.626
503.917
506.085
690.444
583.402
777.345
508.072
533.962
482.66
545.332
744.338
514.454
676.816
424.839
468.089
663.725
923.101
668.234
673.116
421.803
487.393
459.261
513.918
430.968
658.348
613.9
549.577
388.847
429.454
479.279
710.228
370.933
570.68
663.018
621.033
763.755
326.699
558.357
531.875
531.057
774.854
580.787
407.217
463.402
476.761
528.046
643.931
497.874
565.839
498.424
485.707
315.936
670.517
629.712
548.574
647.533
460.399
804.67
450.775
572.583
623.966
587.61
496.437
926.606
541.223
716.038
357.544
411.79
694.403
541.609
874.334
418.853
653.914
595.838
410.868
673.445
403.463
501.238
547.996
454.99
430.557
462.242
619.843
654.494
375.033
590.633
739.611
744.842
476.71
489.349
517.649
384.655
502.739
556.65
666.169
540.155
474.11
820.76
571.08
528.529
497.243
576.394
486.507
452.635
788.531
443.041
442.108
565.506
631.032
502.952
548.399
635.662
501.197
553.864
455.824
488.249
593.638
459.5
588.329
539.516
448.363
576.451
617.449
611.525
437.438
722.416
579.911
505.604
703.565
525.16
440.729
459.924
530.397
503.258
534.374
501.099
550.492
572.972
448.01
512.001
472.128
480.557
501
559.091
639.554
437.672
408.764
391.604
549.394
370.148
395.231
610.911
587.183
596.967
764.255
376.612
401.965
531.73
648.58
641.799
679.775
676.893
831.329
658.693
469.122
406.865
775.171
648.123
624.409
479.803
476.648
623.271
362.528
460.123
565.919
520.507
368.699
410.911
687.692
712.975
770.544
818.677
392.675
486.598
450.038
468.005
306.109
641.126
766.428
528.449
588.14
589.06
497.51
616.88
686.982
574.373
502.292
506.988
644.961
868.795
557.623
500.526
487.928
362.195
461.398
316.736
610.306
563.91
390.829
483.19
981.792
552.367
478.187
491.752
429.718
677.382
322.854
422.165
530.207
330.409
505.261
478.168
302.835
657.27
587.356
665.719
520.135
767.317
447.586
482.387
522.437
520.38
807.6
371.234
385.747
798.746
257.971
557.355
285.841
564.914
661.483
738.781
484.199
584.503
456.194
602.839
622.351
625.728
558.49
595.648
436.058
271.935
662.57
666.808
600.28
587.216
507.328
574.338
514.446
623.753
493.963
497.049
588.919
550.41
318.788
587.072
431.159
650.866
344.917
537.325
532.312
506.047
659.326
259.86
616.82
652.396
408.584
466.414
365.664
511.319
455.67
455.697
597.475
583.638
825.124
459.035
556.495
616.039
600.381
563.279
542.839
521.62
623.705
614.538
403.156
545.991
494.387
410.36
646.622
482.379
566.205
492.767
731.945
563.828
636.498
552.353
557.952
666.483
482.867
464.089
415.63
370.807
648.734
433.22
382.18
469.766
630.631
470.191
719.014
456.142
586.08
681.934
393.677
579.844
648.756
474.245
437.537
1020.95
392.374
744.409
722.914
605.341
597.749
415.238
728.587
531.122
507.1
601.003
917.239
711.053
806.304
544.79
459.16
548.187
438.993
508.627
412.358
532.314
435.557
709.468
686.801
754.565
455.16
412.929
605.055
554.502
569.981
525.254
464.237
517.526
449.032
639.416
509.802
740.447
571.532
525.595
492.988
641.84
683.265
828.712
729.33
746.254
457.868
460.952
697.801
769.816
722.262
563.916
678.386
782.482
598.695
458.439
487.728
601.394
541.205
533.782
545.346
439.438
559.121
588.111
546.613
630.908
435.321
640.58
639.263
617.821
668.963
564.774
530.689
794.172
370.29
539.086
534.826
1243.67
418.139
565.613
634.711
854.459
614.538
620.733
618.159
508.29
606.778
523.453
737.132
795.73
655.209
705.33
658.782
686.795
400.85
397.083
666.308
515.525
716.846
920.707
763.473
576.692
537.592
760.503
764.192
365.084
453.436
554.22
406.637
1109.93
606.249
456.457
506.947
608.524
448.901
669.735
534.852
560.089
419.348
418.568
738.94
502.372
475.852
592.064
486.946
528.66
1280.02
463.224
456.469
630.106
561.724
372.501
452.169
450.85
658.977
460.642
506.962
545.809
602.567
607.019
652.107
456.476
303.238
448.885
450.975
375.372
630.18
483.244
404.705
497.397
578.564
396.001
570.3
760.873
693.849
500.369
579.03
522.489
417.274
547.138
551.716
866.282
575.713
557.574
420.903
423.773
515.906
606.483
645.122
606.524
748.003
495.627
455.99
575.895
673.719
444.291
480.791
421.589
409.962
489.476
418.924
465.216
530.052
518.014
509.221
523.435
549.271
647.874
464.802
659.347
639.976
402.807
456.222
614.707
581.19
553.51
499.972
454.685
477.818
683.569
530.477
513.556
635.522
766.107
536.517
678.712
397.198
651.078
489.133
505.171
694.847
425.534
540.079
481.278
427.783
409.293
505.722
446.48
506.292
756.258
445.457
654.918
656.146
542.238
375.879
467.186
564.088
512.956
583.679
543.369
374.082
372.096
750.095
528.764
594.61
460.953
387.483
547.523
443.978
543.661
654.49
709.16
511.411
644.058
417.743
518.66
519.285
485.881
498.268
341.736
543.961
441.149
438.153
566.843
377.025
499.139
535.041
373.174
559.175
484.94
627.047
587.34
351.203
621.486
291.655
556.549
646.519
714.087
508.609
414.679
572.176
482.159
453.729
696.174
461.342
556.128
439.079
464.172
611.369
372.063
554.291
504.061
)
;
    }
}


// ************************************************************************* //
