/*--------------------------------*- C++ -*----------------------------------*\
| =========                 |                                                 |
| \\      /  F ield         | OpenFOAM: The Open Source CFD Toolbox           |
|  \\    /   O peration     | Version:  2312                                  |
|   \\  /    A nd           | Website:  www.openfoam.com                      |
|    \\/     M anipulation  |                                                 |
\*---------------------------------------------------------------------------*/
FoamFile
{
    version     2.0;
    format      ascii;
    arch        "LSB;label=32;scalar=64";
    class       volScalarField;
    location    "2/tube";
    object      p;
}
// * * * * * * * * * * * * * * * * * * * * * * * * * * * * * * * * * * * * * //

dimensions      [1 -1 -2 0 0 0 0];

internalField   nonuniform List<scalar> 
5195
(
100402
100049
100058
100036
100524
100043
100718
100318
100312
100222
100239
100032
100104
100358
100255
100276
100383
100079
100092
100054
100028
100227
100549
100089
100120
100206
100227
99984.5
100100
100087
100461
100331
100370
100263
100105
100344
100095
100458
100206
100055
100067
100267
100235
100143
100180
100119
100245
100297
100535
100449
100442
100470
100052
100038
99968.5
100581
100471
100158
99993.2
100549
100110
100078
99967.7
100126
100135
100138
100160
100135
100166
100137
100004
100136
100138
100193
100146
100420
100132
100204
100099
100040
100368
100439
100538
100499
100109
100350
100467
100326
100048
100370
100187
100073
100172
100602
100223
100053
100170
100142
100074
100054
100146
100174
100132
100146
100531
100126
100244
100372
100261
100431
99983.6
100471
100218
100453
100083
100163
100423
100078
100130
100139
100133
100169
100125
100046
100158
100139
100151
100053
100220
100080
100062
100079
100126
100113
100180
100108
100137
100355
100307
100358
100263
100146
100131
100140
100267
100142
100200
100140
100167
100194
100462
100479
100120
100157
100330
100387
100048
100297
100318
100166
100154
100107
100322
100275
100149
100193
100311
100152
100130
100290
100116
100132
100085
100097
100162
100095
100319
100420
100387
100417
100371
100483
100652
100476
100549
100241
100020
100242
100108
100134
100247
100137
100114
100271
100144
100624
100264
100484
100219
100594
100166
100139
100152
100079
100199
100483
100102
100554
100133
100244
100183
100135
100537
100051
99993.3
100094
100110
100179
100124
100179
100102
100130
100572
100064
100319
100102
100091
100075
100207
100134
100132
100278
100062
100128
100050
100074
100165
100078
100246
100139
100066
100104
100056
100165
100041
100105
100302
100065
100048
99952.8
100151
100231
100053
100052
100022
99883.1
100286
100046
100063
100186
100211
100075
100247
100263
100186
100220
100082
100087
100165
100146
100420
100304
100170
100323
100009
100193
100315
100322
100128
100329
100351
100308
100316
100582
100306
100303
100159
100349
100415
100331
100194
99874.2
100139
100016
100235
100103
100157
100507
100229
100043
100125
100118
100145
100139
100287
100175
100048
99967.6
100481
100164
100324
100150
100538
100199
100152
100118
100298
100312
100018
100155
100109
100034
100049
100040
100149
100196
100038
100035
100040
100098
99995.4
100435
100060
100544
100022
100081
100037
100244
100135
100130
99785.1
100567
100076
100046
100098
99974.9
100086
100510
100515
100065
100179
100139
100002
100063
100511
100446
100582
100093
100189
100104
100228
100047
100153
100448
100259
100123
100143
100460
100078
100154
100312
100111
100110
100244
100615
100107
100191
100134
100128
100369
100102
100085
100107
100147
100230
100290
100266
100276
100225
100164
100413
100155
100090
100116
100311
100291
99964.5
100292
100162
100301
100274
100397
100519
100163
100302
100046
100581
100398
100025
100520
100543
100199
100362
100037
100250
100045
100383
100291
100208
100278
100302
100279
100402
100293
100065
100274
100310
100375
100169
100248
100309
100399
100225
100307
100295
100314
100096
100297
100326
100154
100075
100292
100344
100341
100417
100377
100404
100369
100223
100067
100230
100619
100019
100085
100452
100088
100452
100500
100099
99995.4
100203
100019
100445
100465
100372
100390
100093
100058
100102
100162
100180
100111
100212
100270
99999.9
100128
100048
100503
100089
100095
100098
100303
100233
100520
100073
100207
100100
100313
100478
100282
100412
100083
100038
100337
100212
100418
100095
100668
100146
100383
100304
100104
100514
100339
100111
100183
100296
100020
100088
100104
100164
100118
100073
100089
100102
100122
100139
100225
100333
100121
100058
100383
100119
100280
100158
100468
100141
100120
100129
100369
100375
100044
100317
100092
100028
100111
100130
100295
100269
100084
100027
100094
100057
100179
100097
100064
100194
100368
100223
100278
100182
100093
100135
100242
100138
100262
100164
100072
100466
100039
100074
100089
100038
100196
100359
100057
100056
100116
100066
100680
100279
100246
100251
100294
100327
100245
100363
100269
100434
100171
100188
100232
100240
100077
100135
100512
100244
100008
100037
100193
100271
100167
100057
100352
99964.9
99982.1
100071
100342
100094
100099
100137
100344
100593
100491
100387
100300
100395
100394
100239
100320
100271
100237
100316
100150
100392
99977.1
100214
100427
100157
100454
100087
100297
100363
100021
100230
100389
100370
100366
100225
100197
100213
100362
100096
100208
100238
100492
100144
100024
100053
100277
100026
100017
100099
100241
100216
100289
100193
100323
100084
100250
100243
100330
100132
100147
100160
100116
100341
100382
99953.1
100226
100045
100103
100110
100112
100100
100206
100096
100056
100150
100132
100101
100127
100097
100591
100456
100583
100264
100352
100218
100367
100399
100313
100171
100476
100523
100217
100293
100350
100395
100213
100360
100134
100150
100374
100105
100610
100556
100537
100033
100120
100097
100123
100157
100150
100148
100165
100120
100123
100303
100347
100083
100336
100278
100249
100129
100280
100203
100247
100212
100226
100077
100558
100555
100369
100149
100522
100399
100407
100221
100214
100070
100012
100174
100090
100100
99951.8
100133
100118
100157
100252
100163
100034
100247
100186
100033
100161
100210
100156
100155
100172
100093
99983.2
100027
100097
100019
100093
100113
100133
100140
100120
100120
100016
100356
100121
100111
100097
100149
100244
100251
100082
100122
100109
100084
100381
100090
100142
100512
100384
100127
100134
100121
100188
100168
100238
100040
100205
100110
100096
100212
100226
100004
100003
100078
100038
100315
99957.4
100158
100275
100127
100369
100353
100164
100058
100121
100104
100144
100355
100315
100117
100070
100040
100120
100048
100069
100093
100184
100247
100156
100091
100087
100151
100165
100121
100139
100118
100024
100116
100141
100160
100072
100179
100189
100229
100162
100213
100239
100094
100175
100245
100262
100184
100150
100581
100567
100185
100153
100406
100245
100308
100322
100278
100494
100233
100239
100489
100302
100329
100280
100699
100539
100533
100314
100552
100034
100077
100265
100251
100290
100193
100534
100238
100264
100135
100091
100059
100064
100229
100088
100341
100098
100105
100103
100192
100358
100132
100348
100357
100473
100251
100141
100316
100154
100339
100063
100020
100027
100133
99929.7
100374
100488
100449
100159
100169
100360
100387
100059
100378
100131
100173
100117
100139
99990.4
100031
100363
100347
100236
100372
100072
100050
100008
100312
100165
100082
100095
100088
100373
100427
100451
100389
100140
99996.1
100083
100032
100088
100106
100121
100058
100020
100103
100432
99993.9
100101
100104
99962.1
99932.7
100015
100231
100377
100626
100571
100372
100596
100516
100649
100283
100450
100400
100162
100479
100524
100199
100646
100552
100501
100511
100041
100226
100022
100223
100109
100249
100062
100500
100372
100246
100305
100154
100370
100559
100398
100324
100300
100302
100468
100314
100302
100032
100041
100065
100125
100129
100103
100139
100100
100282
100477
100106
100477
100376
100091
99992.6
100101
100257
100107
100096
100073
100163
100077
100264
100115
100091
100137
100130
100235
100163
100117
100162
100106
100575
100076
100321
100265
100065
100276
100368
100534
100320
100370
100324
100241
100540
100455
100565
100504
100330
100318
100315
100443
100110
100128
100463
100093
100414
100065
100492
100122
100267
100182
100053
100344
100354
100319
100072
100484
100294
100535
100351
100416
100263
100429
100636
100409
100398
100377
100449
100535
100445
100082
100298
100267
100268
100288
100304
100180
100032
100059
99893.8
100286
100152
100187
100285
100181
100108
100150
100270
100280
100162
100107
99969.1
99994.5
100245
100206
100171
100149
100129
100110
100203
100076
100213
100200
100036
100371
100032
100357
100108
100259
100115
100367
100149
100293
100102
100210
100340
100184
100104
100382
100034
100114
100231
100040
100097
100058
100300
100068
100078
100150
100500
100584
100439
100136
100186
100368
100059
100219
100350
100149
100233
100149
100154
100059
100098
100101
100076
100086
100546
100699
100135
100381
100118
100100
100127
100092
100166
100138
100142
100123
100132
100183
100424
100151
100190
100438
100353
100186
100067
100045
100115
100062
100252
100230
100252
100297
100112
100139
100310
100040
100024
100293
100121
100040
100233
99956.3
100292
100185
100506
100447
100158
100165
100155
100223
100332
100141
100222
100080
100309
100391
100140
100270
100286
100333
100285
100206
100303
100276
100351
100494
100307
100225
100240
100243
100206
100486
100161
100211
100265
100034
100041
100041
100350
100041
100239
100365
100507
100220
100183
100601
100182
100344
100345
100345
100314
100086
100408
100292
100182
100203
100262
100270
100380
100325
100392
100607
100351
100241
100235
100345
100395
100240
100127
100056
100010
100063
100069
99956.8
100075
100210
100172
100047
100054
100020
100258
100136
100060
100146
100171
100391
100248
100078
100221
100218
100240
100267
100300
100505
100060
100244
100483
100072
100323
100109
100371
100070
100082
99998.8
100076
100381
100384
100355
100158
100104
100110
99963.2
100297
100336
100287
99983
100183
99986.8
100389
100389
100136
100215
100369
100338
99902.2
100069
100247
100035
100024
100316
100281
100509
100048
100262
100042
100270
100056
100160
100332
99956.1
100049
100002
100112
100109
99985
100118
100411
100077
100348
100126
100388
100185
100370
100297
100156
100149
100024
100407
100197
100133
100296
100136
100454
100201
100132
100293
100227
99894.3
100089
100282
100107
100356
100246
100106
100088
100433
100148
100483
100569
100553
100146
100094
100130
100272
100209
100409
100448
99957.3
99968.3
100363
100166
100176
99999.5
100114
100032
99964
100012
99969.8
100041
100107
100256
100069
100251
100270
100375
100084
100042
100532
100012
100526
100070
100078
100088
100173
100067
100245
100534
100302
100122
100151
100185
100163
100082
100374
100113
100513
100185
100234
100098
100251
100133
100310
100264
100168
100152
100127
100136
100280
100335
99964.9
100255
100048
100023
100241
100162
100108
100086
100272
100258
100030
100269
100119
100053
99974.8
100082
100178
100255
100247
100123
100143
100079
100082
100421
100272
100325
100056
100070
100169
100115
100197
100287
100118
100535
100149
100148
100357
100274
100292
100493
100171
100385
100595
100368
100151
100322
100124
100117
100151
100103
100275
100304
100220
100274
100040
100132
100136
100112
100050
100200
100183
100095
100148
100100
100301
100097
100077
100081
100093
100155
100304
100382
100477
100065
100099
100487
100266
100223
100226
100015
100161
100123
100421
100379
100350
100163
100384
100421
100365
100067
100131
100143
100111
100146
100074
100185
100122
100088
100312
100043
100029
100097
100281
100082
100176
100315
100388
100156
100149
100074
100075
100061
100382
100226
100233
100085
100089
99956.3
100359
100321
100021
100364
100334
100122
100102
100162
100332
100349
100196
100236
100247
100277
100247
100231
100218
100178
100284
100289
100233
100311
100324
100346
100396
100315
100173
100030
100250
100352
100214
100296
100261
100226
99969.2
100245
100054
100129
100075
100116
100042
100185
100220
100345
100148
100301
100210
100356
100046
100345
100320
100041
100060
100108
100299
99988.3
100153
100150
100111
100125
100092
100177
100064
100167
100135
100067
100057
100132
100106
100125
100483
100123
100108
100205
100415
100399
100445
100330
100167
100186
100333
100068
100210
100275
100344
100341
100404
99944.1
100432
100592
100383
100545
100015
100454
100380
100055
100117
100104
100124
100094
100133
100090
100113
100253
100129
100110
100067
100168
100113
100213
100123
100200
100126
100104
100216
100119
100051
100099
100035
100018
100111
100142
100122
100122
100152
100120
100066
100069
100119
100246
100205
100099
100129
100146
100247
100092
100260
100184
100212
100156
100128
100097
100253
100194
100145
100176
100140
100134
100198
100139
100240
100149
100115
100152
100142
100177
100155
100178
100139
100215
100207
100154
100219
100246
100154
100226
100302
100306
100292
100125
100304
100313
100324
100356
100327
100295
100308
100299
100275
100468
100392
100253
100182
100181
100388
100219
100437
100475
100190
100191
100113
100644
100191
100378
100183
100097
100116
100171
100184
100016
100009
100139
100469
100166
100332
100204
100558
100244
100218
100165
100192
100099
100158
100396
100288
100163
100487
99977.7
100154
100182
100274
100344
100038
100015
100222
100327
100223
100133
100088
100592
100108
100113
100257
100093
100056
100041
100075
100150
100044
100106
100060
100102
100117
100259
100079
100106
100011
100087
100057
100077
100190
100168
100100
100093
100143
100149
100102
100094
100293
100163
100251
100238
100099
100057
100140
100091
100059
100129
100223
100299
100302
100123
100063
100135
100393
100191
100153
100078
100512
100296
100501
100175
100272
100320
100133
100083
100022
100262
100029
100328
100294
100218
100155
100291
100097
100405
100084
100397
100340
100045
100134
100337
100191
100134
100182
100216
100213
100265
100125
100209
100226
100337
100073
100385
100313
100346
100377
100374
100575
100189
100378
100503
100110
99946.1
100078
100266
100147
100226
99934
100153
100091
100144
100113
100177
100099
100174
100214
100141
100288
99968.1
99988.5
100002
100000
99988.3
100059
100016
99987.2
100300
100095
99967.7
99986.7
99983.3
100081
100063
100052
100147
100023
100147
100061
99990.6
99975.8
99974.7
100116
100109
100081
100143
100105
100123
100519
100522
100075
100090
100554
100533
100395
100110
100294
100485
100102
100142
100110
100096
100092
100490
100187
100242
100080
100059
100156
100094
100249
100091
100065
100096
100255
100254
100251
100076
100153
100165
100228
100221
100150
100091
100106
100173
100133
100124
100197
100231
100170
100283
100158
100201
100170
100348
100315
100386
100388
100306
100298
100426
100299
100290
100359
100421
100553
100343
100340
100405
99975.5
100138
99993.1
100456
100209
100431
100405
100298
100528
100480
100560
100595
100265
100364
100269
100540
100356
100583
100313
100515
100338
100555
100592
100322
100529
100246
100611
100335
100351
100616
100695
100678
100283
100303
100288
100297
100275
100055
100218
100179
100177
100200
100100
100150
100183
100215
100075
100104
100404
100102
100242
100150
100288
100088
100125
100122
100272
100512
100411
100562
100477
100074
100122
100143
100013
100089
100075
100110
100065
100074
100051
100085
100075
100130
100237
100156
100100
100103
100153
100018
100006
100213
100024
100206
100195
100115
100425
100313
100433
100070
100020
100220
100200
100176
100053
100072
100218
100308
100157
100097
100167
100139
100103
100141
100118
100253
100250
100220
100253
100326
100206
100298
100136
100261
100373
99980.3
100083
100235
100321
100176
100320
100339
100511
100318
100546
100328
100366
100464
100559
100520
100481
100479
100072
100066
100112
100254
100029
100164
100077
100100
100131
100201
100143
100277
100120
100227
99977.4
100337
100168
100069
100456
100066
100001
100552
100432
100034
100554
99944.5
100019
100034
100029
100075
100073
100067
100006
100039
100096
100162
100102
100135
100000
100098
100005
100039
100116
100100
100088
100127
100061
100239
100016
100050
100073
100199
100186
100142
100220
100183
100143
100065
100055
100111
100027
100322
100296
100308
100299
100378
100322
100072
100001
100042
100364
100118
100311
100357
100254
100298
100365
100080
100131
100373
100147
100527
100561
100413
100533
100568
100387
100109
100092
100171
100121
100249
100144
100119
100207
100108
100174
100210
100233
100117
100368
100175
100206
100434
100204
100052
100147
100185
100077
100188
100058
100068
100103
100184
100164
100126
100142
100143
100146
100113
100105
100096
100178
100175
100138
99971.2
100206
100266
100277
100214
100267
100371
100417
100282
100399
100217
100279
100167
99797.2
100354
100412
100513
100516
100523
100453
100357
100263
100267
100255
100065
100002
100131
99914.9
100098
100263
100305
100287
100348
100109
100296
100013
100292
100068
100288
100326
100342
100032
100278
100072
100020
100064
100034
100403
100030
100121
100094
100095
100345
100364
100324
100129
100402
100120
100146
100109
100112
100271
100147
100242
100513
100276
100215
100594
100529
100349
100204
100141
100265
100093
100293
100270
100027
100071
100391
100386
100148
100107
100010
100159
100115
100161
100126
100166
100405
100128
100187
100392
100408
100059
100352
100150
100136
100219
100052
100165
100162
100285
100202
100023
100293
100327
100070
100625
100154
100346
100079
100300
100323
100056
100155
100529
100192
100095
100223
100388
100131
100159
100359
100089
100133
100119
100090
100287
100426
100224
100227
100406
100374
100128
100283
100158
100494
100179
100290
100139
100354
99988.3
100538
100026
100103
100297
100199
100213
100024
100095
99999.4
100186
100344
100269
100033
100045
100322
100341
100070
100329
100078
100332
100088
100077
100158
100109
100225
100514
100241
100203
100165
100084
100151
100120
100025
100067
100100
100109
100161
100202
99919.4
100010
99990.9
100206
99943.1
100175
100061
100273
100385
100289
100085
100123
100231
100190
100152
99977.3
100295
100378
100221
100102
100108
100387
100381
100026
100336
100062
100132
100300
100085
100120
100099
100361
100359
100356
100432
100267
100152
100109
100248
100197
100104
100044
100142
100246
100169
100169
100060
100113
100077
100129
100129
100080
100113
100173
99990.1
100084
100057
100104
100060
100188
100105
100081
100238
100076
100086
100080
100218
100165
100195
100157
100147
100248
100178
100103
100138
100152
100289
100184
100149
100363
100157
100102
100156
100119
100314
100149
100079
100024
100235
100217
100128
100103
100210
100132
100204
100074
100273
100344
100289
100193
100221
100315
100183
100307
100183
100366
100165
100192
100197
100341
100117
100155
100293
100350
100117
100313
100136
100144
100094
100258
100157
100146
100233
100234
100157
100224
100233
100072
100158
100212
100063
100300
100304
100154
100120
100052
100033
99973.2
100140
100087
100245
100392
99999.4
100228
100387
100294
100370
100007
100290
100304
100395
100494
100439
100524
100043
100494
100154
100478
100376
100367
100287
100293
100321
100101
100220
100418
100204
100242
100330
100292
100097
100391
100233
100166
100236
100050
100221
100103
100115
100200
100055
100315
100333
100380
100151
100107
100279
100011
100059
100083
100054
100122
100496
99956.4
100426
100098
100118
100442
100139
100134
100070
100078
100073
100101
100171
100021
100107
100058
100161
99971.2
100233
100201
100249
100148
100245
100247
100231
100023
100192
100258
100279
100251
100398
100343
100246
100227
100261
100434
100231
100343
100462
100259
100307
100527
100276
100159
100117
100213
100081
100196
100195
100106
100077
100613
100066
100512
100386
100556
100513
100576
100557
100013
100367
100050
100073
100031
100063
100075
100087
99997.4
100012
100110
100079
100025
100012
100035
100039
100064
100006
100141
100185
100507
100153
100084
100085
100523
100064
100022
100547
100544
100545
100473
100608
100038
100058
100076
100194
100592
100118
100202
100652
100340
100104
100158
100007
100094
100224
100188
100100
100594
100260
100128
100519
100063
100163
100511
100139
100200
100229
100471
100298
100188
100502
100076
100107
100204
100197
100212
100509
100226
100215
100043
100284
100470
100304
100277
100275
100346
100412
100270
100156
100517
100108
100275
99983.7
100413
100357
100564
100399
100100
100395
100457
100103
100436
100185
100537
100574
100479
100271
100366
100405
100039
100443
100209
100323
100244
100315
100303
100556
100603
100569
99943.7
100596
100190
100542
100206
100524
100039
100233
100075
100245
100037
100389
100025
100008
100036
100124
100089
100109
100110
100030
100093
100117
100238
100242
100093
100612
99878.1
100077
100250
100227
100248
100185
100122
100183
100212
100108
100216
100279
100115
100185
100135
100326
100357
100290
100457
100134
100335
100404
100322
100220
100286
100095
100080
99995.3
100243
100224
100250
100302
100239
100191
100219
100250
100253
100308
100152
100527
100498
100102
100040
99940.2
100094
100505
100324
100057
100103
100068
100231
100183
100448
100038
100147
100555
100273
100546
100291
100510
100440
100496
100297
100207
100316
100394
100049
100342
100318
100078
100121
100217
100173
100151
100328
100162
100287
100198
100523
100197
100300
100417
99972.8
100326
100182
100308
100021
100023
100041
99897.1
100032
100079
100019
100515
100078
100582
100501
100493
100504
100414
100082
100069
100093
99912.4
100011
100547
100176
100089
100197
100495
100202
100118
100460
100105
100122
100152
100205
100238
100174
100189
100225
100282
100251
100259
100276
100220
100260
100302
100302
100311
100047
100339
100502
100124
100516
100509
99971
100010
99975.6
99992.1
99992
99913.9
100043
100042
100025
100480
100035
100480
100622
100561
100488
100562
100453
100522
100587
100581
100530
100561
100395
100215
100556
100362
100192
100090
100058
100085
100574
100576
100592
100188
100058
100560
100074
100064
100126
100104
100138
100085
100183
100150
100129
100198
100260
100284
100076
100309
100064
100311
99981.5
100084
100052
100088
100121
100114
100077
99966.2
100169
100069
100049
100047
100109
100093
100070
100050
100052
100575
100485
100617
100387
100081
100089
100118
100138
100028
100043
100071
100063
100150
100071
100086
100108
100176
100058
100187
100086
100306
100141
100085
100245
100271
100088
100335
100294
100299
100116
100104
100263
100150
100236
100213
100220
100433
100218
100204
100256
100280
100259
100265
100277
100131
100279
100337
100178
100371
100318
100126
100169
100361
100346
100307
100334
100316
100277
100083
100332
100136
100107
99915.8
100611
99992.5
100197
100097
100300
100599
100236
100025
100387
100314
100494
100004
100517
100501
100147
100154
100214
100075
100274
100123
100094
100100
100175
100132
100122
100134
100245
100266
100463
100186
100136
100044
100089
100310
100065
100474
99995.7
100310
99962
100292
100319
100272
100046
100115
100012
100255
100066
100041
100012
100024
100147
100077
100252
100075
100062
100023
100049
100188
100068
100099
100081
100051
100143
100109
100177
100135
100269
100142
100093
100124
100114
100138
100172
100246
100178
100227
100197
100151
100135
100273
100242
100351
100201
100177
100315
100323
100141
99977.1
100060
100229
100219
100276
100346
100460
100210
100399
100224
100352
100459
100519
100454
100281
100286
100285
100282
100081
100404
100173
100444
100364
100443
100423
100045
100026
99977.4
100166
100203
100247
100091
100080
100135
100062
100104
100121
100070
100061
100056
100107
100261
100366
100147
100141
99932.6
100335
100228
100212
100263
100171
100315
100145
100123
100333
100417
100247
100162
100211
100204
100302
100151
100515
100524
100410
100147
100055
100349
100382
100165
100480
100508
100533
100506
100354
100101
100321
100038
100235
100073
100057
100123
100266
100248
100319
100341
100306
100076
100073
100038
99917.9
100142
100089
100070
100038
100017
100070
100045
100083
100111
100112
100375
100143
100052
100208
100206
100354
100099
100139
100070
100070
100103
100065
100094
100105
100238
100218
100144
100046
100292
100224
100083
100366
100381
100096
100259
99835.7
100065
100179
100262
100199
100102
100347
100160
100142
100127
100158
100134
100387
100199
100134
100126
100205
100088
100190
100187
100285
100140
100136
100338
100268
100170
100397
100238
100398
100095
100381
100127
100116
100395
100299
100361
100374
100019
100185
100227
100350
100227
100273
100223
100310
100294
100259
100316
100359
100353
100088
100094
100139
100356
100161
100196
100188
100141
100080
99971.9
100009
100089
100195
100020
100109
100126
99997.8
100294
100380
100129
100105
100298
100336
100472
100585
100097
100074
100358
100132
100060
100083
100331
100085
100139
100325
100395
100059
100108
100103
100032
100089
100357
100416
100121
100134
100117
100226
100151
100124
100121
100352
100295
100095
100281
100118
100275
100305
100124
100260
100265
100316
100304
100126
100234
100152
100190
100238
100184
100184
100470
100104
100070
100174
100262
100383
100418
100381
100258
100339
100286
99982.2
100123
100152
100090
100123
100153
100292
100224
100335
100035
100111
100143
100043
100102
100132
100130
100397
100402
100144
100119
100155
100043
100138
100052
100425
100211
100386
100375
100032
100276
100343
100346
100151
100298
100389
100525
100027
100375
100110
100119
100096
100134
100107
100102
100120
100145
100044
100013
100117
100069
100191
100219
100078
100099
100106
100089
100128
100087
100145
100079
100281
100154
100316
100195
100081
100335
100028
100120
100270
100349
100153
100133
100143
100094
100117
100026
100106
100156
100144
100204
100200
100112
100191
100182
100089
100145
100013
100213
100348
100049
100058
100169
99959.4
99961.2
100153
100280
100244
100268
100248
100238
100310
100247
100299
100203
100343
100209
100409
100505
100237
100089
100274
100392
100286
100303
100178
100342
100286
100328
100213
100208
100306
100219
99969.5
100358
100109
100410
100300
100243
100285
100093
100132
100088
100372
100124
100476
100056
100298
100105
100074
100143
100181
100075
100302
100178
100215
100366
100253
100190
100105
100146
100290
100057
100077
100238
100266
100304
100312
100472
100466
100328
100120
100283
100335
100491
100327
100206
100190
100349
100374
100332
100339
100215
100367
100031
100280
100256
100204
100203
100090
100103
100074
100035
100101
100001
100169
100137
100213
100175
100112
100040
100103
100157
99960.8
100029
100541
100021
100043
100024
100141
100016
100088
100059
100074
100100
100172
100083
100081
100045
100044
100077
100062
100258
100175
100235
100088
100043
100086
100198
100170
100059
100088
100117
100152
100086
100156
100173
100126
100103
100134
100194
100139
100267
100109
100304
100201
100359
100160
100194
100252
100193
100282
100197
100374
100437
100338
100226
100209
100279
100410
100193
100064
100265
100374
100261
99957
100263
100071
100112
100285
100309
100126
100316
100334
100308
100207
100272
100309
100492
100356
100408
99789.8
100517
100522
100568
100602
100567
100277
100293
100278
100110
100114
100096
100100
99889.2
100114
100576
100004
100499
100078
100489
100097
99998.1
100219
100139
100335
100237
100091
100115
100154
100049
100192
100062
100019
99979.7
100117
99913.6
100207
100093
100105
100071
100080
100090
99969.4
100104
100120
100125
100132
100228
100059
100317
100125
100115
100152
100048
99970
100077
100069
100174
100047
100384
100187
100197
100306
100298
100329
100107
100116
100262
100382
100277
100294
100361
100107
100569
100505
100505
100199
100364
100666
100371
100380
100405
100098
100060
100428
100378
100072
100065
100132
100081
100152
100364
100141
100130
100114
100298
100311
100261
100337
100257
100491
100316
100274
100278
100303
100312
100186
100209
100187
100222
100118
100143
100207
100088
100115
100293
100101
100107
100226
100170
100085
100120
100085
100249
100134
100540
100124
100145
100553
100424
100164
100141
100312
100084
100045
100005
100137
100125
100023
100107
100182
100138
100229
100096
100547
100153
99974.5
100022
100091
100002
100255
100023
100171
100124
100110
100110
100122
100142
100164
100149
100281
100102
100133
100075
100136
100154
100371
100163
100147
100327
100134
100414
100361
100452
100531
100203
100359
100268
100253
100298
100356
100265
100370
100613
100273
100258
100114
100554
100555
100442
100443
100653
100139
100015
100089
100069
100090
99900.7
100033
100078
100512
100538
100509
100221
100157
100553
100508
100180
100548
100507
100449
100246
100251
100173
100139
100258
100589
100561
100217
100108
100110
100112
100105
100242
100073
100123
100118
100144
100109
100123
100170
100192
100192
100212
100122
100158
100063
100175
100138
100145
100035
100131
100322
100005
100343
100043
100004
100085
100010
99947
99981.5
100038
100066
100075
100101
100077
100089
100114
100084
100185
100063
100146
100022
100274
100080
100010
100233
100241
100255
100336
100411
100262
100075
100116
100288
100433
100102
100110
100114
100162
100124
100128
100109
100120
100199
100127
100237
100241
100179
100111
100175
100121
99953.2
100021
100048
100122
99875.5
100510
100188
100497
100170
100183
100056
100077
100130
100056
100174
100180
100047
100158
100195
100127
100157
100216
100095
100275
100390
100209
100232
100205
100429
100358
100297
99990.6
100091
100190
99967.7
100101
100058
100223
100336
99849
100343
100138
100049
100094
100348
100348
100117
100076
100098
100009
100085
100108
100098
100335
100127
100428
100133
100158
100310
100164
100388
100288
100240
100291
100226
100402
100284
100320
100303
100353
100268
100310
100334
100331
100376
100470
100373
100342
100426
100074
100083
100083
100522
100151
100457
100543
100074
100118
100085
100123
100113
100294
100458
100483
100534
100475
100441
100122
100043
100027
100110
100120
100119
100536
100274
100151
100259
100352
100263
100170
100094
100110
99971.9
100164
99979.8
99980.7
100022
99963.3
100088
100101
100134
100049
100142
100188
100037
100282
100032
100264
100140
100035
100043
100098
100119
100431
100080
100115
100172
100148
100115
100165
100289
100128
100012
100097
100137
100220
100164
100147
100294
100110
100113
100318
100197
100123
100275
100288
100267
100262
100162
100148
100141
100328
100326
100309
100347
100502
100295
100271
100327
100300
100331
100463
100288
100252
100220
99959.2
100073
100025
100214
100054
100220
99980.3
100262
100270
99996.7
100236
100132
100241
100545
100506
100331
100537
100329
100095
100164
100157
100103
100128
100257
100101
100324
100369
100098
100430
100120
100344
100315
100310
100322
100047
100401
100116
100067
100121
100467
100031
100497
100465
100496
100093
100501
100108
100123
100495
100160
100125
100411
100479
100462
100101
100315
100330
100125
100320
100355
100324
100186
100238
100288
100325
100306
100268
100257
100343
100208
100322
100284
100357
100280
100130
100310
100345
100312
100360
100258
100324
100180
100199
100166
100043
100414
100200
100093
100214
100053
100464
100513
100450
100403
100444
100033
100173
99987.2
99943.6
100190
100174
100115
100194
100145
100062
100298
100129
100220
100059
100049
100085
100073
100235
100058
100119
100099
100032
100087
100104
100102
100105
100028
99997.4
100311
100135
100107
100038
100098
100086
100118
100137
99983.8
100170
100040
100132
100137
100213
100218
100093
100279
100104
100246
100094
100325
100330
100083
100068
100386
100367
100111
100301
100286
100071
100021
100230
100389
100323
100377
100151
100115
100324
100306
100260
100060
100042
100234
100061
100349
100250
100318
100129
100115
100027
100035
100344
100217
99990.5
100045
100085
99937.2
100075
100143
100171
100216
100166
100076
100075
100157
99836.3
100305
100246
100109
100136
100001
100299
100170
100125
100168
100040
100344
99927.4
100223
100213
100193
100260
100288
100413
100251
100578
100279
100257
100285
100360
100255
100241
100309
100495
100319
100319
100298
100278
100382
100340
100391
100100
100343
100049
100071
100273
100239
100075
100197
100296
100063
100136
100005
100161
100054
100023
100080
100101
100120
100159
100250
100417
100113
100125
100109
100087
100107
99603.2
100140
100089
100126
100127
100230
100123
100121
100133
99976
100405
100204
100194
100079
100166
100337
100310
100197
100273
100213
100290
100281
100273
100358
100360
100368
100264
100257
100034
100373
100256
100153
100448
100157
100345
100107
100445
100186
100502
100457
100198
100135
100152
100148
100186
100467
100455
100107
100238
99933
100010
100100
99999.1
100125
100131
100000
100002
100082
100107
100057
100097
100004
99942.1
100300
100176
100290
100303
100371
100526
100518
100511
100526
100276
100186
100288
100536
100338
100591
100585
100534
100574
100594
100434
100546
100489
100531
100251
100026
100208
99986.8
100266
100212
100266
99995.3
100220
100180
100221
100220
100536
100534
100175
100069
100133
100529
100111
100155
100127
100221
100479
100099
100067
100067
100005
100571
100025
100287
100392
100323
100058
100467
100104
100085
99873.6
100062
100026
100216
100101
100074
100138
100107
100225
100193
100316
100200
100208
100166
100264
100170
100278
100332
100122
100419
100197
100432
100354
100452
100114
100264
100355
100085
100257
100084
100100
100157
100114
99970
100303
100349
100028
100063
100328
100419
100354
100300
100375
100277
100379
100121
100026
100107
100007
100160
100035
100016
100007
100074
100093
100082
100197
100094
100030
100169
100107
100090
100085
100117
100165
100076
100077
100087
100044
100097
100038
100075
100134
100102
100132
100278
100134
100118
100178
100184
100157
100090
100151
100088
100149
100220
100399
100136
100141
100169
100187
100441
100157
100347
100264
100243
100089
100204
100330
100209
100304
100229
100145
100182
100170
100153
100288
100165
100271
100159
100146
100322
100153
100370
100348
100155
100352
100160
100184
100514
100394
100269
100300
100392
100162
100290
100177
100437
100542
100286
99984.8
100340
100303
100384
100082
100340
100308
100280
100329
100281
100543
100286
100180
100313
100184
100035
100298
100310
100268
99982
99952.9
99877.7
100259
100252
100353
100382
100602
100066
99862.7
100300
100351
100298
100326
100153
100152
100204
100166
100155
100121
100116
100310
100202
100311
100106
100076
100171
100157
100342
100128
100303
100375
100342
100350
100141
100105
100068
100281
100289
100083
100093
100403
100091
100330
100325
100093
100066
100289
100363
100470
100069
100346
100106
100367
100457
100069
100363
100414
100130
100145
100088
100145
100087
100144
100142
100083
100132
100226
100428
100255
100275
100277
100355
100328
100256
100289
100253
100336
100182
100349
100284
100337
100104
99993.6
100078
100218
100136
100081
100017
100076
100234
100478
100435
100571
100399
100477
100383
100456
100324
100283
100479
100412
100444
100399
100370
100559
100512
100536
100187
100551
100641
100288
100106
100153
100035
99991
100209
100237
100024
100046
99922.8
100208
100072
100330
100356
100085
100521
100160
100115
100401
100107
100092
100102
100040
100039
100055
99997.8
100028
100121
100175
100195
99963.1
100176
100194
100110
100122
100163
100132
100189
100335
100241
100218
100254
100344
100276
100227
100457
100286
100380
100458
100288
100023
99994.5
100120
99892.3
100010
100278
100305
99963.7
100128
100051
100541
100533
100601
100587
100145
100565
100573
100175
100187
100424
100139
100573
100518
100426
100114
100173
100114
100634
100092
100128
100301
100138
100127
100079
100326
100311
100115
100337
100300
100089
100241
100259
99976.3
100317
100228
100347
100120
100333
100409
100138
100454
99936.5
100043
100562
100015
100425
100018
100024
100101
100075
100489
100089
100100
100076
100092
100084
100318
100144
100135
100379
100342
100348
100326
100141
100145
100187
100173
100105
100071
100176
100130
100248
100231
100224
100271
100116
100058
100094
100353
100341
100386
100110
100106
100098
100088
100282
100119
100210
100132
100122
100123
100306
100205
100408
100137
100387
100396
100176
100134
100167
100097
100087
100036
100161
100147
100606
100483
100284
100494
100269
100270
100288
100354
100385
100349
100174
100104
100137
100197
100344
100340
100386
100438
100361
100397
100417
100139
100325
100002
99946.4
100052
100251
100079
100224
100035
100175
100101
100099
100127
100132
100298
100181
100157
100602
100201
100207
100238
100210
100192
100542
100468
100312
100269
100311
100464
100497
100601
100131
100112
100140
100113
100076
100066
100414
100016
100006
100121
100220
100052
100070
100075
100103
100079
100151
100160
100161
100142
100120
100273
100095
100274
100343
100142
100114
99984.7
100051
100077
100036
100201
100067
100098
100199
100139
100137
100115
100040
100128
100140
100247
100267
100201
100187
100268
100254
100262
100302
100338
100143
100187
100011
100179
100214
100126
100050
100197
100437
100450
100386
100249
100207
100152
100173
100110
100077
100326
100469
100390
100447
99912.2
100516
100069
100051
100215
100226
100166
99959.1
100079
100063
100037
100052
100064
100142
100091
100253
100116
100255
100340
100147
100114
100598
100430
100403
100280
99695.9
100229
100201
99828.5
100262
100314
100154
100050
100284
100108
100063
100115
100110
100141
100147
100449
100499
100562
100392
100500
100439
100189
100176
100357
100363
100357
100435
100255
100304
100047
100284
100055
100071
100216
100113
100145
100151
100108
100110
100227
100178
100288
100237
100139
100304
100276
100275
100234
100347
100282
100307
100289
100251
100322
100300
100272
100347
100320
100450
100452
100304
100205
100105
100281
100281
100143
100185
100298
100233
100148
100123
100285
100341
100078
100181
100134
100127
100082
100075
100131
100131
100135
100348
100071
100239
100187
100335
100337
100336
100349
100271
100280
100280
100306
100246
100248
100369
100328
100305
100360
100231
100362
100513
100131
100504
100376
100311
100070
100289
100252
100077
)
;

boundaryField
{
    tubeend1
    {
        type            calculated;
        value           nonuniform List<scalar> 
65
(
99989.5
99970.1
99979.6
99958.8
99946.9
99958.3
99938.9
99938.1
99948.1
99943.3
99946.1
99953
99953.7
99966.7
99978.3
99965
99998.4
99988.1
100019
100009
100032
100047
100034
100058
100061
100048
100059
100054
100052
100049
100044
100027
100034
100009
99998.5
99972.6
99960.4
99959.1
99973.4
99967.2
99969.9
99976
99987.4
99977.5
100009
99997.7
100021
100036
100040
100023
100034
100029
100027
99982.6
100004
100017
100016
99991.9
100011
100014
99996.4
99994.7
100002
99986.9
99984.6
)
;
    }
    tubeend2
    {
        type            calculated;
        value           nonuniform List<scalar> 
69
(
100550
100478
100494
100450
100478
100461
100498
100454
100495
100491
100520
100495
100525
100529
100552
100535
100581
100591
100612
100591
100617
100593
100649
100581
100565
100520
100577
100534
100518
100518
100536
100590
100624
100600
100604
100568
100514
100500
100507
100508
100514
100563
100541
100550
100574
100582
100594
100572
100529
100507
100558
100532
100568
100583
100582
100512
100536
100548
100526
100556
100565
100547
100512
100523
100515
100530
100555
100541
100538
)
;
    }
    tube_to_copper
    {
        type            calculated;
        value           nonuniform List<scalar> 
2464
(
100404
100045
100530
100035
100723
100223
100240
100030
100366
100285
100087
100084
100047
100027
100080
100223
99980.7
100254
100095
100208
100047
100059
100175
100295
100444
100042
99975.9
100475
99989.9
99964.8
100159
99610.3
100129
100211
100044
100364
100444
100338
100043
100376
100069
100606
100044
100076
100046
100142
100126
100154
100255
100433
99987
100479
100222
100079
100051
100045
100223
100084
100102
100128
100347
100271
100136
100264
100196
100149
100486
100162
100100
100268
100201
100284
100123
100086
100423
100427
100659
100101
100137
100625
100159
100071
100143
100236
100044
100093
100184
100115
100108
100315
100070
100207
100073
100164
100242
100310
100060
99958
100155
99884.6
100280
100226
100077
99999.9
100318
100349
100315
100296
100151
100362
100422
99868.4
100515
100233
100037
100124
100142
100184
100041
99966.4
100482
100323
100155
100116
100030
100042
100030
100092
99986.9
100438
100016
100038
100147
99791.5
100178
100009
100058
100584
100039
100272
100071
100319
100108
100119
100237
100363
100077
100150
100236
100258
100085
100119
100309
99960.4
100290
100306
100407
100172
100402
100035
100272
100265
100377
100166
100407
100226
100324
100155
100296
100344
100338
100415
100216
100228
100624
100016
100003
100025
100463
100398
100066
100097
100156
100205
100266
100119
100091
100230
100413
100031
100208
100409
100090
100669
100144
100390
100342
100301
100108
100070
100143
100227
100126
100112
100285
100159
100464
100117
100084
100275
100089
100053
100177
100372
100216
100085
100239
100257
100080
100043
100199
100365
100111
100683
100265
100438
100180
100225
100231
100135
100237
99999
100039
99958.6
99983.1
100066
100095
100597
100494
100404
100392
100237
100315
99978.7
100150
100460
100079
100291
100015
100205
100274
100009
100095
100233
100226
100329
100243
100154
100349
99950
100222
100053
100098
100206
100049
100160
100090
100457
100371
100165
100474
100531
100217
100345
100395
100223
100129
100146
100366
100110
100162
100156
100144
100126
100347
100341
100245
100124
100280
100204
100080
100561
100157
100416
100005
100182
100090
100127
100252
100171
100035
100180
99979.3
100125
100363
100151
100247
100258
100107
100380
100191
100044
100202
100220
100051
100144
100358
100320
100035
100087
100186
100248
100155
100152
100174
100122
100027
100111
100165
100225
100208
100101
100168
100255
100329
100489
100242
100485
100307
100702
100540
100068
100539
100235
100090
100055
100059
100233
100094
100368
100255
100325
100142
99923.1
100382
100493
100457
100055
100131
100126
100146
99992
100064
100045
99999.7
100321
100089
100364
100146
100037
100053
100095
100092
100108
99923.6
100232
100371
100522
100655
100480
100202
100651
100519
100047
100222
100027
100102
100239
100057
100375
100298
100155
100401
100317
100467
100308
100278
100474
100374
100097
99993.9
100066
100079
100268
100085
100166
100573
100329
100057
100376
100533
100320
100374
100250
100567
100499
100324
100446
100470
100412
100073
100273
100337
100486
100643
100388
100035
99894.3
100142
100263
100164
99963.3
99991.5
100179
100134
100200
100073
100202
100379
100034
100367
100145
100099
100107
100390
100040
100049
100105
100578
100435
100179
100052
100224
100359
100235
100144
100163
100052
100070
100549
100703
100146
100114
100109
100131
100173
100124
100184
100448
100346
100178
100059
100043
100108
100054
100225
100302
100033
100015
100033
99956.2
100288
100183
100514
100152
100082
100400
100261
100291
100301
100359
100245
100214
100489
100273
100042
100036
100358
100237
100365
100514
100606
100342
100314
100417
100284
100386
100401
100228
100351
100399
100127
100049
100005
100054
99953.4
100043
100046
100135
100143
100400
100246
100072
100211
100237
100261
100296
100052
100242
100065
99993.6
100067
100383
100357
100097
100288
100329
100280
100208
99891.9
100034
100256
100050
100337
99969.1
100042
99996
100113
100100
100405
100077
100116
100176
100306
100151
100033
100406
100205
100131
100197
100290
100235
99885.1
100080
100429
100152
100565
100550
100280
100457
100030
100113
100250
100066
100243
100276
100033
100013
100065
100242
100298
100115
100149
100176
100369
100105
100188
100241
100247
100310
100167
100272
100051
100019
100108
100029
100082
100180
100239
100415
100268
100049
100172
100109
100204
100279
100110
100527
100159
100353
100268
100163
100377
100150
100331
100133
100123
100148
100094
100278
100219
100267
100035
100143
100043
100183
100097
100155
100103
100084
100311
100377
100056
100482
100274
100230
100010
100171
100388
100359
100159
100107
100066
100122
100315
100037
100097
100287
100076
100317
100160
100148
100072
100068
100390
100218
100228
99945.4
100368
100329
100009
100372
100096
100322
100351
100192
100232
100243
100284
100211
100173
100289
100321
100327
100354
100397
100175
100028
100240
100358
100216
99970.8
100252
100051
100069
100043
100193
100351
100310
100365
100042
100307
100147
100186
100174
100143
100061
100126
100487
100409
100333
100165
100178
100063
100208
99944.5
100590
100378
100553
100010
100051
100092
100260
100062
100173
100106
100100
100104
100107
100120
100118
100061
100115
100253
100210
100256
100266
100159
100129
100106
100258
100168
100146
100146
100151
100181
100150
100214
100222
100297
100127
100310
100322
100321
100312
100271
100471
100251
100431
100187
100193
100646
100190
100383
100195
100090
100164
100181
100342
100210
100566
100172
100109
100282
100166
100493
99983.9
100156
100278
100355
100047
100021
100229
100337
100228
100100
100106
100259
100090
100037
100256
100074
100110
100005
100084
100066
100085
100194
100170
100152
100304
100249
100235
100059
100136
100050
100295
100122
100060
100139
100157
100293
100175
100136
100028
100330
100226
100154
100291
100088
100405
100079
100394
100339
100052
100130
100349
100388
100582
100381
100502
99949.9
100071
100272
100233
99930.9
100148
100085
100090
100134
100287
99994.5
99994.3
99993.6
100088
99977.2
99974.8
100115
100109
100151
100110
100065
100080
100393
100478
100089
100176
100243
100052
100089
100091
100259
100249
100071
100152
100162
100100
100101
100230
100384
100300
100295
100283
100559
100339
100398
100147
100213
100291
100474
100558
100372
100362
100594
100699
100683
100286
100289
100268
100208
100217
100068
100411
100096
100236
100282
100081
100124
100473
100129
100071
100072
100081
100043
100089
100078
100136
100093
100098
100151
100031
100201
100195
100420
100438
100197
100048
100315
100101
100146
100123
100262
100230
100250
100323
100215
100137
100254
100381
100076
100325
100322
100470
100521
100063
100261
100029
100159
100118
100230
100170
100073
100032
100549
100012
100032
100079
100003
100168
100094
100144
100095
100080
100233
100011
100067
100210
100022
100307
100040
100370
100307
100255
100375
100149
100538
100116
100254
100212
100214
100235
100378
100198
100442
100046
100051
100061
100112
100088
100171
99970.4
100206
100258
100204
100259
100424
100278
100395
100166
99805.6
100347
100406
100507
100509
100366
99994.1
100124
99908.6
100104
100312
100021
100075
100329
100021
100274
100068
100017
100055
100412
100098
100320
100137
100119
100151
100102
100109
100270
100208
100595
100525
100342
100212
100137
100264
100099
100264
100027
100072
100380
100102
100165
100164
100173
100402
100184
100415
100061
100360
100139
100216
100052
100291
100195
100028
100081
100626
100319
100050
100527
100087
100352
100126
100082
100132
100278
100494
100283
100532
100024
100305
100216
100096
99994.9
100192
100277
100038
100321
100338
100070
100337
100077
100338
100086
100508
100249
100209
100093
100153
100073
100098
99911.6
100062
100392
100075
100116
99987.8
100286
100092
100379
100345
100129
100124
100094
100369
100363
100260
100106
100193
100098
100040
100134
100160
100061
100072
100132
100050
100104
100052
100098
100074
100077
100075
100194
100139
100252
100289
100178
100149
100102
100302
100015
100214
100211
100202
100083
100339
100281
100189
100320
100307
100360
100159
100195
100191
100303
100341
100319
100132
100143
100266
100151
100224
100156
100205
100127
100061
99980.9
100144
100253
100400
99993.2
100234
100287
100369
100009
100296
100391
100434
100523
100492
100161
100472
100368
100365
100284
100290
100314
100100
100212
100428
100199
100300
100091
100238
100052
100206
100053
100342
100386
100154
100016
100053
100057
100126
99956.5
100101
100438
100140
100062
100051
99971.1
100235
100157
100237
100239
100223
100244
100342
100218
100261
100439
100349
100457
100300
100272
100200
100204
100098
100072
100059
100379
100558
100057
100073
100090
99997.1
100115
100030
99999.2
100192
100093
100078
100025
100046
100056
100116
100355
100012
100091
100229
100599
100267
100055
100131
100238
100180
100101
100190
100464
100306
100412
100266
100160
100099
100269
100405
100570
100407
100395
100460
100095
100180
100538
100476
100276
100450
100216
100248
100563
100571
100183
100200
100225
100239
100398
100005
100134
100112
100033
100102
100125
100231
100620
99874.9
100257
100231
100244
100116
100191
100224
100111
100130
100363
100459
100327
100212
99991.7
100245
100235
100183
100211
100242
100313
100500
99932.9
100510
100323
100049
100226
100037
100142
100564
100265
100448
100291
100207
100057
100310
100081
100129
100224
100175
100143
100161
100194
100425
100183
100018
100033
99894.8
100024
100070
100071
100585
100062
99907.1
100554
100180
100087
100116
100456
100111
100120
100150
100206
100170
100186
100227
100247
100222
100299
100040
100510
100514
100516
99978.4
99907.1
100485
100487
100630
100558
100449
100560
100387
100222
100561
100358
100200
100098
100080
100572
100188
100050
100099
100089
100123
100067
100057
100310
100077
100046
100081
100114
100109
100064
100044
100043
100107
100063
100044
100048
100573
100616
100379
100020
100065
100055
100153
100299
100140
100078
100236
100261
100086
100336
100291
100256
100227
100205
100213
100424
100195
100274
100256
100270
100272
100335
100187
100309
100119
100168
100311
100078
100326
100133
100101
99907.8
100619
100089
100307
100491
100504
100154
100162
100221
100283
100183
100117
100133
100245
100472
100178
100144
100052
100092
100306
99954.9
100300
100050
100114
100246
100035
100150
100075
100245
100065
100057
100023
100051
100188
100064
100094
100080
100102
100181
100138
100276
100120
100108
100138
100171
100191
100144
100268
100199
100308
100313
100145
99979.9
100055
100212
100270
100338
100203
100216
100360
100452
100445
100276
100396
100366
100436
100052
99969.4
100259
100073
100138
100056
100066
100054
100155
99933.4
100338
100223
100219
100175
100308
100334
100157
100215
100306
100518
100524
100408
100047
100355
100488
100513
100514
100107
100329
100044
100234
100069
100050
100126
100268
100251
100347
100068
100038
99914.2
100062
100029
100019
100062
100045
100103
100383
100206
100197
100362
100091
100063
100062
100096
100059
100092
100099
100214
100136
100041
100291
100219
100075
100380
100391
100268
99840.4
100059
100171
100191
100096
100338
100120
100125
100395
100119
100093
100183
100180
100280
100135
100235
100300
100353
100219
100281
100230
100313
100296
100352
100346
100090
100146
100361
100201
100195
100149
100082
99973.3
100205
100012
100102
100385
100290
100592
100082
100365
100074
100404
100101
100023
100098
100365
100120
100151
100115
100361
100268
100303
100131
100136
100199
100239
100179
100177
100113
100173
100264
100382
100421
100371
100266
100332
100278
99984
100129
100234
100346
100028
100122
100164
100035
100138
100045
100435
100396
100381
100343
100021
100373
100105
100116
100137
100015
100116
100190
100213
100074
100104
100098
100081
100078
100146
100290
100148
100194
100077
100027
100354
100088
100020
100102
100148
100196
100199
100092
100346
100250
100240
100195
100339
100202
100229
100084
100390
100298
100173
100346
100279
100322
100220
100219
99976.9
100128
100468
100051
100299
100079
100152
100182
100070
100317
100373
100262
100198
100301
100070
100080
100242
100262
100309
100472
100475
100327
100127
100490
100329
100209
100344
100208
100372
100032
100289
100255
100203
100210
100086
100081
100044
100107
100012
100223
100048
100152
99969.3
100022
100152
100087
100096
100038
100075
100266
100182
100230
100087
100036
100206
100176
100054
100125
100078
100130
100198
100151
100274
100197
100200
100204
100341
100230
100191
100377
99952.9
100072
100106
100132
100345
100307
100211
100274
100501
100364
99793.8
100284
100274
100103
100115
100091
99889.1
100575
100009
100000
100223
100043
99918.4
100212
100098
100067
99976.8
100136
100232
100060
100152
99965.3
100070
100181
100310
100336
100260
100390
100108
100502
100201
100354
100670
100383
100090
100056
100433
100064
100057
100128
100159
100122
100107
100256
100252
100494
100269
100296
100182
100114
100204
100307
100122
100081
100244
100429
100311
100000
100124
100102
100133
100236
100085
100115
100136
100155
100083
100127
100140
100126
100422
100454
100531
100370
100274
100248
100365
100267
100369
100275
100652
100144
100062
99897.9
100071
100215
100554
100188
100445
100242
100172
100266
100220
100121
100110
100120
100206
100130
100151
100071
100170
100147
100032
99997.6
100083
100062
100069
100183
100056
100023
100282
100088
100012
100225
100233
100253
100418
100258
100075
100278
100431
100130
100125
100103
100118
100247
100112
100017
99871.2
100169
100180
100060
100084
100123
100039
100126
100154
100220
100102
100400
100434
100297
99984
100190
99964.2
100101
100055
99843.5
100148
100042
100356
100068
100004
100112
100437
100149
100286
100231
100287
100310
100068
100092
100514
100079
100113
100079
100130
100288
100458
100479
100486
100126
100041
100105
100110
100540
100282
100263
100356
100268
99984.5
99973.3
100027
100098
100044
100029
100293
100035
100263
100145
100042
100118
100437
100071
100167
100108
100291
100119
100093
100109
100316
100129
100296
100149
100313
100494
100263
100339
100471
99955.3
100070
100053
99986.7
100277
100001
100513
100541
100337
100103
100172
100098
100121
100265
100094
100437
100127
100349
100037
100114
100077
100120
100024
100106
100410
100178
100301
100347
100201
100277
100350
100273
100131
100316
100369
100266
100049
100422
100205
100094
100216
100473
100521
100459
100453
99983.5
99939.5
100110
100199
100301
100060
100226
100036
100317
100138
100038
100082
100133
99993.1
100175
100031
100124
100130
100211
100275
100242
100321
100395
100290
100285
100067
100016
100236
100398
100319
100383
100330
100259
100234
100359
100021
100213
99988.1
100083
99934.7
100214
100173
100067
99846.1
100257
100101
100130
100008
100126
100161
100345
99920
100217
100208
100258
100419
100252
100573
100249
100355
100240
100502
100327
100347
100103
100344
100192
100063
100136
99998
100056
100081
100167
100245
100427
100128
100113
100098
100118
99976.6
100418
100199
100274
100285
100278
100355
100373
100030
100377
100455
100345
100120
100194
100504
100132
100190
100250
99931.1
100096
100054
100178
100374
100286
100292
100594
100527
100601
100430
99976.8
100271
100176
100217
100213
100154
100132
100483
99997.6
100572
100401
100331
100466
99873
100227
100141
100199
100170
100274
100338
100418
100204
100427
100122
100267
100078
100252
100098
100103
99968.3
100294
100345
100022
100064
100325
100290
100273
100035
100012
100014
100081
100088
100192
100031
100111
100083
100078
100068
100037
100105
100095
100285
100116
100082
100081
100157
100407
100173
100195
100450
100167
100356
100237
100082
100219
100306
100222
100177
100168
100284
100263
100157
100517
100268
100170
100443
100295
99987.9
100347
100381
100081
100332
100304
100334
100541
100181
100321
100188
100038
100310
99872
100605
100074
99870.7
100308
100305
100163
100203
100108
100071
100167
100153
100118
100376
100335
100144
100106
100290
100293
100411
100082
100086
100062
100464
100064
100348
100099
100452
100063
100358
100408
100085
100138
100135
100077
100126
100272
100320
100285
100249
100340
100290
100001
100070
100130
100075
100069
100483
100578
100375
100275
100437
100405
100565
100543
100554
100647
100280
100029
99991
100248
100018
100042
99921
100339
100361
100082
100522
100100
100085
100095
100046
100058
99955.4
100170
100110
100155
100192
100258
100277
100233
100451
100384
100466
100282
100018
99888.7
99964.9
100125
100602
100583
100176
100195
100416
100133
100569
100419
100181
100118
100641
100139
100084
100334
100319
100346
100302
100257
100354
100128
100416
100462
99934.5
100039
100572
100423
100073
100068
100154
100387
100138
100098
100167
100138
100050
100088
100355
100099
100104
100295
100213
100114
100311
100126
100090
100163
100612
100277
100270
100262
100382
100342
100180
100198
100448
100371
100137
100324
99948.9
100046
100257
100232
100184
100091
100125
100294
100609
100202
100185
100549
100274
100461
100611
100134
100122
100067
100405
99996.9
100124
100228
100043
100076
100070
100162
100115
100282
100089
100347
99995.4
100059
100028
100193
100061
100191
100113
100040
100123
100258
100192
100182
100247
100254
100296
100190
100008
100189
100208
100052
100428
100445
100255
100218
100070
100334
100393
100523
99952.7
100078
100030
100059
100606
100410
100289
99697.3
99828.1
100261
100161
100061
100104
100137
100440
100566
100384
100184
100174
100363
100039
100049
100065
100180
100233
100131
100297
100266
100241
100351
100263
100280
100324
100455
100305
100212
100294
100240
100153
100073
100183
100076
100067
100141
100130
100361
100065
100233
100181
100345
100346
100286
100286
100365
100331
100235
100362
100524
100506
100369
100059
100252
100076
)
;
    }
}


// ************************************************************************* //
