/*--------------------------------*- C++ -*----------------------------------*\
| =========                 |                                                 |
| \\      /  F ield         | OpenFOAM: The Open Source CFD Toolbox           |
|  \\    /   O peration     | Version:  2312                                  |
|   \\  /    A nd           | Website:  www.openfoam.com                      |
|    \\/     M anipulation  |                                                 |
\*---------------------------------------------------------------------------*/
FoamFile
{
    version     2.0;
    format      ascii;
    arch        "LSB;label=32;scalar=64";
    class       volScalarField;
    location    "2/tube";
    object      p_rgh;
}
// * * * * * * * * * * * * * * * * * * * * * * * * * * * * * * * * * * * * * //

dimensions      [1 -1 -2 0 0 0 0];

internalField   nonuniform List<scalar> 
5195
(
100399
100100
100075
99996.9
100470
100100
100655
100338
100294
100185
100238
100022
100138
100305
100215
100220
100378
100022
100124
100111
100038
100240
100499
100120
100142
100227
100236
99993
100083
100119
100490
100296
100381
100287
100136
100374
100132
100504
100240
100111
100126
100281
100239
100164
100189
100147
100264
100291
100514
100477
100438
100471
100082
100017
99940.1
100543
100419
100161
99997.1
100533
100116
100108
99967.4
100088
100114
100158
100167
100115
100128
100162
100023
100109
100119
100144
100138
100438
100129
100186
100136
100031
100417
100392
100522
100465
100160
100372
100434
100281
100096
100342
100202
100120
100204
100558
100196
100084
100146
100132
100047
100110
100195
100169
100191
100087
100514
100176
100221
100368
100311
100426
99948.7
100437
100203
100450
100126
100131
100430
100128
100150
100149
100141
100144
100128
99992.3
100144
100133
100146
100112
100173
100086
100113
100052
100114
100095
100129
100135
100168
100413
100278
100391
100239
100158
100116
100189
100280
100131
100213
100082
100197
100178
100413
100460
100128
100111
100326
100395
100097
100317
100326
100130
100135
100166
100319
100335
100140
100134
100325
100173
100175
100317
100161
100156
100120
100130
100168
100127
100371
100417
100381
100375
100386
100454
100595
100488
100523
100227
99986.8
100274
100166
100131
100271
100111
100118
100279
100105
100586
100270
100524
100270
100549
100191
100186
100169
100111
100176
100467
100117
100527
100075
100269
100201
100181
100532
100101
100006
100130
100161
100132
100155
100168
100093
100140
100553
100115
100369
100082
100110
100129
100236
100102
100096
100274
100021
100153
100082
100084
100206
100093
100292
100099
100083
100113
100028
100156
100065
100124
100248
100113
100022
99928
100106
100250
100086
100094
100005
99910.1
100345
100041
100116
100162
100243
100059
100249
100250
100161
100202
100130
100104
100141
100190
100409
100276
100216
100331
100064
100181
100297
100303
100136
100326
100348
100294
100300
100546
100269
100360
100216
100319
100394
100353
100153
99899
100171
100012
100207
100129
100186
100487
100180
100101
100132
100159
100117
100135
100301
100151
100096
100005
100444
100170
100331
100190
100524
100164
100136
100117
100340
100336
99977.2
100125
100105
99977.7
100009
100026
100106
100248
100095
100043
99986.6
100124
100022
100417
100034
100528
100041
100132
99997.8
100240
100090
100098
99773.2
100541
100083
100097
100108
100016
100105
100502
100544
100116
100186
100137
99952.7
100116
100494
100446
100525
100098
100180
100089
100215
100104
100108
100450
100214
100140
100190
100434
100109
100139
100257
100125
100083
100302
100565
100152
100179
100102
100141
100421
100144
100144
100152
100143
100180
100280
100325
100300
100200
100127
100433
100186
100138
100070
100318
100299
99967.1
100306
100204
100258
100227
100340
100466
100109
100256
100052
100543
100389
100041
100535
100544
100245
100408
100023
100272
100075
100371
100273
100252
100261
100322
100337
100447
100300
100112
100330
100283
100355
100182
100298
100318
100343
100188
100328
100283
100326
100132
100293
100341
100125
100070
100287
100377
100389
100453
100389
100399
100378
100274
100112
100245
100556
100066
100112
100458
100137
100469
100470
100101
99942.4
100175
99957.4
100497
100509
100348
100371
100097
99998.7
100156
100212
100139
100064
100263
100319
100048
100159
100052
100459
100141
100144
100140
100278
100236
100486
100116
100186
100151
100295
100475
100324
100400
100130
100097
100335
100261
100445
100144
100640
100160
100336
100281
100132
100524
100336
100132
100202
100246
99988.6
100131
100061
100133
100138
100078
100111
100110
100098
100129
100191
100322
100118
100039
100370
100145
100270
100113
100490
100129
100133
100156
100354
100398
100075
100285
100146
100077
100155
100087
100344
100246
100068
100049
100147
100104
100217
100117
100111
100217
100322
100282
100330
100156
100152
100168
100255
100183
100310
100153
100077
100429
100029
100088
100095
100057
100184
100313
100101
100048
100164
100074
100645
100271
100266
100281
100275
100324
100289
100360
100323
100390
100180
100220
100292
100298
100127
100129
100537
100301
100067
100027
100158
100298
100153
100048
100380
100024
99990
100125
100353
100130
100148
100182
100354
100534
100452
100382
100287
100339
100389
100242
100374
100298
100247
100346
100159
100365
99940.2
100259
100382
100215
100404
100119
100350
100348
100047
100186
100373
100367
100360
100243
100155
100241
100355
100123
100257
100286
100511
100121
100065
100075
100290
100075
100076
100112
100299
100179
100271
100189
100271
100118
100221
100233
100362
100186
100115
100213
100114
100322
100355
99997.8
100276
100023
100155
100129
100150
100114
100234
100102
100116
100119
100157
100149
100153
100155
100548
100450
100541
100265
100388
100267
100358
100408
100313
100197
100485
100502
100225
100280
100403
100403
100168
100392
100187
100199
100406
100118
100559
100504
100538
100085
100151
100101
100129
100112
100100
100201
100116
100072
100076
100278
100337
100115
100313
100290
100262
100182
100314
100161
100233
100237
100192
100058
100549
100545
100365
100092
100539
100422
100349
100257
100210
100088
100028
100153
100099
100099
99988
100186
100153
100170
100242
100107
100020
100199
100141
100014
100115
100185
100109
100105
100154
100100
100035
100058
100095
100039
100095
100090
100145
100135
100068
100114
100047
100299
100109
100129
100120
100121
100197
100197
100113
100110
100115
100129
100388
100125
100136
100545
100382
100114
100128
100112
100183
100159
100236
99992.8
100179
100124
100119
100269
100274
100025
99990.6
100047
100058
100311
100015
100143
100322
100091
100336
100305
100154
100116
100097
100114
100180
100350
100306
100131
100117
100047
100147
100069
100017
100153
100181
100273
100164
100142
100138
100184
100143
100162
100166
100115
100005
100164
100136
100150
100020
100200
100185
100227
100117
100264
100268
100042
100200
100231
100321
100194
100181
100545
100541
100237
100187
100366
100266
100302
100272
100253
100552
100177
100284
100538
100294
100298
100234
100639
100522
100478
100351
100540
100065
100135
100276
100280
100274
100207
100487
100251
100285
100148
100098
100108
100113
100184
100107
100358
100110
100081
100111
100164
100316
100144
100320
100313
100433
100241
100147
100291
100119
100306
100081
100035
100040
100094
99986.3
100354
100478
100424
100166
100161
100356
100374
100113
100400
100139
100181
100058
100087
99953.1
99977.8
100345
100340
100241
100423
100115
100098
100066
100254
100173
100100
100122
100122
100430
100411
100427
100411
100130
100047
100095
99983.6
100134
100130
100136
100121
99996.5
100135
100420
100017
100159
100101
100010
99990.6
99997.7
100232
100427
100570
100549
100354
100551
100499
100598
100314
100445
100398
100157
100509
100541
100195
100597
100533
100529
100451
100024
100275
99978.4
100173
100161
100280
100115
100545
100369
100280
100364
100118
100358
100536
100350
100350
100335
100338
100473
100341
100335
100003
99990.9
100109
100118
100110
100113
100123
100111
100336
100525
100120
100520
100421
100035
99955.3
100120
100225
100120
100085
100133
100194
100065
100238
100114
100151
100171
100128
100204
100161
100151
100151
100106
100579
100101
100264
100308
100124
100263
100313
100533
100286
100326
100283
100222
100523
100461
100538
100559
100386
100303
100286
100432
100134
100120
100443
100115
100420
100008
100537
100075
100213
100162
100094
100365
100323
100285
100094
100480
100280
100485
100333
100461
100282
100440
100575
100435
100441
100321
100429
100536
100423
100118
100281
100280
100279
100270
100277
100166
99985.8
100012
99855.6
100282
100180
100223
100280
100195
100129
100145
100328
100298
100126
100063
100020
100014
100222
100203
100150
100180
100084
100094
100216
100090
100208
100189
100031
100314
100023
100318
100151
100290
100120
100326
100198
100289
100108
100230
100317
100197
100092
100324
99983.1
100098
100221
99983.2
100042
100091
100320
100091
100121
100134
100550
100603
100450
100125
100211
100391
100119
100202
100294
100125
100228
100161
100134
100117
100149
100134
100129
100118
100497
100644
100087
100346
100167
100041
100117
100099
100107
100166
100160
100132
100136
100203
100469
100196
100216
100417
100379
100218
100091
100088
100174
100087
100283
100283
100285
100333
100110
100137
100342
100089
100079
100340
100126
100099
100191
99993.8
100341
100220
100481
100468
100150
100171
100161
100199
100319
100187
100176
100074
100332
100372
100173
100326
100236
100308
100240
100248
100309
100320
100295
100478
100333
100226
100218
100209
100147
100465
100118
100177
100207
99974.7
100095
100092
100293
100093
100252
100373
100449
100204
100133
100545
100205
100319
100391
100334
100323
100120
100351
100324
100157
100246
100313
100322
100331
100307
100334
100571
100320
100260
100293
100297
100351
100247
100097
100115
100044
100121
100112
100007
100043
100161
100192
100099
100111
100026
100254
100143
100089
100160
100164
100354
100255
100135
100251
100250
100253
100317
100313
100555
100119
100250
100529
100130
100310
100062
100366
100092
100134
100004
100134
100377
100367
100343
100147
100164
100162
99998.6
100328
100396
100312
100012
100220
100010
100388
100344
100180
100273
100351
100371
99959.9
100120
100278
100069
100025
100324
100328
100530
100091
100323
100030
100322
100109
100120
100324
99924.8
100107
100060
100092
100140
100012
100140
100461
100079
100378
100183
100417
100243
100393
100239
100209
100170
99968.4
100444
100179
100184
100339
100187
100452
100250
100091
100343
100168
99948.9
100099
100235
100073
100372
100261
100159
100113
100440
100094
100509
100585
100560
100159
100058
100150
100213
100177
100420
100391
100005
99999.3
100381
100141
100140
99998.9
100097
100035
99993.6
100026
99994.5
100084
100088
100308
100119
100309
100223
100417
100093
100100
100539
100047
100550
100120
100131
100132
100155
100111
100252
100553
100350
100148
100160
100243
100150
100111
100379
100168
100548
100179
100214
100148
100298
100165
100318
100308
100206
100194
100179
100184
100340
100382
100004
100256
100039
100078
100249
100114
100142
100122
100314
100307
100039
100311
100110
100017
100006
100075
100208
100307
100303
100095
100092
100058
100070
100478
100318
100378
100113
100114
100164
100168
100139
100346
100176
100593
100103
100155
100405
100326
100344
100544
100227
100402
100540
100311
100188
100265
100065
100094
100158
100158
100270
100320
100255
100334
100044
100091
100108
100087
100110
100159
100147
100089
100095
100086
100298
100074
100045
100085
100105
100108
100248
100387
100477
100089
100127
100492
100231
100197
100250
100071
100116
100116
100372
100321
100293
100214
100360
100415
100317
100066
100162
100145
100160
100124
100132
100188
100130
100091
100304
100086
100007
100106
100264
100134
100135
100312
100359
100146
100186
100080
100124
100113
100327
100251
100284
100118
100127
99996.4
100333
100302
100064
100343
100352
100148
100151
100203
100363
100344
100245
100285
100296
100257
100267
100274
100269
100226
100301
100325
100285
100271
100314
100291
100425
100274
100203
100039
100280
100335
100215
100330
100268
100256
99991.5
100227
100082
100117
100127
100110
100058
100164
100236
100295
100119
100244
100224
100298
100058
100347
100272
100011
100071
100101
100240
100022
100158
100113
100078
100081
100091
100119
100090
100125
100108
100120
100103
100105
100113
100089
100461
100175
100124
100220
100405
100358
100415
100293
100174
100245
100359
100117
100225
100326
100387
100334
100374
99972.4
100482
100636
100437
100514
100060
100436
100423
100101
100131
100154
100139
100132
100104
100111
100102
100221
100097
100158
100110
100158
100162
100211
100139
100156
100140
100117
100213
100083
100035
100046
100000
100035
100124
100167
100128
100115
100109
100126
100114
100121
100165
100196
100160
100050
100128
100167
100222
100116
100233
100228
100236
100152
100137
100039
100207
100207
100109
100233
100136
100169
100249
100118
100242
100162
100138
100191
100162
100134
100163
100174
100169
100202
100166
100167
100270
100298
100175
100272
100276
100357
100284
100154
100331
100327
100331
100316
100377
100347
100301
100317
100288
100464
100414
100293
100185
100176
100416
100188
100491
100485
100204
100171
100101
100603
100199
100370
100148
100123
100067
100197
100197
100020
100027
100151
100476
100168
100275
100170
100498
100264
100205
100118
100206
100052
100108
100347
100341
100143
100459
99929.9
100150
100137
100262
100311
99980
99994.2
100200
100297
100213
100130
100105
100568
100131
100139
100286
100139
99998.8
100104
100099
100110
100037
100065
100090
100130
100112
100262
100083
100102
100021
100101
100000
100018
100145
100162
100122
100135
100119
100138
100089
100124
100251
100160
100258
100251
100151
100021
100189
100084
100116
100175
100243
100331
100327
100148
100095
100118
100370
100215
100143
100083
100493
100310
100542
100209
100280
100278
100124
100046
100070
100276
100041
100355
100322
100159
100163
100299
100155
100412
100132
100410
100347
99992.9
100133
100322
100243
100184
100137
100238
100177
100224
100152
100243
100235
100302
100070
100357
100327
100327
100332
100371
100552
100157
100375
100508
100144
99924.8
100136
100255
100131
100198
99969.9
100199
100143
100188
100160
100152
100146
100170
100175
100199
100325
100019
99935.5
100054
99997.8
99973.8
100100
100001
100033
100311
100155
99993.6
100010
100029
100071
100079
100096
100163
100043
100137
100090
100020
100017
99975.5
100146
100142
100055
100087
100057
100093
100567
100565
100105
100120
100509
100563
100391
100085
100344
100511
100088
100113
100092
100069
100106
100540
100226
100268
100122
100119
100148
100116
100262
100106
100071
100144
100242
100232
100257
100129
100122
100179
100271
100177
100178
100059
100160
100159
100116
100103
100232
100238
100223
100312
100180
100174
100153
100299
100312
100401
100348
100359
100312
100444
100348
100347
100380
100437
100496
100356
100348
100427
100015
100111
100011
100440
100199
100425
100436
100354
100557
100537
100601
100555
100288
100306
100298
100540
100328
100548
100319
100490
100295
100517
100541
100337
100477
100288
100560
100293
100396
100573
100632
100636
100277
100296
100295
100351
100301
100064
100216
100166
100205
100141
100054
100181
100178
100211
100134
100156
100349
100163
100292
100133
100315
100140
100132
100118
100285
100552
100431
100558
100532
100119
100101
100129
100030
100115
100088
100096
100012
100053
100110
100074
100066
100111
100210
100139
100159
100156
100159
100049
100005
100208
99990.8
100257
100165
100082
100479
100322
100423
100090
100017
100217
100211
100210
100101
100053
100203
100251
100187
100121
100119
100148
100152
100092
100057
100228
100222
100194
100263
100340
100186
100312
100166
100310
100317
100028
100109
100213
100318
100209
100311
100337
100482
100309
100539
100325
100345
100440
100547
100480
100468
100457
100122
100065
100135
100205
100035
100170
100080
100112
100139
100209
100157
100229
100127
100188
100001
100316
100163
100041
100509
100101
100045
100540
100485
100039
100607
99995.4
100075
100071
100040
100059
100096
100065
100002
99992.7
100108
100119
100127
100076
100004
100143
100021
100043
100144
100154
100146
100161
100075
100252
100069
100101
100124
100213
100233
100121
100250
100227
100096
100117
100099
100118
100037
100367
100324
100340
100281
100412
100356
100061
100016
100047
100312
100113
100324
100351
100281
100302
100362
100133
100115
100376
100136
100474
100536
100444
100507
100543
100339
100049
100139
100152
100143
100201
100136
100152
100186
100158
100160
100202
100228
100072
100328
100192
100265
100408
100188
100110
100129
100167
100112
100173
100117
100126
100123
100144
100175
100099
100157
100170
100174
100160
100083
100153
100238
100227
100161
100008
100209
100324
100247
100244
100326
100358
100391
100332
100451
100187
100247
100165
99769.1
100404
100433
100567
100577
100495
100437
100332
100284
100288
100277
100099
100062
100153
99969.3
100081
100277
100250
100262
100371
100121
100282
99982.5
100309
100049
100314
100306
100339
100070
100297
100121
100030
100084
100019
100347
100050
100117
100112
100091
100333
100372
100372
100072
100415
100127
100119
100161
100125
100276
100199
100285
100510
100294
100275
100596
100579
100409
100183
100145
100260
100073
100309
100320
100057
100066
100401
100411
100166
100161
100018
100137
100089
100156
100100
100107
100418
100180
100201
100406
100352
100046
100300
100128
100102
100232
100086
100186
100175
100233
100253
99974.1
100321
100322
100027
100617
100104
100324
100122
100322
100372
100106
100145
100528
100170
100152
100197
100409
100101
100151
100384
100095
100180
100065
100114
100262
100404
100256
100247
100392
100363
100125
100335
100132
100532
100172
100349
100115
100369
100008
100595
100065
100066
100238
100223
100209
100051
100089
100032
100131
100341
100210
100006
100077
100316
100355
100091
100275
100117
100300
100117
100023
100135
100092
100180
100529
100221
100144
100136
100044
100180
100080
100040
100079
100114
100121
100170
100180
99979.5
100064
100016
100214
99989
100146
100090
100223
100330
100311
100142
100183
100230
100160
100127
99948.2
100327
100393
100234
100125
100133
100400
100423
100060
100309
100048
100167
100259
100084
100071
100153
100305
100348
100363
100391
100296
100113
100159
100242
100244
100152
100089
100167
100254
100200
100203
100091
100122
100130
100125
100127
100099
100126
100178
100018
100112
100117
100112
100117
100210
100130
100107
100226
100110
100117
100128
100187
100175
100202
100186
100206
100237
100155
100125
100154
100134
100322
100236
100178
100405
100182
100142
100173
100142
100359
100177
100099
100038
100261
100255
100148
100152
100195
100115
100239
100016
100307
100356
100321
100241
100229
100270
100144
100344
100229
100392
100216
100180
100249
100377
100125
100185
100255
100382
100143
100265
100184
100183
100119
100201
100157
100155
100262
100264
100197
100258
100184
100119
100149
100219
100105
100282
100324
100125
100098
100011
100053
99920.3
100080
100048
100223
100368
100014
100219
100370
100352
100377
100040
100237
100327
100445
100504
100459
100544
99998
100540
100120
100539
100407
100373
100306
100343
100381
100090
100244
100362
100252
100231
100374
100235
100123
100411
100185
100152
100204
100044
100211
100118
100123
100150
100061
100367
100277
100334
100149
100124
100231
100002
100118
100104
100049
100112
100550
99986.6
100472
100093
100127
100454
100172
100125
100088
100126
100103
100117
100159
100072
100119
100117
100138
100011
100229
100245
100271
100127
100270
100305
100287
100008
100212
100280
100303
100277
100355
100340
100254
100259
100269
100385
100241
100334
100467
100287
100332
100527
100325
100172
100106
100186
100102
100185
100153
100163
100129
100573
100099
100564
100409
100523
100478
100560
100521
100064
100390
100031
100045
100042
100115
100082
100044
100035
99988.4
100060
100029
99996.1
99991.1
99990.8
100097
100092
100066
100091
100164
100540
100105
100027
100110
100546
100116
100001
100520
100538
100533
100488
100559
99979
100051
100092
100187
100551
100133
100179
100594
100304
100151
100143
99958.1
100144
100172
100143
100129
100532
100203
100093
100536
100122
100150
100540
100198
100176
100172
100527
100257
100245
100543
100124
100155
100226
100255
100213
100536
100252
100240
99994.5
100296
100485
100300
100320
100323
100339
100451
100320
100176
100561
100165
100328
100035
100443
100380
100509
100344
100141
100362
100413
100162
100467
100238
100533
100536
100517
100220
100418
100385
100081
100425
100187
100334
100224
100310
100310
100534
100553
100525
99989.3
100600
100248
100539
100253
100516
100091
100291
100082
100298
100011
100331
100021
100018
99998.4
100070
100111
100118
100072
99989.8
100065
100063
100298
100293
100101
100553
99928.5
100097
100200
100216
100297
100138
100181
100128
100199
100143
100157
100250
100164
100208
100147
100313
100308
100322
100414
100167
100293
100403
100280
100245
100261
100089
100095
100036
100290
100269
100302
100321
100252
100248
100278
100275
100297
100260
100168
100484
100450
100063
100023
99992.9
100119
100451
100360
100116
100109
100120
100275
100132
100494
100069
100195
100497
100329
100536
100323
100530
100380
100501
100347
100242
100304
100353
99990.9
100352
100343
100072
100100
100196
100169
100176
100347
100198
100320
100244
100480
100158
100332
100399
100023
100298
100211
100291
100063
100065
100100
99934
100090
100138
99975.5
100573
100138
100547
100541
100516
100514
100433
100077
100095
100088
99964.8
100004
100492
100166
100096
100148
100552
100159
100133
100523
100051
100160
100159
100200
100191
100228
100239
100219
100253
100263
100263
100272
100213
100281
100316
100353
100343
100105
100354
100450
100076
100527
100492
99914.1
100035
100024
100005
100003
99960.9
100096
100046
100044
100425
100005
100420
100562
100535
100516
100621
100517
100539
100535
100527
100523
100556
100453
100156
100541
100372
100134
100036
100100
100137
100541
100631
100543
100182
100117
100541
100081
100038
100132
100131
100135
100075
100149
100197
100180
100169
100234
100316
100132
100322
100121
100318
100028
100141
100073
100148
100181
100166
100124
100005
100171
100123
100100
100096
100115
100102
100130
100109
100102
100626
100532
100653
100446
100131
100113
100128
100121
100087
100095
100098
100096
100146
100114
100119
100131
100145
100094
100238
100107
100366
100149
100143
100300
100301
100095
100300
100316
100358
100146
100139
100323
100171
100294
100269
100245
100461
100206
100235
100271
100306
100294
100296
100334
100183
100338
100344
100150
100346
100349
100186
100176
100349
100356
100304
100301
100324
100303
100139
100377
100150
100166
99975.1
100551
100043
100239
100156
100242
100553
100247
100078
100438
100287
100539
100050
100530
100493
100088
100095
100194
100073
100217
100094
100116
100116
100118
100112
100175
100141
100209
100251
100411
100245
100079
99985.1
100051
100334
100072
100425
100015
100323
100022
100271
100311
100317
100028
100145
100062
100313
100017
100057
100023
99979.4
100104
100116
100310
100105
100111
100012
100028
100176
100117
100145
100120
100100
100140
100167
100166
100130
100211
100174
100121
100173
100166
100178
100141
100230
100238
100235
100250
100194
100175
100322
100191
100396
100207
100188
100374
100354
100107
99933.5
100115
100281
100278
100329
100403
100512
100269
100413
100283
100293
100482
100470
100480
100334
100332
100337
100334
100132
100462
100168
100488
100325
100501
100418
99989.1
100018
100002
100125
100169
100199
100067
100140
100089
100121
100087
100100
100119
100119
100104
100131
100311
100414
100089
100193
99924.1
100325
100281
100153
100266
100120
100372
100094
100089
100367
100438
100249
100182
100161
100253
100300
100106
100477
100513
100408
100119
100113
100300
100415
100118
100420
100459
100487
100450
100305
100047
100262
99991
100242
100079
100107
100080
100262
100228
100283
100291
100284
100132
100073
100066
99936.4
100175
100115
100129
100093
100001
100128
100083
100136
100166
100155
100317
100182
100093
100235
100263
100296
100157
100165
100120
100127
100162
100117
100108
100163
100282
100264
100200
100098
100330
100278
100142
100317
100324
100147
100225
99786.6
100079
100238
100259
100256
100163
100404
100156
100127
100186
100171
100192
100328
100156
100186
100186
100241
100063
100250
100246
100331
100193
100188
100314
100287
100138
100448
100285
100397
100122
100401
100125
100130
100426
100327
100420
100397
100048
100136
100285
100301
100279
100215
100164
100306
100289
100215
100324
100418
100402
100110
100144
100080
100311
100110
100167
100131
100083
100037
99963.2
100056
100066
100141
100078
100169
100113
100006
100321
100333
100138
100132
100330
100366
100489
100537
100110
100015
100305
100137
100074
100139
100290
100138
100151
100296
100338
100110
100133
100126
100087
100031
100298
100370
100155
100138
100140
100222
100152
100141
100179
100298
100247
100140
100297
100161
100333
100301
100067
100265
100274
100332
100325
100071
100285
100104
100141
100270
100231
100241
100420
100046
100100
100206
100250
100389
100409
100421
100223
100370
100344
100011
100075
100111
100086
100138
100137
100289
100182
100296
100094
100083
100135
100046
100129
100163
100171
100375
100389
100095
100104
100117
100100
100174
100111
100399
100253
100339
100361
100074
100319
100372
100379
100153
100345
100341
100535
100032
100414
100134
100116
100099
100121
100116
100053
100135
100165
100035
99993.8
100149
100123
100228
100230
100076
100077
100164
100145
100114
100144
100176
100130
100256
100206
100275
100233
100130
100297
100064
100168
100256
100300
100150
100086
100138
100120
100112
100086
100110
100213
100150
100263
100195
100102
100242
100235
100084
100187
100012
100242
100350
100036
100045
100179
99996.8
100010
100185
100252
100194
100296
100300
100233
100324
100296
100342
100261
100356
100237
100378
100487
100295
100142
100324
100402
100328
100349
100183
100333
100345
100333
100192
100221
100321
100227
99915.4
100408
100160
100426
100344
100278
100338
100058
100126
100111
100389
100120
100491
100105
100328
100148
100033
100096
100217
100103
100259
100157
100169
100315
100196
100163
100098
100154
100245
100007
100101
100187
100279
100274
100349
100501
100434
100365
100084
100319
100319
100488
100354
100187
100185
100402
100383
100364
100330
100274
100336
100020
100222
100296
100239
100149
100138
100149
100019
99975.9
100081
99978.7
100164
100165
100183
100165
100128
99984.4
100101
100163
99903.1
100009
100499
99983.7
100027
100070
100095
99987.7
100104
100105
100028
100149
100183
100093
100078
100096
100094
100092
100114
100204
100166
100241
100095
100047
100115
100151
100115
100070
100123
100059
100175
100144
100175
100186
100128
100132
100147
100165
100088
100208
100161
100270
100195
100372
100167
100137
100271
100158
100267
100149
100389
100400
100355
100241
100239
100296
100389
100190
100088
100292
100349
100254
100007
100282
100098
100165
100300
100295
100138
100331
100288
100317
100171
100273
100298
100456
100299
100429
99785.3
100565
100514
100523
100554
100540
100257
100274
100280
100163
100110
100108
100146
99918.1
100147
100591
99979
100552
100098
100518
100106
99971
100208
100161
100377
100225
100107
100112
100176
100061
100164
100036
99998.6
99995.7
100124
99889.1
100197
100135
100155
100118
100094
100116
99912.4
100151
100110
100109
100087
100219
100029
100283
100122
100125
100137
100072
100022
100134
100057
100114
100063
100336
100194
100194
100297
100294
100310
100088
100097
100269
100328
100313
100300
100353
100138
100526
100492
100516
100221
100403
100618
100345
100377
100403
100130
100114
100421
100368
100131
100122
100176
100095
100133
100384
100159
100189
100174
100313
100331
100314
100359
100307
100484
100363
100316
100337
100329
100320
100237
100163
100184
100248
100167
100131
100254
100119
100125
100259
100102
100133
100239
100192
100137
100124
100134
100300
100131
100542
100123
100160
100558
100369
100140
100129
100343
100114
100088
100063
100171
100162
100007
100153
100155
100189
100174
100069
100538
100112
100004
100024
100150
100008
100268
100017
100148
100115
100083
100117
100179
100194
100179
100140
100296
100122
100141
100054
100160
100136
100331
100144
100173
100323
100159
100358
100344
100444
100570
100237
100314
100246
100306
100333
100330
100260
100365
100563
100300
100308
100103
100542
100540
100491
100436
100632
100076
100024
100134
100128
100136
99944.4
100008
100136
100560
100567
100550
100225
100172
100561
100534
100139
100544
100541
100492
100292
100302
100175
100121
100229
100569
100546
100174
100092
100094
100092
100095
100206
100094
100099
100095
100195
100133
100137
100137
100222
100237
100264
100086
100216
100032
100228
100190
100125
100032
100128
100331
100020
100330
100059
100063
100130
100037
99985.8
100017
100021
100078
100120
100115
100100
100097
100156
100111
100191
100120
100165
100053
100215
100022
99975
100258
100266
100261
100323
100356
100316
100112
100100
100319
100438
100088
100113
100115
100144
100067
100134
100136
100135
100169
100113
100211
100237
100210
100162
100159
100176
99993.3
100069
100018
100141
99939.2
100530
100197
100518
100177
100197
100010
100020
100155
100011
100167
100133
100106
100146
100213
100166
100171
100206
100040
100294
100335
100238
100218
100250
100382
100371
100296
100050
100064
100153
100015
100094
100063
100251
100307
99909.8
100311
100082
100107
100107
100293
100308
100123
100133
100126
100061
100127
100098
100149
100344
100154
100387
100156
100189
100340
100177
100377
100295
100272
100284
100271
100387
100274
100336
100283
100371
100315
100332
100323
100382
100422
100456
100406
100393
100438
100127
100126
100063
100544
100104
100496
100535
100027
100169
100133
100063
100154
100355
100490
100535
100503
100439
100471
100096
100047
99989
100158
100166
100151
100521
100253
100163
100249
100313
100219
100164
100104
100060
100012
100154
99921.5
100004
99960
100006
100052
100105
100104
100102
100130
100149
100095
100243
100022
100266
100130
99982.3
100095
100131
100108
100377
100137
100136
100215
100179
100173
100121
100250
100186
100031
100143
100115
100248
100208
100138
100274
100117
100078
100320
100243
100103
100295
100267
100287
100294
100135
100115
100120
100350
100373
100266
100360
100561
100339
100330
100370
100288
100276
100405
100282
100234
100234
100010
100118
100047
100237
100053
100204
99956.7
100236
100213
99947.5
100231
100120
100228
100495
100448
100329
100528
100271
100036
100108
100112
100148
100154
100198
100161
100339
100345
100093
100408
100061
100296
100306
100269
100305
100104
100368
100130
100036
100129
100487
100090
100516
100492
100514
100117
100511
100147
100137
100522
100158
100144
100451
100498
100492
100152
100350
100344
100167
100343
100364
100344
100245
100221
100283
100346
100317
100287
100299
100300
100265
100350
100342
100414
100340
100159
100263
100296
100265
100302
100202
100278
100232
100231
100187
99989.9
100357
100153
100087
100209
100104
100411
100494
100391
100408
100387
100063
100183
99994
99986.7
100185
100186
100160
100210
100154
100071
100260
100151
100179
100065
100006
100131
100042
100293
100099
100131
100117
100084
100108
100129
100121
100123
99971.4
100038
100289
100130
100123
100074
100129
100135
100157
100184
99962.2
100150
100095
100191
100195
100232
100276
100094
100324
100113
100293
100113
100372
100344
100109
100113
100328
100319
100136
100346
100293
100117
100065
100224
100331
100371
100324
100158
100155
100292
100330
100298
100102
100086
100269
100095
100315
100268
100292
100121
100102
100032
100078
100325
100263
100037
100085
100100
99945.9
100105
100172
100132
100212
100141
100132
100112
100168
99796.9
100278
100218
100168
100186
99972.7
100257
100141
100159
100225
100023
100377
99986
100273
100260
100243
100299
100329
100386
100286
100639
100288
100314
100300
100364
100232
100237
100305
100444
100261
100315
100327
100284
100341
100290
100398
100096
100371
100003
100114
100288
100270
100122
100209
100303
100093
100117
100054
100171
100077
100066
100106
100137
100148
100101
100301
100396
100087
100114
100064
100139
100136
99549.9
100155
100053
100178
100182
100190
100143
100152
100186
100002
100368
100217
100185
100083
100180
100309
100318
100215
100307
100245
100274
100270
100246
100372
100358
100344
100306
100259
100039
100354
100286
100167
100394
100151
100354
100060
100440
100130
100499
100482
100209
100130
100155
100124
100139
100479
100481
100159
100186
99975.4
99997.3
100113
100011
100122
100113
99996.5
100005
100100
100097
100104
100093
100022
99997.8
100313
100205
100315
100316
100359
100535
100536
100526
100533
100250
100216
100278
100538
100344
100584
100564
100557
100550
100574
100482
100541
100515
100560
100286
100025
100251
100043
100222
100246
100254
99993.3
100247
100229
100268
100278
100542
100543
100157
100063
100174
100538
100090
100192
100107
100173
100463
100122
100089
100094
100056
100563
100069
100306
100366
100302
100050
100467
100118
100109
99906.6
100105
100046
100175
100117
100098
100133
100128
100244
100244
100294
100251
100265
100156
100209
100156
100322
100306
100129
100461
100179
100482
100399
100433
100065
100255
100408
100143
100261
100122
100139
100134
100153
99965.3
100358
100344
100072
100094
100340
100393
100394
100357
100374
100320
100407
100086
100064
100131
100017
100111
100030
100024
99987.9
100048
100115
100024
100217
100136
100025
100127
100054
100116
100110
100131
100118
100108
100101
100119
100103
100038
100076
100105
100129
100135
100130
100258
100158
100133
100157
100171
100156
100122
100132
100147
100093
100197
100340
100183
100157
100158
100165
100383
100100
100293
100233
100295
100111
100195
100283
100152
100302
100287
100159
100188
100177
100182
100290
100157
100330
100145
100149
100321
100150
100380
100373
100137
100357
100209
100231
100477
100349
100309
100297
100370
100215
100312
100237
100389
100496
100232
99935.2
100292
100265
100398
100089
100399
100357
100275
100284
100275
100552
100295
100168
100294
100174
100028
100322
100318
100289
100008
100009
99935.5
100286
100268
100328
100345
100557
100041
99804
100242
100317
100243
100329
100125
100142
100197
100151
100168
100097
100141
100339
100179
100333
100068
100126
100184
100170
100339
100159
100317
100342
100368
100370
100130
100099
100102
100255
100245
100104
100111
100349
100123
100283
100347
100151
100116
100339
100347
100529
100118
100341
100132
100362
100475
100130
100419
100472
100157
100179
100136
100171
100132
100175
100176
100142
100193
100279
100420
100250
100282
100331
100379
100353
100301
100335
100302
100356
100137
100381
100252
100372
100103
99958.2
100137
100190
100147
100133
100063
100134
100267
100433
100398
100513
100382
100530
100444
100485
100362
100339
100518
100466
100505
100384
100420
100506
100524
100479
100147
100507
100587
100345
100133
100160
100088
99984.6
100178
100194
100076
100095
99951.1
100174
100118
100290
100329
100135
100511
100148
100128
100416
100165
100152
100159
100034
100017
100047
100010
100041
100167
100205
100218
99983
100235
100181
100118
100111
100222
100134
100178
100371
100288
100268
100245
100366
100272
100184
100464
100334
100372
100441
100347
100071
100009
100106
99947.6
100001
100330
100356
99997.6
100172
100090
100544
100556
100613
100614
100133
100537
100543
100139
100129
100484
100162
100637
100559
100486
100117
100118
100069
100576
100120
100122
100261
100102
100114
100071
100267
100254
100136
100286
100261
100119
100244
100265
100002
100272
100255
100293
100062
100353
100389
100089
100422
99971.3
100078
100524
100005
100417
100055
100068
100084
100123
100457
100111
100121
100108
100134
100120
100311
100112
100142
100323
100318
100299
100278
100118
100170
100148
100149
100165
100124
100207
100109
100258
100282
100271
100267
100121
100117
100145
100349
100330
100420
100120
100165
100079
100092
100241
100150
100162
100107
100142
100170
100264
100234
100387
100123
100408
100375
100226
100193
100141
100051
100044
100030
100121
100124
100592
100511
100341
100505
100233
100329
100340
100404
100431
100410
100122
100053
100117
100230
100302
100324
100339
100382
100304
100349
100404
100180
100367
100003
99940
100100
100200
100079
100167
100047
100135
100131
100130
100151
100191
100348
100216
100131
100541
100250
100261
100274
100260
100249
100484
100420
100337
100259
100318
100514
100489
100546
100088
100159
100153
100055
100134
100099
100436
100067
100063
100080
100163
100110
100017
100125
100114
100134
100172
100150
100170
100157
100165
100218
100145
100298
100332
100148
100160
99948.3
100020
100119
100094
100260
100119
100122
100257
100131
100118
100154
100073
100182
100166
100233
100325
100259
100240
100320
100313
100318
100360
100380
100126
100140
100022
100151
100261
100081
100046
100151
100496
100495
100415
100191
100162
100120
100130
100126
100106
100309
100430
100348
100401
99928
100456
100088
100105
100212
100224
100182
100018
100115
100112
100097
100104
100117
100127
100114
100219
100168
100261
100325
100190
100134
100538
100381
100349
100223
99723.1
100181
100152
99860.8
100300
100348
100095
100088
100238
100113
100058
100168
100125
100194
100193
100503
100476
100546
100406
100473
100457
100194
100215
100338
100326
100349
100441
100257
100275
100104
100270
100105
100131
100248
100163
100162
100167
100157
100152
100272
100208
100296
100283
100166
100364
100324
100333
100202
100325
100326
100311
100332
100209
100293
100261
100218
100300
100276
100403
100449
100295
100153
100103
100246
100235
100125
100155
100301
100173
100095
100116
100276
100323
100123
100205
100096
100141
100135
100134
100101
100092
100179
100304
100119
100293
100246
100301
100280
100296
100318
100240
100253
100264
100277
100279
100291
100375
100325
100340
100342
100212
100395
100472
100099
100490
100400
100347
100110
100333
100285
100110
)
;

boundaryField
{
    tubeend1
    {
        type            fixedValue;
        value           uniform 100000;
    }
    tubeend2
    {
        type            fixedFluxPressure;
        gradient        nonuniform List<scalar> 
69
(
0
-1.41415e-08
0
0
0
-1.35671e-08
0
0
0
0
-1.05393e-08
0
-1.06781e-08
0
-1.00513e-08
-1.08247e-08
0
0
0
0
-1.14848e-08
-1.39906e-08
0
0
0
0
-1.58612e-08
0
0
0
0
-9.2704e-09
-1.09033e-08
-1.25095e-08
0
0
0
0
0
-1.20023e-08
0
0
0
0
0
0
0
-1.17979e-08
-1.10767e-08
0
0
0
1.75768e-08
-1.16238e-08
0
0
-1.28786e-08
0
0
0
0
0
1.03052e-08
0
-1.11355e-08
-1.75265e-08
0
0
-9.61051e-09
)
;
        value           nonuniform List<scalar> 
69
(
100561
100509
100516
100492
100532
100523
100552
100517
100552
100538
100567
100532
100544
100528
100558
100521
100547
100541
100573
100534
100556
100532
100594
100525
100538
100511
100560
100536
100573
100561
100563
100569
100570
100553
100571
100525
100536
100543
100550
100541
100548
100537
100542
100538
100541
100543
100551
100543
100553
100540
100542
100543
100549
100543
100545
100545
100538
100541
100538
100536
100541
100538
100534
100535
100537
100539
100541
100540
100538
)
;
    }
    tube_to_copper
    {
        type            fixedFluxPressure;
        gradient        uniform 0;
        value           nonuniform List<scalar> 
2464
(
100399
99996.9
100470
100100
100655
100185
100238
100022
100305
100220
100022
100124
100111
100038
100120
100236
99993
100287
100136
100240
100111
100126
100189
100291
100438
100082
99940.1
100419
99997.1
99967.4
100167
99549.9
100129
100186
100031
100417
100392
100281
100096
100342
100120
100558
100084
100047
100110
100195
100191
100087
100311
100426
99948.7
100437
100203
100126
99992.3
100112
100173
100052
100135
100168
100413
100239
100189
100280
100213
100082
100460
100111
100166
100335
100134
100317
100156
100127
100417
100375
100595
100166
100131
100586
100191
100111
100075
100269
100101
100130
100132
100155
100093
100369
100129
100236
100021
100206
100292
100248
100113
99928
100106
99910.1
100345
100202
100130
100064
100297
100348
100269
100360
100216
100319
100394
99899
100487
100180
100101
100132
100135
100151
100096
100005
100444
100331
100136
100117
99977.2
99977.7
100095
100124
100022
100417
100041
99997.8
100090
99773.2
100186
99952.7
100116
100525
100104
100214
100109
100257
100125
100083
100302
100421
100144
100143
100180
100325
100138
100070
100318
99967.1
100306
100258
100340
100109
100389
100075
100337
100330
100355
100182
100343
100188
100341
100125
100287
100377
100389
100453
100274
100245
100556
100066
99942.4
99957.4
100509
100371
99998.7
100156
100212
100263
100319
100159
100144
100236
100400
100097
100261
100445
100144
100640
100160
100336
100336
100246
100061
100078
100129
100191
100118
100145
100270
100113
100490
100133
100146
100246
100147
100104
100217
100322
100282
100152
100255
100310
100077
100029
100184
100313
100164
100645
100323
100390
100220
100292
100298
100129
100301
100067
100027
100024
99990
100125
100148
100534
100452
100339
100389
100242
100374
99940.2
100215
100404
100119
100350
100047
100155
100290
100076
100112
100299
100179
100271
100233
100213
100322
99997.8
100276
100023
100155
100234
100116
100119
100155
100450
100358
100197
100485
100502
100225
100403
100403
100168
100187
100199
100406
100118
100112
100100
100201
100072
100337
100313
100262
100182
100314
100237
100058
100549
100092
100349
100028
100153
100099
100186
100242
100107
100014
100154
100035
100068
100299
100121
100197
100197
100115
100388
100183
99992.8
100269
100274
100116
100180
100350
100306
100047
100153
100181
100273
100164
100184
100143
100115
100005
100164
100150
100227
100264
100042
100200
100321
100272
100552
100177
100538
100294
100639
100478
100135
100487
100251
100098
100108
100113
100184
100110
100313
100241
100291
100094
99986.3
100354
100478
100424
100113
100139
100058
100087
99953.1
100115
100098
100066
100254
100122
100430
100130
99983.6
100121
100135
100159
100101
99990.6
100232
100427
100499
100598
100509
100195
100597
100451
100024
100275
99978.4
100161
100280
100115
100369
100364
100118
100350
100350
100473
100341
100336
100525
100421
100035
99955.3
100133
100065
100238
100151
100151
100579
100264
100124
100313
100533
100286
100326
100222
100538
100559
100386
100432
100443
100420
100008
100213
100365
100480
100575
100321
99985.8
99855.6
100180
100328
100126
100020
100014
100150
100084
100216
100090
100189
100314
100023
100318
100198
100108
100092
100324
99983.1
99983.2
100042
100603
100450
100211
100119
100202
100294
100228
100161
100134
100117
100129
100497
100644
100087
100167
100041
100117
100107
100132
100216
100417
100379
100218
100091
100088
100174
100087
100283
100342
100089
100079
100099
99993.8
100341
100220
100481
100161
100074
100372
100326
100240
100309
100295
100209
100147
100465
100207
99974.7
100095
100293
100252
100373
100449
100545
100391
100323
100351
100324
100331
100334
100293
100297
100351
100097
100115
100044
100121
100007
100099
100111
100143
100160
100354
100255
100135
100251
100253
100317
100313
100119
100250
100130
100004
100134
100377
100343
100164
100328
100396
100312
100273
99959.9
100069
100323
100109
100324
99924.8
100107
100060
100092
100140
100461
100079
100183
100243
100239
100209
99968.4
100444
100179
100187
100250
100343
100168
99948.9
100113
100440
100094
100585
100560
100213
100391
100035
100088
100308
100119
100309
100223
100100
100047
100120
100252
100350
100148
100160
100243
100379
100168
100179
100214
100298
100318
100206
100340
100039
100078
100142
100039
100075
100208
100303
100478
100318
100113
100164
100168
100139
100346
100176
100593
100103
100405
100326
100227
100311
100188
100265
100065
100094
100158
100158
100270
100255
100334
100044
100091
100110
100147
100089
100095
100074
100105
100248
100387
100089
100492
100231
100197
100071
100116
100321
100293
100214
100160
100132
100130
100304
100007
100106
100264
100134
100312
100146
100186
100080
100124
100327
100251
100284
99996.4
100333
100302
100064
100343
100151
100363
100344
100245
100285
100296
100257
100269
100226
100325
100271
100314
100291
100425
100203
100039
100280
100335
100256
99991.5
100227
100082
100127
100058
100164
100295
100244
100298
100058
100240
100158
100119
100125
100108
100120
100089
100461
100358
100293
100174
100245
100117
100225
99972.4
100636
100437
100514
100060
100101
100132
100221
100110
100158
100162
100117
100046
100124
100128
100126
100114
100165
100196
100160
100222
100233
100152
100137
100039
100207
100233
100118
100162
100191
100174
100167
100270
100272
100284
100154
100327
100331
100377
100301
100288
100464
100293
100491
100204
100171
100603
100199
100370
100148
100123
100197
100197
100275
100170
100498
100118
100052
100341
100143
100459
99929.9
100150
100262
100311
99980
99994.2
100200
100297
100213
100131
100139
100286
100139
100104
100262
100083
100102
100021
100101
100000
100018
100145
100162
100138
100251
100258
100251
100021
100189
100116
100327
100148
100095
100118
100143
100310
100209
100124
100041
100355
100159
100163
100299
100155
100412
100132
100410
100347
99992.9
100184
100327
100332
100552
100375
100508
99924.8
100136
100255
100198
99969.9
100199
100143
100146
100199
100325
99935.5
100054
99973.8
100155
100029
99975.5
100146
100142
100087
100057
100105
100120
100391
100511
100106
100226
100268
100119
100106
100144
100232
100257
100129
100122
100179
100059
100160
100238
100401
100359
100348
100347
100496
100356
100427
100111
100199
100354
100537
100601
100306
100328
100541
100632
100636
100295
100351
100301
100141
100211
100134
100349
100163
100292
100315
100140
100132
100532
100101
100088
100012
100053
100110
100074
100066
100111
100159
100156
100159
99990.8
100257
100165
100479
100423
100211
100101
100251
100152
100092
100057
100228
100194
100263
100340
100186
100166
100310
100317
100109
100318
100309
100440
100480
100065
100205
100035
100170
100127
100188
100163
100041
100039
100607
100075
100071
100059
100002
100119
100127
100076
100154
100146
100252
100069
100124
100250
100037
100281
100047
100312
100324
100281
100376
100136
100507
100049
100201
100186
100202
100228
100328
100265
100408
100110
100117
100126
100083
100153
100238
100008
100209
100324
100244
100326
100391
100332
100451
100165
99769.1
100404
100433
100567
100577
100332
100062
100153
99969.3
100081
100250
99982.5
100049
100306
100070
100297
100121
100030
100084
100347
100091
100372
100072
100127
100119
100161
100125
100276
100275
100596
100579
100409
100183
100145
100260
100073
100320
100057
100066
100411
100161
100137
100156
100107
100418
100201
100352
100046
100300
100102
100232
100086
100233
100253
99974.1
100027
100617
100372
100106
100528
100152
100384
100065
100114
100125
100335
100532
100349
100595
100065
100238
100209
100089
100032
100131
100210
100006
100316
100355
100091
100275
100117
100300
100023
100529
100221
100144
100044
100180
100079
100114
99979.5
100090
100330
100142
100183
99948.2
100327
100125
100423
100309
100167
100071
100153
100305
100348
100296
100159
100244
100152
100089
100167
100200
100091
100130
100125
100117
100112
100117
100130
100107
100117
100128
100202
100206
100237
100322
100236
100182
100142
100359
100038
100255
100195
100239
100016
100356
100321
100241
100270
100344
100392
100216
100180
100249
100255
100382
100265
100184
100183
100201
100157
100264
100197
100219
100098
100011
99920.3
100080
100223
100368
100014
100219
100352
100377
100040
100237
100445
100459
100544
100540
100120
100539
100407
100373
100306
100343
100381
100090
100244
100362
100252
100235
100123
100185
100044
100150
100061
100277
100334
100149
100002
100118
100049
100112
99986.6
100093
100454
100125
100103
100117
100011
100229
100127
100270
100305
100287
100277
100340
100259
100269
100385
100334
100467
100332
100325
100185
100153
100163
100129
100099
100409
100521
100115
100082
100044
100035
100060
100097
100066
100164
100027
100110
100001
99979
100051
100133
100304
99958.1
100144
100172
100532
100203
100122
100198
100172
100245
100155
100255
100485
100300
100451
100320
100176
100165
100328
100443
100509
100344
100362
100413
100162
100238
100533
100517
100220
100425
100187
100224
100534
100525
100248
100253
100291
100298
100331
100018
100070
100072
99989.8
100065
100063
100298
100553
99928.5
100200
100216
100297
100181
100128
100157
100164
100147
100308
100414
100280
100245
100036
100302
100252
100248
100278
100275
100260
100450
99992.9
100451
100360
100116
100275
100069
100195
100497
100329
100380
100347
100242
99990.9
100343
100072
100100
100196
100169
100176
100198
100244
100399
100211
100065
100100
99934
100090
100138
100138
100547
100095
99964.8
100492
100166
100096
100133
100523
100051
100160
100159
100200
100228
100239
100219
100263
100213
100316
100105
100450
100527
100492
99914.1
99960.9
100425
100420
100562
100621
100517
100556
100453
100156
100541
100372
100134
100036
100137
100631
100182
100117
100131
100075
100180
100132
100121
100318
100141
100073
100148
100181
100166
100123
100100
100096
100115
100130
100109
100102
100626
100653
100446
100087
100098
100096
100146
100366
100149
100143
100300
100301
100095
100300
100358
100323
100294
100269
100245
100461
100235
100306
100296
100334
100338
100344
100150
100349
100186
100176
100304
100139
100377
100150
100166
99975.1
100551
100156
100242
100539
100493
100088
100095
100194
100217
100118
100175
100141
100209
100411
100245
100079
99985.1
100051
100323
100022
100271
100028
100145
100313
99979.4
100104
100116
100310
100105
100111
100012
100028
100176
100117
100145
100120
100167
100166
100130
100211
100173
100166
100178
100238
100250
100194
100322
100207
100374
100354
100107
99933.5
100115
100278
100329
100403
100269
100283
100293
100482
100480
100334
100462
100325
100501
99989.1
100002
100199
100140
100089
100121
100119
100119
100089
99924.1
100325
100281
100153
100120
100372
100367
100182
100161
100300
100477
100513
100408
100113
100300
100420
100459
100450
100047
100262
99991
100242
100079
100107
100080
100262
100228
100291
100132
100066
99936.4
100129
100093
100001
100128
100083
100166
100317
100235
100263
100296
100157
100120
100127
100162
100117
100108
100163
100264
100200
100098
100330
100278
100142
100317
100324
100225
99786.6
100079
100238
100256
100163
100404
100186
100192
100328
100186
100063
100250
100246
100331
100193
100285
100327
100420
100285
100215
100164
100306
100289
100418
100402
100110
100080
100311
100167
100131
100083
100037
99963.2
100141
100078
100169
100333
100330
100537
100015
100305
100139
100338
100133
100087
100031
100298
100155
100152
100179
100298
100333
100301
100067
100071
100141
100270
100231
100241
100046
100206
100250
100389
100409
100421
100223
100370
100344
100011
100075
100182
100296
100094
100163
100117
100100
100174
100111
100399
100339
100361
100372
100032
100414
100134
100116
100165
99993.8
100149
100228
100230
100076
100077
100164
100145
100144
100176
100256
100206
100233
100130
100064
100300
100120
100086
100110
100213
100263
100195
100084
100350
100194
100233
100261
100356
100237
100295
100142
100402
100349
100183
100333
100345
100333
100192
100227
99915.4
100120
100491
100105
100328
100033
100096
100217
100103
100259
100315
100196
100163
100245
100007
100101
100187
100279
100349
100501
100434
100365
100084
100488
100354
100187
100402
100274
100336
100020
100222
100296
100239
100149
100138
100019
99975.9
100081
99978.7
100183
99984.4
100163
99903.1
99983.7
100095
100028
100149
100096
100092
100204
100166
100241
100095
100047
100151
100115
100070
100059
100144
100147
100165
100088
100208
100195
100137
100149
100355
100241
100190
100349
100007
100098
100165
100138
100288
100317
100171
100273
100456
100299
99785.3
100257
100280
100163
100110
100108
99918.1
100591
99979
99971
100208
100061
99889.1
100197
100155
100118
99912.4
100087
100219
100029
100137
100022
100134
100114
100297
100310
100269
100328
100138
100516
100221
100403
100618
100377
100130
100114
100421
100131
100122
100176
100133
100189
100174
100314
100307
100484
100337
100329
100237
100167
100254
100259
100124
100134
100300
100369
100343
100063
100162
100153
100189
100174
100150
100179
100194
100140
100054
100160
100173
100159
100358
100444
100570
100314
100246
100306
100330
100260
100365
100300
100632
100076
100128
99944.4
100136
100225
100561
100139
100492
100292
100175
100229
100174
100092
100095
100137
100264
100086
100216
100032
100228
100125
100032
100063
100130
100078
100120
100191
100120
100053
100215
100022
99975
100258
100266
100261
100356
100316
100112
100319
100438
100067
100134
100136
100135
100211
100176
100069
99939.2
100177
100197
100010
100020
100155
100106
100166
100171
100206
100040
100335
100382
100296
100050
100153
100015
100094
100063
99909.8
100082
100107
100293
100133
100061
100098
100387
100189
100295
100272
100274
100283
100127
100063
100544
100027
100169
100133
100063
100355
100490
100535
100439
100096
100047
100158
100151
100521
100253
100249
100313
100219
99921.5
100004
99960
100052
100102
100095
100243
100022
100266
100130
99982.3
100108
100377
100137
100215
100173
100250
100186
100143
100117
100320
100103
100267
100115
100266
100561
100330
100276
100405
100010
100118
100053
99956.7
100213
99947.5
100448
100528
100271
100036
100108
100148
100154
100198
100161
100408
100061
100296
100104
100130
100036
100129
100090
100147
100451
100245
100317
100300
100265
100342
100414
100340
100159
100263
100302
100202
99989.9
100357
100153
100087
100209
100411
100494
100391
100387
99994
99986.7
100160
100210
100260
100006
100293
99971.4
100289
100130
100074
100135
100184
99962.2
100150
100095
100191
100195
100276
100324
100293
100372
100328
100346
100293
100117
100065
100224
100331
100371
100324
100292
100298
100269
100315
100032
100263
100037
100100
99945.9
100212
100141
100132
99796.9
100218
100168
100186
99972.7
100159
100225
100377
99986
100273
100260
100299
100386
100286
100639
100314
100364
100237
100444
100261
100290
100096
100371
100209
100093
100117
100054
100077
100106
100101
100301
100396
100114
100064
100053
100182
100002
100368
100185
100307
100270
100246
100372
100344
100039
100354
100394
100354
100060
100130
100499
100130
100139
100186
99975.4
100113
100104
100205
100359
100250
100278
100584
100557
100574
100482
100043
100222
100229
100268
100278
100192
100107
100463
100056
100563
100366
100302
100467
99906.6
100175
100133
100265
100156
100209
100306
100461
100179
100482
100065
100255
100143
100261
100139
100153
99965.3
100358
100344
100072
100094
100340
100357
100320
100030
100024
99987.9
100048
100024
100217
100025
100054
100116
100110
100101
100103
100038
100135
100258
100133
100122
100147
100093
100340
100158
100165
100383
100100
100293
100295
100111
100152
100302
100287
100188
100177
100290
100330
100209
100477
100309
100237
100389
100232
99935.2
100292
100398
100089
100399
100357
100284
100552
100168
100294
100174
100028
100318
99935.5
100557
100041
99804
100242
100243
100125
100197
100141
100126
100184
100170
100159
100342
100368
100130
100099
100255
100245
100349
100123
100151
100116
100529
100118
100341
100132
100475
100130
100419
100472
100136
100171
100175
100142
100193
100331
100353
100335
100302
100381
100252
99958.2
100137
100147
100133
100134
100433
100513
100444
100339
100505
100384
100506
100479
100507
100587
100345
100088
99984.6
100194
100076
100095
99951.1
100290
100329
100135
100511
100165
100152
100159
100017
100047
99983
100235
100118
100222
100178
100245
100272
100184
100464
100372
100441
100347
100071
99947.6
99997.6
100172
100613
100614
100139
100129
100484
100162
100637
100486
100118
100069
100576
100102
100071
100267
100254
100286
100261
100265
100293
100062
100389
100422
99971.3
100078
100524
100417
100123
100108
100112
100323
100170
100165
100207
100109
100117
100145
100349
100165
100079
100241
100162
100170
100264
100193
100044
100121
100592
100341
100233
100329
100431
100410
100122
100230
100382
100304
100180
100367
99940
100100
100200
100167
100135
100131
100191
100348
100541
100261
100249
100484
100259
100514
100546
100088
100055
100134
100436
100063
100080
100163
100110
100017
100134
100150
100165
100218
100145
100332
99948.3
100020
100094
100260
100119
100257
100154
100073
100182
100325
100259
100240
100313
100318
100360
100140
100022
100151
100261
100046
100496
100495
100191
100162
100106
100309
100348
100456
100018
100115
100097
100117
100538
100349
100223
99723.1
99860.8
100300
100095
100058
100168
100194
100503
100546
100406
100194
100215
100338
100104
100105
100131
100208
100283
100166
100364
100333
100202
100325
100209
100218
100276
100403
100295
100153
100301
100173
100095
100123
100205
100135
100134
100092
100179
100304
100119
100293
100246
100280
100296
100253
100264
100375
100325
100212
100395
100472
100490
100400
100110
100285
100110
)
;
    }
}


// ************************************************************************* //
