/*--------------------------------*- C++ -*----------------------------------*\
| =========                 |                                                 |
| \\      /  F ield         | OpenFOAM: The Open Source CFD Toolbox           |
|  \\    /   O peration     | Version:  2312                                  |
|   \\  /    A nd           | Website:  www.openfoam.com                      |
|    \\/     M anipulation  |                                                 |
\*---------------------------------------------------------------------------*/
FoamFile
{
    version     2.0;
    format      ascii;
    arch        "LSB;label=32;scalar=64";
    class       volScalarField;
    location    "2/shell";
    object      omega;
}
// * * * * * * * * * * * * * * * * * * * * * * * * * * * * * * * * * * * * * //

dimensions      [0 0 -1 0 0 0 0];

internalField   nonuniform List<scalar> 
7335
(
420.905
1070.04
1542.92
641.703
797.053
965.822
408.701
1316.69
737.987
1716.63
595.12
458.9
1182.4
339.634
549.56
653.789
270.895
747.434
709.781
612.858
633.394
558.072
212.103
1459.31
703.019
702.912
1011.06
192.435
700.5
872.316
194.618
773.728
1801.78
501.522
264.251
706.413
666.107
712.108
306.194
572.948
435.982
630.669
680.974
440.894
815.286
585.596
639.935
700.808
724.88
794.526
206.7
690.246
811.862
333.213
183.752
482.644
291.97
614.973
410.689
351.217
402.159
349.819
382.029
674.988
621.381
651.05
452.555
821.284
247.774
269.616
393.488
802.967
292.19
508.876
701.271
699.09
828.556
604.927
638.167
199.06
246.612
248.323
407.39
930.466
555.642
598.491
321.399
168.457
313.442
719.588
243.254
81.9227
718.703
76.6573
608.775
517.863
223.81
282.786
466.925
611.632
528.419
489.589
282.339
651.126
368.964
197.891
750.699
375.303
320.446
724.281
443.321
578.128
664.66
407.928
586.866
530.826
460.085
692.551
354.608
503.295
653.333
726.214
817.843
722.719
233.7
168.5
404.888
449.466
291.303
731.999
937.606
928.948
1590.86
280.794
293.935
444.532
395.44
255.2
538.437
608.916
606.492
230.512
537.671
585.986
315.591
678.299
624.958
625.979
123.196
868.882
520.883
536.557
591.956
302.448
707.638
256.636
339.606
250.59
233.727
636.811
542.146
622.763
241.137
662.908
636.299
639.998
803.469
633.044
643.974
675.027
679.244
631.909
598.909
540.613
565.106
449.405
1317.12
704.646
709.01
638.075
712.214
330.938
287.949
589.804
492.055
628.906
415.114
541.546
349.767
163.164
364.568
323.192
174.096
945.698
390.411
1023.92
1265.53
593.413
1263.97
284.859
527.699
575.071
767.492
687.086
291.904
994.948
192.018
745.234
569.745
125.92
1850.27
565.497
596.594
1613.63
576.146
1016.03
183.167
677.574
666.226
351.621
696.823
76.2671
693.187
779.01
1008.32
166.095
120.169
1796.26
1534.56
351.105
307.835
534.544
287.77
294.865
164.581
406.205
452.816
311.187
457.75
1209.93
390.845
84.5542
446.108
150.428
253.575
686.978
702.784
1399.7
728.086
108.311
634.925
191.828
238.094
180.046
611.738
858.73
756.604
862.012
630.496
575.782
268.556
457.412
1795.79
427.414
255.023
725.418
230.948
330.051
810.908
722.582
294.118
813.223
730.51
197.464
504.448
810.338
575.384
749.102
173.097
810.419
252.881
231.736
515.632
250.183
601.342
249.916
692.643
523.457
353.579
115.109
387.835
831.64
309.404
292.389
301.637
828.967
260.897
543.79
565.023
179.997
548.186
483.253
331.787
132.015
754.842
292.502
755.657
269.621
82.084
389.215
738.542
359.287
636.308
376.534
646.281
339.063
577.179
275.864
236.166
132.647
693.756
461.131
627.515
620.856
407.185
759.294
433.497
612.551
686.323
188.539
188.441
656.568
408.307
518.416
166.554
1150.89
140.29
687.114
650.99
353.546
314.99
279.029
311.608
419.172
499.121
190.048
255.793
670.313
741.35
529.957
285.792
629.64
652.432
678.851
528.304
699.65
279.544
175.895
156.493
475.737
630.536
602.316
289.001
630.805
799.313
279.983
641.243
521.411
326.629
625.697
196.486
930.218
649.997
275.683
590.544
791.114
914.402
639.127
195.232
479.396
535.62
264.346
232.61
311.552
581.114
239.529
286.871
485.583
240.552
352.605
499.572
526.56
521.82
575.06
558.356
272.286
645.156
322.256
272.328
604.105
698.816
689.668
551.028
604.007
261.822
237.797
639.146
529.624
657.985
622.291
345.814
640.567
583.122
542.2
586.284
156.694
876.995
130.267
545.968
146.66
243.958
745.671
466.595
707.069
728.227
682.308
584.781
244.469
420.907
687.732
68.7657
368.422
710.568
752.607
325.5
609.135
653.757
670.367
309.763
270.335
722.443
361.318
646.081
687.878
122.259
344.677
627.503
761.479
638.478
646.453
802.633
518.968
849.239
649.593
652.452
543.031
561.101
745.373
817.866
631.489
2101.77
539.798
559.621
1498.84
696.754
157.804
245.606
871.697
2233.33
319.106
82.9599
1291.63
638.614
83.835
284.365
554.414
72.4335
431.469
429.556
247.851
493.785
314.107
531.349
737.383
270.283
253.885
569.813
337.201
513.211
56.2143
444.463
299.46
109.666
200.126
1278.38
455.241
497.734
839.739
1449.84
616.565
467.103
1149.62
572.798
355.507
524.017
765.682
546.166
221.287
424.197
473.235
702.215
564.466
516.861
563.005
496.644
211.759
481.876
767.736
807.227
209.68
596.309
615.472
558.071
742.876
541.297
557.398
758.027
499.407
685.434
650.762
314.871
644.307
689.1
611.417
503.573
233.916
1639.9
795.346
648.613
540.33
249.304
798.785
772.839
390.459
691.202
1819.92
717.071
642.243
892.341
527.368
481.128
691.03
698.178
775.62
553.372
389.151
775.607
1729.21
344.691
414.484
313.337
280.997
168.916
316.157
498.576
617.176
2047.11
553.37
533.306
659.488
190.708
467.869
420.03
520.698
224.42
508.535
563.734
739.877
347.87
355.394
1450.14
531.37
330.683
704.519
665.818
440.582
695.6
616.718
186.662
441.13
269.832
287.302
558.584
621.738
296.904
567.991
318.347
571.099
469.352
593.994
716.118
646.081
347.371
658.573
569.977
615.19
997.345
527.684
592.097
580.071
449.786
579.795
194.147
618.687
666.748
661.257
448.387
195.401
449.318
543.975
689.805
294.987
340.695
299.085
138.363
256.958
354.669
638.108
1353.78
509.819
305.106
669.324
1919.4
720.82
268.54
733.597
498.319
703.775
730.028
937.934
117.71
1976.82
973.203
112.955
378.486
674.804
1325.24
228.196
430.709
1134.17
1526.72
722.992
431.881
279.029
695.588
365.337
109.54
702.596
118.657
118.228
418.57
275.547
1431.93
502.836
300.267
287.281
269.19
381.303
1847.69
717.473
1013.3
310.734
369.435
2003.63
263.846
55.3388
293.879
482.217
275.029
279.285
690.063
223.587
268.04
398.804
230.458
568.236
323.635
151.19
733.602
393.439
892.097
171.417
760.878
377.316
609.753
554.19
572.293
446.242
831.395
591.211
577.984
717.082
876.091
163.662
609.038
287.833
665.032
111.669
1421.14
146.233
171.912
352.425
117.944
479.215
498.517
259.315
553.569
165.097
311.278
446.944
219.056
178.414
613.805
139.098
710.814
442.037
511.671
507.325
252.117
190.672
626.032
1199.86
714.024
487.135
283.187
514.479
1956.01
825.029
790.774
442.533
587.225
252.289
1664.49
565.611
326.919
948.529
419.664
496.789
475.666
314.491
564.831
517.003
635.22
2486.36
674.03
720.922
414.96
316.282
722.878
420.669
520.98
299.888
314.674
454.676
568.858
317.264
305.367
548.593
416.107
655.693
574.35
376.447
1338.91
802.157
242.591
540.652
377.285
501.284
545.318
1058.65
2076.96
250.589
639.615
508.405
226.773
367.817
222.487
1292.42
891.115
622.094
741.818
977.959
472.994
231.675
640.332
1682.46
725.023
150.858
416.88
780.626
730.048
623.749
775.089
109.398
1770.48
421.911
736.68
286.213
238.907
726.333
496.236
730.889
161.001
1042
1555.16
1153.52
512.223
630.968
495.084
272.435
569.591
510.079
1492.69
763.905
680.337
586.488
490.223
527.947
117.979
401.153
523.957
502.832
236.885
476.339
358.714
1607.45
1231.33
738.541
838.003
345.787
696.924
464.483
650.833
627.404
346.185
455.121
745.222
1024.73
366.501
782.697
292.404
686.006
244.705
627.549
671.932
802.493
552.472
743.928
541.334
660.25
588
632.319
678.501
1247.56
1006.36
149.487
526.448
473.919
742.564
1084.58
658.398
611.164
619.982
679.88
121.175
1225.23
702.666
566.42
574.182
669.199
525.132
387.374
558.332
319.703
634.764
647.753
665.396
643.885
629.874
548.365
710.837
670.108
257.915
722.331
561.774
326.131
688.832
885.663
685.453
633.088
675.994
642.639
603.848
710.345
254.907
350.136
625.714
593.342
566.205
654.046
514.156
554.784
632.414
163.044
600.771
536.562
449.766
177.803
170.774
266.977
590.759
570.941
674.632
706.316
217.221
188.127
686.568
661.479
656.793
517.538
737.996
480.769
640.752
592.299
549.058
586.161
929.446
1218.13
1820.97
528.346
604.094
582.68
1487.09
633.325
1515.41
796.89
736.265
757.518
109.782
827.188
832.997
452.643
823.764
743.499
264.573
305.298
807.916
705.177
789.389
817.282
514.689
582.595
640.248
516.12
516.07
488.348
613.521
201.028
174.426
633.779
612.742
1343.8
1309.99
671.169
353.581
683.327
660.369
256.639
254.622
264.631
677.906
235.828
240.077
843.497
299.845
738.731
1214.27
331.024
248.941
477.039
435.037
634.338
516.896
529.174
785.193
541.046
689.02
838.239
647.962
329.504
262.852
466.211
791.84
832.603
153.491
174.192
273.818
209.889
711.919
560.361
210.057
733.704
495.142
2242.11
1153.31
781.42
452.882
600.166
380.34
464.617
593.06
599.116
649.516
1472.27
663.105
510.446
708.464
636.637
776.382
660.24
559.457
492.787
579.952
649.979
372.363
287.524
811.396
839.499
196.091
626.649
610.055
446.581
306.673
209.77
709.748
125.055
366.3
515.412
199.556
145.602
369.823
372.319
111.066
371.654
265.872
234.385
217.454
252.489
182.669
496.518
578.371
1109.72
323.25
192.431
418.966
251.519
269.984
242.987
772.528
598.259
545.608
133.335
592.286
125.374
1291.08
764.315
375.151
560.168
655.35
362.596
745.787
405.103
601.538
257.171
697.168
1738.28
449.047
252.528
373.054
313.973
656.125
507.052
394.623
541.571
671.253
383.044
1067.23
408.246
644.2
224.583
412.666
772.272
444.17
657.695
912.373
770.433
226.101
265.215
577.411
905.319
460.47
496.405
556.953
498.905
554.268
537.909
506.447
395.437
602.36
510.178
443.99
523.956
1153.76
853.302
474.974
287.325
769.743
307.331
187.352
354.969
621.228
1000.19
365.314
317.69
675.849
447.642
622.153
2134.2
248.329
436.471
680.585
536.985
234.974
111.201
932.237
591.096
557.438
733.536
362.511
558.464
640.669
647.744
573.485
626.311
614.142
649.777
396.108
547.245
669.322
465.135
634.003
446.917
335.665
406.985
440.063
739.155
450.754
206.254
635.768
737.493
473.776
1216.5
85.9348
415.805
716.414
377.595
248.299
225.965
319.413
929.909
643.645
305.874
220.468
428.285
769.091
530.48
513.611
472.575
580.347
539.715
708.964
413.061
383.758
545.032
232.427
452.41
329.277
285.196
236.014
1358.71
216.781
172.815
684.496
476.914
696.897
681.327
454.849
691.595
585.557
236.181
254.276
204.112
243.279
138.829
319.832
253.968
556.374
630.721
617.455
583.177
674.879
309.719
432.609
420.848
619.083
288.469
349.609
584.863
221.824
274.436
236.364
163.053
364.574
836.835
784.288
781.065
225.851
164.581
292.369
204.925
528.658
376.404
132.802
302.202
787.067
443.781
574.762
728.562
92.7073
849
542.416
414.398
270.859
630.67
628.154
641.804
136.364
547.072
426.057
490.483
486.432
492.109
865.817
233.722
341.127
537.54
687.536
481.298
461.262
211.196
680.792
534.42
553.197
304.704
532.959
725.559
687.22
549.959
539.724
219.76
342.547
604.438
644.003
560.405
681.682
590.824
499.574
517.086
616.384
590.041
659.519
557.268
531.865
680.628
853.265
575.986
353.51
690.967
417.311
608.792
537.271
810.793
544.114
666.811
761.438
611.729
631.461
799.414
649.803
137.789
540.218
237.884
634.415
629.549
639.657
480.555
564.363
635.12
528.172
596.493
688.348
546.316
304.088
532.012
727.279
2166.92
491.854
121.527
531.097
639.996
620.919
517.036
538.468
147.428
255.531
225.866
2013.28
635.112
74.5862
590.623
204.373
422.112
627.626
479.995
453.164
816.394
557.852
569.06
163.113
868.535
357.03
1344.34
300.606
167.693
332.959
711.946
387.057
618.656
794.278
478.491
619.264
357.931
489.473
632.798
363.944
328.238
402.265
367.223
662.122
613.885
356.261
397.743
420.331
481.18
551.482
1043.07
344.439
502.217
506.51
553.346
553.451
1161.55
711.248
546.778
559.636
553.227
348.153
403.982
444.129
396.96
244.18
551.987
110.958
257.202
459.663
520.776
591.01
468.421
461.439
625.8
567.535
602.993
840.948
458.236
408.559
794.44
411.195
427.948
330.842
537.724
460.528
448.857
479.013
655.548
1147.23
315.463
614.889
258.254
626.707
739.608
526.262
639.965
545.168
417.464
306.709
259.687
462.37
1689.18
654.597
460.711
815.366
296.144
404.096
516.03
368.285
291.395
529.145
615.799
450.624
310.779
734.645
294.661
603.177
505.114
508.91
730.801
614.202
84.0811
523.36
78.9744
740.327
502.645
82.0384
1427.31
422.582
526.881
774.655
72.4923
301.355
637.54
645.457
339.654
319.826
310.037
312.9
224.522
350.878
547.467
310.49
773.615
1087.38
255.946
657.775
748.257
734.146
617.445
489.101
483.859
284.781
563.345
238.272
420.718
733.181
669.399
615.234
627.847
726.488
646.731
368.81
799.214
759.956
300.807
781.918
225.568
508.098
570.851
79.8357
150.886
170.661
632.883
1345.72
613.546
260.099
516.272
362.836
606.918
650.481
404.309
690.183
745.196
524.327
554.865
258.21
371.097
236.839
307.641
561.665
282.787
645.271
368.981
607.51
829.444
370.716
419.714
376.777
622.433
552.004
744.114
977.803
702.958
207.393
346.617
625.366
399.495
655.771
569.477
80.9703
252.994
539.371
295.87
627.498
511.911
692.468
196.299
728.265
649.815
857.551
172.617
122.324
128.71
689.902
707.367
270.637
623.444
70.7862
187.322
245.191
460.665
1628.03
221.048
662.922
233.573
464.91
723.801
576.077
851.317
224.138
296.637
401.527
310.279
690.712
609.002
714.394
364.516
632.081
812.276
312.999
365.837
186.314
433.4
714.641
800.904
540.234
1422
588.602
1374
618.624
282.714
321.682
1389.71
355.74
352.782
198.009
798.1
775.233
585.251
363.325
813.899
575.545
834.169
759.379
661.579
562.415
341.375
196.401
688.493
669.684
837.912
260.195
260.283
462.277
635.257
465.858
573.303
69.2655
482.786
575.115
719.548
481.809
261.442
498.805
584.418
92.7521
405.771
203.546
564.769
287.675
379.589
569.863
348.707
760.77
253.89
586.454
398.152
215.758
484.026
496.326
567.985
471.27
298.043
246.491
804.541
175.102
674.491
439.479
140.638
435.433
476.745
400.04
72.5984
458.974
172.322
148.405
663.855
186.546
703.654
620.747
763.313
576.033
534.422
701.593
116.541
759.066
268.118
1179.74
240.286
779.765
466.237
426.944
464.353
299.084
443.231
648.172
440.51
534.005
406.997
107.453
741.949
110.79
657.163
437.541
646.99
274.408
532.419
703.864
542.191
803.12
692.598
643.445
370.52
487.117
693.977
223.58
225.206
670.607
232.645
122.299
487.458
710.548
117.218
361.635
289.156
1856.08
244.364
2168.88
1855.98
646.82
727.978
450.565
86.2543
334.634
575.375
658.959
310.102
1486.78
592.53
596.276
536.689
532.341
83.1585
339.428
335.77
601.536
318.912
279.657
156.663
114.324
533.099
1048.63
468.672
350.488
180.019
642.819
504.175
532.647
513.38
313.113
163.065
470.457
152.324
164.297
845.268
658.094
351.908
831.3
585.206
269.456
179.504
793.987
280.739
705.376
632.404
515.241
562.346
580.658
825.144
210.238
434.209
791.034
659.655
664.396
385.156
445.417
728.937
333.198
257.33
492.136
617.97
304.621
230.4
540.048
240.566
199.21
626.399
704.048
294.251
677.355
259.798
647.003
175.276
606.098
636.931
668.636
288.947
771.454
1339.91
395.069
514.126
749.782
613.958
400.097
311.217
533.468
306.242
169.956
484.579
866.13
1637.92
130.192
253.106
120.075
793.799
779.379
477.068
614.075
349.608
387.508
582.122
707.842
492.681
746.748
366.372
563.47
611.416
177.767
427.056
230.406
436.06
307.188
568.958
443.126
405.19
240.581
525.923
221.154
535.375
1068.37
521.89
695.179
418.889
181.584
196.375
368.887
681.166
704.087
164.638
564.17
755.637
228.617
787.517
161.469
342.779
312.573
77.5054
781.143
546.845
321.048
69.5028
846.245
624.38
524.032
320.849
668.754
1062.12
731.038
150.243
623.892
77.4413
70.4859
781.577
353.453
427.554
246.922
701.914
556.905
179.813
302.807
77.141
364.021
489.244
88.4509
253.744
167.815
526.364
592.348
323.826
321.056
390.49
764.77
214.292
219.215
399.159
376.452
642.642
262.663
159.513
441.267
346.413
392.905
186.41
1253.48
460.905
513.258
151.121
706.493
652.329
420.837
232.243
654.068
130.006
311.511
585.676
290.464
530.616
523.621
286.716
496.793
606.158
594.07
237.55
491.574
304.244
249.471
447.266
355.212
307.073
530.72
156.256
292.53
669.541
290.861
564.446
140.548
157.339
652.352
427.19
71.03
222.618
710.354
246.042
821.743
873.867
128.595
490.404
598.555
607.64
594.292
334.054
414.729
264.276
226.652
548.064
591.322
495.268
563.726
312.614
344.989
275.178
375.034
545.209
543.531
229.712
315.54
452.907
322.692
583.814
293.37
544.095
313.042
776.955
1789.26
81.9163
630.021
73.5162
501.23
284.201
308.863
238.264
162.839
508.164
655.901
329.011
658.157
825.996
480.597
406.465
518.92
595.284
849.458
485.796
280.714
457.311
515.353
597.344
589.928
535.412
420.374
177.694
428.029
618.26
288.391
324.256
173.057
304.169
272.361
380.686
274.857
253.188
162.989
486.479
487.255
315.524
590.841
385.861
132.851
484.846
563.498
398.663
202.563
616.459
280.987
671.684
557.224
222.089
312.719
379.455
66.6583
308.14
146.785
413.952
634.21
109.354
686.719
791.577
321.4
509.703
484.555
519.145
511.812
457.034
706.419
450.258
681.161
860.131
663.776
555.246
164.931
487.31
880.812
154.112
1988.55
479.326
287.783
791.871
496.855
259.501
381.565
467.176
472.057
427.523
711.447
297.192
376.613
188.291
356.256
569.643
427.494
520.061
481.795
490.28
627.498
509.907
282.23
566.694
893.424
355.456
517.44
294.085
393.144
374.817
540.788
1899.81
504.708
411.345
250.221
405.226
769.27
416.236
643.107
391.325
385.858
532.797
398.385
105.783
597.995
405.483
429.371
762.64
266.426
395.45
427.76
444.567
607.328
240.201
468.355
785.268
658.724
481.595
484.474
181.09
640.487
466.963
437.066
754.822
483.341
426.435
238.03
437.077
419.311
358.717
612.083
631.778
631.491
424.059
326.538
912.491
326.813
222.121
399.665
83.0886
452.258
446.754
228.953
407.608
113.185
320.573
610.487
740.269
116.599
296.624
603.481
618.29
819.822
178.505
491.588
677.929
132.702
440.174
647.079
270.269
463.559
365.372
183.941
541.364
246.789
416.593
322.532
341.567
730.925
264.431
669.599
260.593
170.709
563.259
428.024
780.691
375.966
639.81
147.995
537.968
626.765
443.34
429.283
338.404
471.109
226.443
632.483
411.23
328.825
334.439
445.758
528.934
494.309
319.623
554.24
559.217
425.161
93.7116
577.532
443.135
382.722
238.565
94.2947
109.396
178.546
407.278
92.4887
526.88
655.654
494.027
196.242
277.89
791.972
437.407
194.219
752.494
679.29
474.433
321.008
244.077
704.99
238.107
355.519
278.931
656.372
436.857
184.003
228.181
648.194
762.923
572.206
229.895
542.673
70.5022
436.954
376.931
531.21
861.09
162.247
78.7705
1347.81
724.29
410.848
618.805
1532.4
726.377
239.125
259.357
354.089
134.227
746.382
346.826
735.139
295.816
722.737
385.763
700.434
385.066
502.553
1921.94
736.277
314.009
834.178
238.909
506.46
365.581
180.859
176.882
719.832
636.036
403.06
796.82
333.588
377.036
614.098
1016.19
1222.76
448.433
198.74
657.464
249.054
98.6132
505.144
585.972
319.483
362
603.779
545.33
532.648
639.939
388.835
775.374
341.363
374.813
669.223
544.306
681.906
366.216
1489.41
748.675
745.334
351.163
268.818
229.29
702.322
769.692
387.054
757.311
622.365
285.078
401.025
538.874
275.497
421.591
390.472
524.921
86.2183
335.292
417.54
654.386
592.012
272.395
577.029
380.786
609.977
606.449
743.67
809.547
405.226
712.743
803.112
610.667
573.184
507.383
587.319
580.4
261.537
689.246
568.408
2030.51
608.438
549.013
215.056
535.961
2271.55
655.493
528.46
578.218
464.459
517.239
305.475
604.765
404.664
847.701
477.235
499.195
535.647
534.694
358.052
630.903
960.307
659.596
818.565
720.816
532.95
220.334
254.482
258.599
650.145
532.888
907.597
223.269
443.845
299.823
226.093
523.408
294.278
285.727
476.678
235.116
478.091
318.097
469.398
447.117
464.831
641.383
541.216
655.319
1680.58
548.213
665.885
206.641
255.069
532.967
923.539
278.592
760.03
245.929
267.026
720.355
1282.75
1239.24
378.416
640.721
445.006
422.08
318.289
1447.04
453.976
238.583
531.721
742.791
652.796
772.393
505.114
428.257
195.903
494.638
127.802
1673.86
303.56
544.389
653.957
84.0001
88.0311
733.407
405.054
466.867
120.316
769.358
125.919
109.978
90.7088
585.393
128.894
190.804
902.608
273.281
1025.89
615.209
1365.29
526.227
611.437
741.743
507.48
1684.7
432.246
82.6309
545.013
642.717
545.439
512.532
453.347
456.136
599.045
942.564
1239.88
706.054
759.842
664.495
477.151
529.26
562.349
563.128
362.617
547.737
598.578
201.079
460.909
518.413
611.167
295.71
298.482
788.833
107.52
535.155
445.293
608.966
148.803
569.806
557.209
670.51
299.002
85.4723
84.9075
679.298
544.825
186.973
858.187
274.439
663.287
288.962
503.323
600.436
642.797
587.586
610.1
590.552
175.547
553.003
637.321
111.628
686.498
131.608
312.091
267.222
603.145
296.275
302.961
750.772
499.886
640.381
256.203
615.037
309.614
596.664
826.577
410.205
408.044
773.481
1428.78
507.087
393.199
768.217
633.775
803.618
569.346
509.732
367.442
850.821
831.604
764.335
512.434
489.134
813.18
686.416
350.59
365.505
349.048
745.649
286.431
397.645
524.382
1548.31
488.107
318.287
777.299
300.2
833.128
2072.27
597.491
720.043
81.7659
928.294
859.058
76.3987
754.255
226.077
613.563
191.923
865.657
639.503
755.336
908.406
771.1
531.435
573.717
717.435
371.014
500.173
446.234
326.926
873.923
465.653
113.914
189.887
301.245
192.456
113.364
872.525
896.364
654.655
390.7
837.225
274.253
1302.05
385.568
243.19
289.489
764.347
665.109
638.86
678.746
220.061
83.8461
252.389
331.324
376.075
354.056
935.424
325.729
267.177
640.76
501.491
499.984
321.208
326.244
814.824
687.734
377.844
542.475
465.069
452.32
535.416
452.442
345.315
350.455
397.325
316.396
235.885
760.903
636.289
794.208
488.841
438.38
235.74
381.259
366.641
798.139
336.022
742.839
791.848
800.864
806.9
249.129
416.234
181.532
355.732
780.599
671.672
380.394
710.106
255.472
651.418
672.198
657
607.319
236.329
733.931
482.744
394.99
760.906
434.76
640.383
680.205
411.38
786.034
635.675
321.232
352.411
314.999
613.781
624.373
539.529
566.709
711.412
787.413
695.212
603.636
1516.92
474.515
526.445
586.816
480.58
508.216
702.476
456.429
654.027
449.008
524.813
592.328
736.524
554.278
278.455
476.585
58.9213
553.109
147.892
453.307
743.904
319.26
417.473
489.762
507.644
477.26
410.346
520.749
532.86
397.842
715.199
814.995
691.602
174.647
183.802
618.579
734.714
727.383
477.707
460.506
562.803
893.268
482.826
472.232
476.965
572.84
455.914
213.316
754.389
437.852
699.785
540.596
374.602
889.461
396.444
324.562
745.096
736.832
667.673
254.113
656.189
660.75
605.563
535.46
236.803
682.01
728.847
480.963
1506.99
669.76
360.882
292.501
744.411
138.051
253.44
695.434
658.061
642.072
442.26
404.576
368.699
604.347
670.622
805.596
232.157
817.418
789.07
480.72
300.793
819.496
176.43
488.687
478.454
327.486
317.74
427.789
501.824
469.097
697.362
336.281
326.389
239.736
482.209
1370.85
612.575
390.253
297.488
537.579
746.245
422.926
419.117
784.361
350.55
754.8
155.023
90.1273
234.823
606.122
323.517
388.01
756.943
417.477
796.616
311.514
163.011
814.27
697.931
1407.71
805.269
806.079
928.134
700.808
241.069
764.911
802.765
774.567
570.831
600.688
415.306
231.738
737.532
621.715
894.064
259.121
565.434
515.905
326.236
756.385
376.816
629.405
549.898
567.178
631.352
506.062
586.661
360.927
540.632
400.861
169.412
584.743
555.989
336.984
509.115
538.088
252.111
250.114
624.884
834.544
659.859
789.249
864.567
996.122
348.172
721.244
695.304
562.721
721.232
529.986
386.076
688.693
800.152
579.699
332.629
214.744
622.172
376.173
350.464
397.291
686.55
398.477
426.245
262.357
728.519
623.212
285.352
300.722
330.468
661.205
459.073
777.371
437.664
741.627
448.529
394.493
317.772
607.708
523.385
655.789
614.733
324.25
410.108
625.803
646.485
657.688
557.507
688.306
672.046
784.446
320.019
295.277
83.207
484.803
603.097
625.94
543.608
137.606
542.048
571.858
379.825
570.375
461.637
742.719
739.072
716.34
640.182
737.745
565.447
154.88
360.226
631.943
307.811
529.064
596.281
584.963
613.72
961.181
457.281
429.353
646.574
398.888
574.108
90.9696
371.618
433.302
545.591
137.668
496.821
672.897
697.053
357.641
666.633
755.385
494.289
721.389
122.772
636.7
758.437
774.851
259.412
782.111
613.067
447.764
272.346
644.708
668.807
637.669
669.712
382.781
440.856
337.071
742.906
417.361
202.989
307.192
707.189
605.729
640.888
511.002
710.137
701.207
726.73
678.852
652.745
1536.35
827.319
540.297
836.903
551.622
690.852
572.659
532.641
373.41
772.372
542.257
426.714
471.805
1752.33
879.705
527.462
267.473
523.423
263.368
270.477
653.148
204.061
609.031
537.037
278.163
773.475
356.661
357.536
727.836
721.387
256.218
584.061
490.409
344.532
682.382
588.358
622.249
386.625
350.606
81.3096
634.696
572.137
775.057
575.208
76.116
341.908
551.085
328.414
513.678
549.901
413.849
1850.38
537.431
405.83
722.387
426.066
650.099
427.408
824.423
1531.27
726.319
248.345
494.837
770.659
581.924
253.092
258.128
521.921
76.1114
897.63
878.283
714.164
687.011
231.656
706.152
620.845
838.002
385.95
451.096
337.116
695.483
673.934
772.571
720.114
168.542
681.25
166.477
486.767
523.196
705.135
402.09
487.121
160.364
516.322
760.612
860.701
461.019
105.15
822.46
417.998
694.7
734.95
672.222
514.086
778.727
166.172
761.94
726.453
199.87
760.199
719.173
690.657
936.716
102.819
226.036
593.09
625.508
705.912
745.508
652.83
612.104
711.142
703.436
703.176
491.662
743.108
387.156
1046.81
273.189
561.333
1468.07
720.238
255.907
534.374
221.676
618.085
585.548
1065.62
573.487
604.115
323.292
391.719
595.74
418.767
678.013
566.806
468.6
829.068
540.707
1466.36
460.064
101.649
905.491
502.991
490.363
567.879
914.549
506.281
303.736
450.557
528.757
353.169
1042.85
589.321
914.476
2769.65
567.251
597.696
612.675
575.284
521.522
465.154
886.94
560.741
383.554
637.496
990.284
533.593
545.963
321.134
866.126
1022.92
471.691
345.308
403.563
1714.39
470.604
588.547
883.639
225.256
387.413
524.641
451.871
1028.94
1035.17
683.068
317.654
1006.27
332.679
928.375
518.658
438.652
286.003
183.135
513.041
423.716
490.117
206.276
257.635
637.046
271.342
644.148
534.683
311.995
1424.17
599.91
691.261
704.53
635.947
681.95
351.95
665.405
653.649
366.194
926.85
1344.29
585.174
699.12
391.053
195.477
340.216
661.999
196.457
159.91
414.693
643.18
1398.13
524.749
551.998
522.676
45.9083
548.008
233.851
597.054
509.802
441.39
707.092
795.478
343.052
629.677
468.052
602.829
524.142
592.322
532.165
561.527
752.697
591.63
474.509
597.527
1038.31
80.7805
788.848
534.231
357.58
566.122
225.948
539.757
415.63
774.1
341.439
430.516
1589.15
150.378
1565.9
558.165
584.098
992.59
400.928
467.042
129.212
674.859
619.721
645.728
499.558
572.442
576.479
515.394
393.571
677.968
548.255
414.49
199.601
583.728
282.411
561.679
456.727
576.487
501.605
466.488
288.018
526.683
737.783
729.075
410.874
843.033
796.464
419.145
599.103
566.837
568.075
637.488
569.301
710.133
732.531
891.166
531.256
232.989
364.356
626.194
251.542
761.982
708.313
524.62
624.967
569.769
739.52
353.562
130.053
114.377
632.123
591.569
657.261
707.909
216.798
617.188
245.795
202.623
386.108
787.965
734.542
752.435
704.254
474.867
270.488
575.12
499.018
515.054
431.571
815.177
532.887
302.252
544.931
425.887
395.494
331.825
598.014
133.275
478.774
278.444
155.901
446.959
601.103
439.144
548.773
662.575
544.111
375.769
545.594
568.981
572.065
515.647
518.828
630.375
715.587
563.327
822.763
432.322
781.228
1094.22
458.559
685.327
792.765
728.908
317.864
472.143
294.015
584.582
518.356
748.541
538.925
632.945
516.146
529.728
598.141
155.422
490.16
418.318
406.313
669.225
474.414
405.614
750.077
419.802
653.193
722.17
479.818
800.734
710.853
994.969
75.3875
782.355
676.583
781.022
1460.19
86.579
787.886
520.588
596.603
653.695
652.703
696.36
761.824
458.266
408.253
477.984
667.425
426.876
498.389
563.254
580.36
264.073
385.252
515.491
504.991
330.772
535.207
480.206
510.256
273.681
285.794
431.532
474.315
500.836
417.071
731.429
513.597
804.994
417.806
579.173
315.84
266.635
106.46
699.212
443.864
1970.96
971.139
801.36
623.363
392.451
480.345
1818.96
1658.3
360.391
143.235
387.01
1048
502.899
654.485
607.533
658.163
619.47
268.31
334.842
335.611
652.103
473.512
517.503
509.156
631.112
648.825
320.23
508.183
327.995
126.91
417.071
371.292
150.644
367.832
600.822
495.943
330.021
362.095
699.881
510.823
309.914
595.974
655.861
504.143
654.324
180.503
232.154
453.362
262.083
474.904
482.873
637.07
500.008
162.381
755.944
495.463
457.367
438.306
123.31
619.299
261.92
427.367
514.256
790.705
298.334
451.42
91.04
640.079
434.463
454.819
1638.64
237.085
444.952
1424.95
66.9967
559.611
193.019
610.766
249.682
648.366
124.264
658.959
716.663
469.993
691.789
422.878
526.882
482.541
289.472
486.766
240.945
524.113
561.327
516.089
700.861
412.358
793.009
359.075
615.704
472.483
418.944
310.549
703.521
738.858
310.464
438.937
748.621
584.986
312.46
389.091
390.203
693.096
956.699
320.642
749.146
780.231
513.736
491.576
253.349
644.7
253.847
453.824
431.334
525.557
323.79
580.548
534.527
444.986
564.119
526.931
728.29
354.904
222.094
682.396
493.387
473.214
344.035
715.115
505.566
531.858
776.909
401.501
567.108
813.369
516.118
510.855
273.183
57.5452
557.165
751.561
2236.99
797.718
494.459
726.384
360.08
350.576
520.539
407.784
360.158
406.617
337.409
280.721
660.427
399.62
591.654
362.774
647.292
533.916
465.531
147.169
713.65
402.411
347.162
266.6
405.93
283.32
719.805
561.25
607.407
77.9619
311.775
630.718
690.375
768.312
449.139
561.559
456.171
403.103
673.154
683.191
722.128
242.699
732.329
596.588
803.563
650.198
1045.7
625.124
433.151
658.601
672.185
684.331
391.987
608.68
592.088
688.182
391.957
437.699
625.932
1033.42
399.471
339.642
577.126
546.935
2315.51
370.409
537.438
417.798
412.564
733.927
199.53
745.304
513.293
205.549
622.007
710.084
482.926
228.777
688.884
367.581
524.013
393.752
287.464
285.736
526.591
223.684
260.706
78.7636
85.5129
711.643
271.546
977.504
464.726
481.441
74.9992
1509.58
552.144
152.19
642.031
161.71
550.378
836.615
348.453
782.76
1937.97
493.067
1405.53
471.562
784.397
198.706
735.315
849.368
290.42
653.408
782.601
816.279
721.307
336.434
693.461
327.556
757.422
1921.23
620.42
942.768
826.117
579.698
797.958
1427.77
500.514
828.082
728.047
866.349
907.189
760.7
770.939
866.178
549.046
498.357
2161.44
176.656
509.015
705.945
709.202
1060.69
567.45
600.602
344.161
1709.07
82.0153
684.213
593.833
722.424
700.382
550.32
322.486
562.008
638.415
534.991
843.978
1312.57
714.73
357.347
508.955
126.954
125.597
684.267
739.043
429.215
543.844
692.837
544.961
149.045
539.304
432.578
392.228
289.078
585.089
462.248
444.088
694.251
197.86
573.722
624.053
708.703
554.333
523.616
714.945
882.516
431.288
656.919
1378.56
518.245
568.029
503.44
298.101
254.789
298.724
684.244
708.237
641.005
404.651
254.847
584.863
441.705
692.421
98.8519
524.969
547.095
97.6173
514.75
560.298
716.841
770.296
291.223
287.962
347.429
823.01
68.2404
591.69
267.237
397.764
270.922
640.671
212.476
287.782
183.907
133.485
897.75
553.386
439.967
573.528
431.27
335.481
777.541
203.16
78.6202
217.755
736.007
394.737
91.6015
361.157
516.811
759.66
172.345
535.924
818.464
658.861
761.593
793.819
405.161
142.739
502.159
125.072
332.021
670.663
689.35
220.128
677.135
443.466
936.035
245.731
556.314
229.023
312.859
700.792
332.548
229.528
315.826
521.207
537.552
506.767
521.685
316.302
611.815
563.587
425.008
540.694
276.104
493.836
468.119
1090.94
432.674
406.475
238.725
379.668
423.181
318.466
662.629
578.153
273.622
390.203
356.13
331.847
688.675
649.229
655.911
818.971
809.272
657.763
298.138
395.75
300.173
515.992
484.432
522.896
488.123
619.014
487.385
441.18
91.7596
326
313.747
706.363
255.38
1747.16
583.874
571.46
402.813
528.244
185.699
688.359
270.798
672.469
732.12
523.678
727.627
337.947
300.809
1751.82
176.812
669.956
730.889
653.422
652.476
773.118
288.963
506.815
366.471
163.593
75.5955
301.277
313.464
468.106
70.0924
398.89
541.13
510.21
356.175
252.027
723.09
430.773
423.637
715.752
165.67
502.887
364.872
490.648
274.607
710.008
176.745
346.466
344.329
483.074
279.637
630.842
273.814
81.2772
100.868
416.935
267.49
295.291
645.661
514.252
332.596
245.843
526.757
510.697
383.375
518.508
501.723
684.561
462.963
724.342
280.339
767.847
123.712
630.521
806.065
81.5182
723.981
861.075
251.663
140.607
218.876
606.379
271.599
300.719
621.4
720.792
291.696
183.825
507.28
618.099
485.558
95.1041
487.83
338.377
312.344
515.888
265.8
402.53
390.302
294.708
202.532
589.857
2118.23
767.506
655.838
974.187
689.442
214.491
525.559
236.342
597.952
273.965
424.194
465.161
347.79
717.585
336.23
282.098
372.723
426.26
244.602
111.861
328.447
463.176
398.057
478.831
701.038
127.372
559.223
90.4499
122.117
117.518
179.743
749.618
266.413
365.944
498.061
546.933
644.32
586.526
628.599
522.102
672.534
586.816
625.797
361.998
512.287
402.916
261.099
599.827
566.74
642.938
393.217
566.842
108.303
467.89
487.653
418.693
509.44
450.903
90.1422
372.798
475.473
426.465
301.712
554.393
655.433
416.795
596.831
463.357
547.011
523.316
360.99
335.07
307.611
602.589
236.69
514.379
511.195
622.334
1433.73
528.459
660.716
750.651
524.768
1270.17
455.441
694.529
186.729
521.017
548.361
534.506
731.911
606.258
379.881
411.132
480.059
384.682
749.103
549.414
552.574
702.718
688.481
1285.86
584.792
752.746
527.676
522.417
524.933
559.957
348.959
610.475
566.867
2111.81
91.6492
115.865
517.759
673.164
525.917
214.605
657.095
295.817
274.731
255.548
2152.81
739.368
286.191
445.588
709.065
599.481
301.584
281.548
685.251
889.701
726.109
640.531
252.634
712.544
351.09
631.747
302.766
579.2
581.606
426.252
782.714
622.452
735.651
352.44
476.54
111.873
631.822
224.07
457.244
528.852
512.566
473.195
119.356
524.031
543.662
111.152
130.873
145.665
782.639
122.711
633.26
886.506
436.864
340.336
2321.29
135.589
267.47
127.464
138.579
686.671
485.511
182.934
613.007
656.39
649.891
572.842
562.767
722.201
652.841
666.614
716.958
370.39
587.651
507.815
306.111
139.008
253.617
299.334
213.711
207.948
238.19
569.74
754.593
513.079
524.287
659.49
247.704
312.123
135.656
664.908
308.251
587.619
291.541
571.237
422.219
527.588
311.63
405.313
651.313
452.06
661.773
636.099
259.879
413.403
248.703
600.355
542.96
638.58
448.845
593.722
333.341
762.806
428.704
501.344
119.297
496.661
1245.31
555.225
779.319
807.575
150.654
559.579
534.422
643.644
484.971
370.977
879.939
458.666
1391.89
874.968
494.505
305.926
440.661
537.869
95.4345
428.454
233.033
396.53
496.554
127.068
1583.9
468.65
665.907
850.987
311.137
433.684
168.653
137.706
412.526
324.358
517.753
444.132
366.585
531.52
762.104
264.002
458.768
317.717
424.849
667.619
686.715
291.447
718.629
517.752
863.32
537.623
437.734
520.071
484.833
696.103
1343.34
127.168
783.496
414.545
84.0653
688.22
461.873
690.254
667.476
96.0654
401.566
74.2873
292.511
294.818
722.243
515.616
130.989
81.5864
522.158
85.9319
132.741
77.8104
73.8239
769.289
511.297
80.5513
89.8911
278.958
502.044
439.662
313.483
158.311
518.639
1115.8
295.751
464.576
660.727
301.637
507.757
564.371
680.173
656.826
288.785
610.379
665.162
114.644
534.463
546.386
431.584
512.593
95.9404
441.848
583.479
495.458
610.395
540.377
404.806
320.662
481.687
359.154
186.135
448.667
646.556
426.976
490.134
392.997
383.082
421.436
344.591
377.373
632.14
675.716
554.636
410.105
78.8458
719.797
543.253
554.89
700.993
85.8254
594.127
308.803
287.434
279.774
427.022
443.201
219.293
534.371
337.049
530.095
556.794
389.666
506.412
218.669
1045.08
219.5
514.657
535.585
381.25
1373.93
646.229
492.571
1133.83
463.404
507.127
436.948
874.6
694.104
362.744
321.757
423.946
999.092
938.013
1756.06
537.427
294.12
302.044
637.592
307.328
167.431
321.945
526.407
327.925
539.082
753.229
755.904
441.474
419.424
184.967
726.986
383.58
295.841
291.307
556.871
760.723
924.987
228.452
748.31
510.688
575.693
334.85
163.134
572.961
293.286
733.205
132.594
157.992
668.293
570.923
713.52
733.068
536.653
639.302
509.592
322.862
613.147
655.369
458.398
427.199
404.445
457.394
633.916
218.216
522.243
553.44
521.312
356.006
523.75
470.971
392.861
159.875
262.519
321.296
299.627
687.214
229.905
615.403
598.863
219.773
267.284
482.611
319.427
515.839
912.298
423.219
555.384
489.652
630.97
393.363
284.22
431.099
276.916
616.75
578.991
254.223
430.929
215.095
1010.69
549.399
817.272
574.057
318.446
559.411
589.805
624.724
404.181
1794.29
452.856
467.142
321.646
530.341
493.693
566.7
593.49
388.161
476.669
453.679
476.078
1358.32
468.834
430.705
333.256
309.039
94.0657
272.912
469.376
354.738
146.521
476.871
631.193
278.847
1294.94
980.778
536.532
558.165
680.3
1327.76
261.88
1244.28
392.915
660.253
695.657
900.825
559.581
552.767
393.919
548.699
591.414
272.25
252.26
378.547
202.314
395.363
476.051
413.935
232.748
606.032
735.044
404.107
366.634
377.194
164.103
661.835
105.266
286.426
282.213
394.16
387.407
252.435
224.306
319.435
429.844
590.349
509.067
213.553
441.139
252.805
150.873
265.54
144.79
423.322
418.645
650.797
261.913
475.455
471.974
451.006
531.562
312.717
493.584
980.212
1778.76
383.494
592.573
477.927
568.029
164.081
385.524
537.644
142.251
514.124
332.777
517.091
615.473
511.341
551.091
567.991
319.499
490.119
105.615
485.619
515.82
508.027
734.22
321.898
415.559
290.683
781.63
444.75
592.069
278.377
311.152
280.122
409.055
475.298
453.602
298.129
608.426
614.424
791.997
460.168
496.744
489.175
744.816
269.534
281.886
240.475
95.5346
165.275
274.485
811.444
213.824
698.985
119.423
266.062
736.603
491.839
269.435
548.385
601.403
532.669
122.254
453.965
853.374
703.871
790.627
144.27
320.146
257.307
748.768
805.354
807.244
771.586
653.091
125.541
647.259
448.755
377.699
694.954
379.969
450.769
413.869
648.008
536.555
505.19
128.141
512.162
510.705
576.664
609.947
491.814
579.234
589.347
430.187
445.072
641.986
592.362
1586.34
200.797
726.683
246.155
505.601
229.239
400.873
320.189
488.648
497.129
492.11
320.614
546.645
454.3
495.212
603.448
500.764
635.31
616.36
891.789
532.063
799.244
722.469
439.316
545.997
532.087
704.326
666.563
86.8381
682.311
338.09
100.884
87.3297
147.626
95.75
534.574
304.356
650.382
201.345
78.19
302.77
330.657
303.263
394.338
384.243
295.918
370.51
188.743
324.575
276.558
316.919
305.041
486.535
526.971
549.286
295.32
167.421
228.842
535.533
457.562
2816.04
533.833
383.606
752.315
168.959
503.079
523.809
262.253
516.745
407.052
128.997
727.018
753.491
499.694
496.887
770.519
257.57
759.059
457.718
801.469
323.725
458.581
315.806
856.893
443.476
371.628
621.421
776.983
790.122
279.939
308.596
555.917
399.093
107.579
532.082
455.955
792.46
482.114
474.197
672.698
363.99
411.932
386.342
382.74
333.529
458.729
1478.58
849.783
462.29
1878.77
688.18
913.741
777.181
769.966
501.219
764.726
1454.51
1592.67
497.358
578.934
752.728
234.456
723.394
438.15
786.946
415.918
766.51
833.964
383.015
856.501
707.795
114.258
567.498
711.951
612.196
815.666
746.545
632.06
620.882
691.463
617.876
605.511
166.51
173.198
599.461
457.128
1476.14
632.283
480.465
388.384
402.075
420.796
411.584
629.337
126.853
319.933
470.111
717.105
657.587
738.383
475.343
773.743
393.939
469.502
312.49
433.671
446.928
527.433
799.617
641.405
335.777
517.177
635.919
637.502
548.614
291.862
515.097
155.235
420.186
664.96
606.542
645.228
619.17
635.122
370.436
747.308
551.795
539.182
676.924
558.25
321.344
585.896
542.391
543.989
701.489
723.225
540.238
145.196
382.59
336.829
654.251
442.681
275.187
393.33
350.734
434.645
648.813
612.756
323.429
813.007
232.104
273.051
551.316
146.813
218.984
523.602
739.921
492.157
537.616
544.927
376.725
309.899
599.372
539.732
281.895
580.034
566.766
284.49
274.644
432.483
356.318
350.003
357.34
719.477
1198.11
516.995
679.432
788.159
635.919
535.656
281.633
739.141
380.017
559.546
245.491
164.834
389.359
120.729
530.501
526.068
687.009
633.254
669.925
350.925
656.221
643.853
532.52
688.514
706.96
669.906
571.139
285.554
719.672
663.996
500.151
451.606
662.461
302.317
671.98
499.738
533.648
322.51
480.131
742.402
546.556
505.977
474.53
461.558
838.249
384.693
319.95
529.601
938.912
565.894
535.331
361.504
591.86
516.523
542.68
534.296
521.197
620.064
693.202
727.027
359.309
356.275
2130.66
876.123
314.463
692.33
239.73
161.25
671.671
275.066
743.961
610.86
548.531
611.396
453.652
578.104
577.042
311.462
524.881
690.063
517.937
192.997
728.273
523.304
359.828
513.932
757.511
335.275
380.189
527.355
540.804
329.796
368.974
618.146
530.87
511.226
486.579
549.018
569.935
358.84
452.593
541.168
524.354
631.989
380.735
731.786
578.072
701.904
504.316
238.469
451.748
468.162
701.713
716.292
458.878
810.665
742.853
620.202
519.371
672.534
693.207
622.889
791.698
693.904
673.727
537.909
496.549
654.971
496.115
595.862
260.197
1868.3
579.732
539.68
568.32
534.689
427.342
533.994
485.529
779.749
366.805
438.202
466.956
289.383
757.423
522.349
775.407
484.541
496.464
751.713
633.713
473.042
504.957
633.536
569.243
404.658
258.028
724.781
672.108
423.526
704.623
530.867
159.208
515.659
526.152
725.373
694.804
627.231
524.534
327.004
608.468
300.343
432.539
582.728
142.593
587.26
619.747
575.58
589.919
578.087
349.403
510.948
577.7
337.324
582.255
517.738
744.954
419.174
705.928
238.03
403.244
741.55
766.965
339.926
326.051
308.027
666.067
307.633
463.999
484.082
199.865
540.663
605.307
238.916
702.409
258.157
535.221
671.748
579.749
481.34
542.843
131.232
535.501
475.897
701.859
718.754
477.205
709.51
540.621
689.4
723.953
227.748
330.709
699.777
716.988
458.963
239.379
625.233
334.981
989.93
915.711
473.079
130.751
562.254
530.581
446.251
623.507
515.583
671.988
538.549
557.932
557.784
438.383
546.402
456.123
530.109
739.185
613.584
740.438
649.253
260.951
689.67
374.449
496.282
493.147
524.827
613.247
465.99
456.246
509.362
276.326
842.102
523.014
560.583
545.436
868.58
784.018
477.48
522.972
537.273
820.826
557.553
254.773
585.534
491.551
602.309
504.588
733.722
506.242
763.527
794.291
474.082
474.403
699.275
1053.54
758.452
752.63
687.901
737.186
803.652
612.775
463.492
977.085
334.753
484.813
377.882
573.075
294.096
568.523
400.72
604.567
187.601
707.436
623.682
614.462
766.142
742.452
313.469
802.255
324.502
645.033
786.562
246.892
660.984
811.738
529.753
115.958
760.887
661.639
632.33
439.812
643.671
698.289
626.302
762.18
531.238
762.098
909.82
767.019
562.101
663.291
1000.7
248.057
816.509
524.177
622.14
925.313
1009.45
748.725
494.446
641.351
477.263
479.593
492.994
597.754
565.394
518.051
413.589
269.149
600.01
344.197
514.395
203.18
642.626
506.963
387.072
487.516
536.336
609.272
804.734
704.898
777.474
799.91
736.307
634.082
420.663
395.345
703.081
469.564
167.819
249.904
586.406
466.949
473.451
476.856
227.443
521.763
535.529
305.005
511.902
527.436
583.72
567.896
488.323
652.094
233.027
803.089
409.704
1806.35
830.723
576.222
805.899
812.454
765.227
296.93
721.24
720.291
781.06
622.147
177.724
514.22
106.918
549.714
509.616
299.745
627.636
774.398
652.869
438.13
546.169
645.437
256.959
467.349
221.378
545.285
226.6
717.834
542.8
534.738
415.183
600.885
608.148
670.06
749.264
617.978
716.423
470.985
241.716
686.425
716.154
603.115
601.497
718.503
709.161
725.144
620.793
687.132
728.102
535.732
471.331
507.822
762.911
536.187
779.105
367.329
500.477
637.924
667.198
320.985
329.982
395.388
107.344
193.555
405.29
134.554
114.177
598.016
319.818
132.661
512.581
136.898
677.512
674.593
660.065
650.788
726.398
535.33
366.001
708.355
674.031
630.181
548.636
524.688
572.414
484.551
433.641
380.513
393.121
570.069
310.622
293.144
191.032
634.451
671.617
731.322
681.606
676.986
728.089
454.434
674.659
245.399
605.916
498.928
626.415
659.272
264.698
733.121
190.867
687.324
160.134
1365.83
259.856
193.322
1394.23
516.295
694.072
475.545
421.524
695.381
568.101
656.984
632.465
540.703
750.835
714.456
565.604
588.971
728.132
581.454
650.361
502.578
574.914
473.835
566.723
638.244
300.018
399.088
305.092
759.719
775.069
399.1
175.952
711.614
756.428
372.54
355.091
236.739
693.739
775.213
657.455
637.359
309.195
529.857
499.179
556.121
494.967
815.182
723.79
480.058
459.244
328.562
317.905
550.155
429.076
682.594
577.702
680.27
515.89
257.596
652.455
538.65
295.756
1556.62
1162.82
650.696
191.937
637.096
448.095
688.75
894.524
316.673
503.018
918.776
419.747
337.087
339.782
339.144
689.128
631.983
384.62
544.964
636.196
241.041
173.653
650.963
243.267
152.153
658.375
177.942
284.584
179.114
659.085
622.721
619.413
334.308
631.97
86.2576
2165.1
60.9373
206.367
177.26
641.301
653.643
288.994
73.8367
587.215
617.336
228.263
415.278
655.305
564.575
183.619
351.033
204.509
410.782
364.359
694.515
701.16
672.218
486.363
292.687
272.465
807.158
391.418
310.588
759.264
225.299
955.217
207.777
266.333
1395.21
1413.25
1249.25
1331.68
516.253
583.523
275.319
619.926
156.738
194.674
668.659
305.522
673.26
517.71
292.564
754.869
522.435
458.012
615.65
473.676
413.964
572.343
454.832
1426.65
1735.52
1429.58
316.411
639.014
1407.86
548.145
231.745
460.891
512.37
452.135
570.245
524.282
742.552
546.806
390.212
422.981
143.938
738.322
866.631
700.438
663.301
786.147
701.259
705.142
644.485
645.748
651.225
702.237
288.096
456.446
236.432
338.952
527.256
477.636
276.112
516.257
1831.04
172.208
408.47
449.912
257.699
406.692
506.657
561.383
648.003
429.998
413.225
266.448
450.696
488.635
703.499
632.706
354.131
698.607
511.175
518.328
631.323
1691
544.047
423.448
735.072
370.689
675.662
611.906
475.171
676.318
502.711
666.263
689.166
651.567
412.014
372.646
311.726
653.425
657.543
421.119
1367.97
854.102
2600.06
697.333
723.776
775.094
1707.02
315.041
345.839
393.811
1758.08
2778.79
315.595
2103.7
742.914
371.697
549.275
649.447
696.626
490.223
689.941
911.353
515.394
2299.62
626.41
485.483
174.357
217.23
208.452
691.412
660.971
547.285
82.8683
535.852
697.292
470.33
857.23
1516.79
708.418
740.253
974.648
205.723
160.215
504.163
680.033
155.469
1230.34
1415.44
203.997
645.011
223.164
2056.91
255.402
222.754
256.812
1377.95
737.137
479.518
304.356
279.935
1931.7
508.893
205.794
198.349
227.283
2186.34
49.0417
678.803
256.028
462.51
433.443
583.653
645.26
592.841
415.276
589.547
465.533
190.625
547.725
268.351
615.492
746.123
1235.54
533.94
428.004
508.24
619.116
464.502
452.898
473.419
494.461
520.84
538.584
142.57
329.619
251.294
183.396
325.735
310.453
606.937
714.327
794.214
660.884
143.668
107.676
113.502
134.852
170.362
447.051
541.767
612.778
613.975
614.694
434.236
273.415
243.315
615.374
534.804
588.207
318.034
404.489
628.301
2045.58
395.14
764.361
90.3847
74.8956
133.275
405.439
76.0422
1231.59
732.101
1710.58
91.0991
79.8224
2092.26
357.229
423.788
475.05
789.971
732.753
410.691
190.171
648.183
55.5996
860.825
479.679
327.013
356.454
855.326
172.007
347.961
402.609
273.433
168.651
858.987
247.654
728.021
670.972
721.263
198.524
650.392
262.134
400.068
632.2
245.27
491.333
215.911
259.154
362.348
302.037
375.795
697.418
346.485
268.671
314.615
830.421
116.175
421.569
393.17
789.012
277.02
557.991
338.375
478.137
223.606
489.251
221.57
781.571
341.6
286.325
533.464
328.233
336.126
141.277
177.929
768.382
1374.65
198.991
1715.49
724.86
697.301
1610.69
1819.06
1890.78
757.338
368.292
250.52
273.819
298.385
652.691
315.614
247.891
398.221
256.372
624.999
259.68
447.793
402.733
430.129
323.895
714.069
354.768
455.841
418.577
520.445
278.411
234.522
249.869
112.702
554.937
647.046
524.544
568.184
722.615
819.701
224.75
501.549
1277.65
476.353
1693.46
271.04
715.939
281.059
309.111
321.25
430.328
299.511
664.139
753.075
550.388
282.972
557.069
654.8
323.985
462.952
396.096
286.211
643.298
650.022
749.971
318.692
472.318
316.082
546.429
625.686
559.217
216.09
203.095
396.945
690.892
563.082
181.985
554.175
408.542
593.005
387.666
502.155
583.102
679.915
543.576
310.661
491.418
130.078
128.274
250.677
462.376
608.984
524.997
612.989
505.217
597.572
445.312
576.487
492.096
232.979
696.703
301.438
239.708
564.071
643.396
300.504
307.794
676.225
513.118
395.423
421.538
484.092
609.08
687.169
565.622
411.518
371.738
901.03
367.516
377.721
857.096
358.287
390.858
747.881
420.701
679.029
376.56
318.192
685.479
501.949
263.816
518.405
154.551
716.887
445.571
537.604
249.334
693.018
434.699
297.137
764.122
618.497
570.818
275.454
241.332
243.126
380.594
227.843
242.7
566.012
662.447
243.876
303.739
178.13
160.648
848.997
481.83
423.7
583.237
735.986
381.864
417.919
420.079
398.653
388.107
541.556
567.975
669.25
522.714
564.185
669.497
123.416
162.773
581.56
626.426
708.792
608.747
572.771
703.994
628.921
182.841
460.948
618.311
538.941
1842.94
619.695
133.114
642.163
834.84
500.491
509.748
548.601
664.662
491.457
642.791
806.647
488.105
497.929
570.978
504.171
526.793
413.622
2214.69
437.74
708.186
782.735
608.993
528.299
66.9225
486.828
226.93
213.778
211.662
315.323
560.158
332.806
636.439
520.598
616.411
1420.8
406.104
796.847
689.889
255.036
446.46
361.433
537.917
527.699
502.319
206.436
672.854
307.546
397.254
414.703
314.895
501.094
1347.39
887.484
360.701
500.509
404.003
507.441
759.886
713.843
358.032
227.714
413.859
381.732
385.513
160.066
314.143
292.023
1559.61
111.969
521.563
120.522
495.513
241.044
523.667
559.968
714.456
712.937
318.468
812.145
778.624
411.887
1082
329.193
291.538
716.862
406.618
433.313
372.949
685.964
408.618
721.919
605.441
253.305
890.563
365.859
683.734
636.658
182.719
620.163
540.136
496.829
293.168
559.014
545.052
511.785
699.483
526.013
352.498
484.027
416.351
230.75
296.198
672.223
446.005
713.544
130.655
437.534
487.771
421.894
624.788
260.87
666.547
663.025
401.691
540.906
417.33
421.969
606.433
498.887
445.843
373.39
245.801
489.555
547.94
423.26
459.513
465.576
621.848
519.785
1925.97
483.633
1187.03
363.452
445.587
256.202
155.162
575.644
471.49
381.315
315.038
433.845
403.861
378.054
450.835
601.425
795.896
376.612
595.184
113.545
790.585
837.723
836.008
748.164
809.827
844.637
349.868
870.233
904.742
643.237
376.431
743.855
816.072
2101.23
1929.12
553.079
774.905
663.442
761.882
705.304
627.791
577.989
532.361
651.986
605.169
625.423
566.515
515.992
291.571
546.024
512.101
91.3868
855.675
507.183
608.884
869.966
551.42
516.108
579.4
475.854
736.211
95.1001
604.756
625.245
717.028
505.216
1213.76
112.517
638.171
1376.65
738.408
247.227
506.229
575.739
312.606
1803.39
1994.51
428.392
269.503
194.411
187.84
1824.62
1675.2
1998.06
917.731
124.978
121.287
1072.55
2117.67
530.026
792.45
719.305
266.304
770.698
258.491
844.549
782.749
670.122
714.984
1039.78
686.322
736.212
513.678
700.966
688.902
639.014
628.181
248.509
760.639
630.231
602.426
267.3
299.162
543.825
259.871
139.945
252.79
203.72
258.768
230.606
698.537
706.614
789.094
809.797
239.768
727.833
770.051
796.146
477.305
625.337
837.804
597.337
1085.77
546.374
534.477
509.409
832.415
342.633
505.634
343.013
507.758
499.361
375.912
726.377
820.465
667.182
508.632
416.628
394.76
718.594
819.489
423.685
720.648
715.196
760.371
690.907
705.119
1742.45
188.495
421.305
505.335
668.156
513.743
494.725
421.169
706.301
306.866
264.911
254.467
278.061
270.626
267.503
359.549
657.678
266.533
592.073
810.282
580.624
752.461
2185.77
343.48
569.22
571.942
156.871
610.496
732.388
609.93
762.472
513.95
606.394
634.645
809.075
668.555
708.968
515.416
803.637
683.895
619.291
560.846
443.538
616.443
652.241
628.235
500.279
202.184
862.976
787.148
1033.37
498.231
197.379
733.754
376.868
318.418
742.522
190.478
289.83
740.787
258.587
1633.79
749.498
456.726
230.491
725.565
451.964
667.325
678.861
445.374
615.58
382.687
323.098
601.186
582.723
581.555
624.775
375.943
590.104
631.353
342.908
510.491
634.217
302.568
466.122
378.752
673.979
701.085
272.094
522.048
704.176
426.28
346.649
273.77
739.421
779.478
726.069
786.766
536.693
162.635
526.159
496.079
524.752
675.783
584.889
611.556
506.304
329.925
728.828
564.192
506.231
650.727
537.986
635.529
187.166
435.41
582.619
406.025
416.62
555.32
305.177
483.063
650.779
521.973
705.997
87.9559
531.896
599.21
613.449
576.678
530.03
394.484
216.254
542.699
1159.26
629.033
737.398
217.727
895.433
576.747
191.957
428.14
1459.87
328.912
727.627
538.252
538.997
1776.64
1445.59
314.627
731.382
457.551
277.168
520.535
368.18
503.24
245.514
410.032
293.188
317.636
350.418
191.85
430.19
235.692
430.365
421.224
644.887
397.73
185.636
625.196
696.372
747.832
554.463
278.235
196.059
296.422
458.704
535.718
486.144
311.435
1326.12
538.227
684.372
539.171
606.767
681.852
568.924
587.926
488.837
619.931
444.679
627.046
368.778
249.463
243.793
250.6
792.178
458.162
375.692
661.555
134.366
585.905
602.989
230.872
727.89
478.801
493.424
525.031
289.973
544.81
544.816
319.535
378.096
400.426
912.471
904.502
173.29
460.487
342.903
270.127
395.198
581.779
370.266
104.318
484.421
114.057
91.2329
281.677
540.167
366.026
506.587
109.559
142.407
400.313
857.078
719.425
189.381
189.372
189.91
310.658
597.932
552.351
390.901
386.498
399.441
500.646
526.597
308.659
326.871
155.121
252.148
1590.33
380.868
513.095
458.629
164.45
323.708
220.712
694.244
48.8967
454.349
437.515
515.608
157.971
184.789
357.315
481.448
293.763
726.294
298.823
650.636
550.38
243.873
254.069
444.364
381.615
271.24
426.311
494.074
564.24
461.907
422.124
1103.26
817.134
757.321
535.261
1149.05
312.01
417.781
863.601
521.597
803.171
768.568
739.924
513.077
510.412
657.385
409.198
1781.55
333.553
272.114
946.483
792.392
694.248
663.724
490.57
412.938
427.154
220.918
320.526
395.389
313.069
560.45
621.191
325.499
634.833
383.883
421.304
460.975
689.383
521.482
492.955
532.748
675.024
594.201
569.411
653.582
540.672
321.085
481.918
757.933
513.173
627.479
515.922
427.08
481.554
553.195
424.921
301.311
476.983
247.93
485.87
437.871
619.554
554.906
425.46
355.633
359.434
542.934
537.126
548.725
541.05
605.008
567.723
641.756
504.099
513.588
789.094
375.711
638.193
557.491
688.175
456.769
817.184
700.893
716.906
285.111
660.278
423.051
796.143
544.662
604.841
581.043
612.367
456.006
447.812
832.336
480.184
493.199
336.142
434.508
734.903
300.143
364.25
831.39
317.503
674.849
730.855
212.924
819.475
306.375
625.468
562.372
86.2243
628.198
744.84
69.4758
493.78
796.838
366.837
492.724
726.362
870.16
674.754
645.012
542.378
629.012
722.466
641.3
925.752
561.423
360.848
631.827
621.549
505.142
348.865
177.684
495.855
685.464
390.709
116.321
650.922
472.236
628.766
141.369
312.565
630.459
668.615
612.213
149.58
502.691
593.747
789.939
180.014
447.651
458.378
209.592
492.358
393.51
192.129
680.993
140.331
478.033
525.262
598.91
530.455
584.101
410.454
601.446
347.134
255.325
114.595
263.523
390.712
689.639
500.326
313.215
291.039
424.474
428.074
317.538
548.259
462.083
210.535
497.728
554.747
217.021
895.892
579.684
443.246
313.074
72.2684
119.58
115.157
314.903
309.217
430.529
435.015
283.856
482.593
270.126
1052.23
369.084
498.628
382.184
1458.18
1108.63
465.416
467.993
274.593
303.257
363.181
176.175
260.98
249.559
681.952
263.814
603.634
796.73
576.036
536
304.025
535.296
743.888
794.062
247.753
382.111
502.332
565.733
773.565
574.284
327.49
79.3716
604.174
427.242
131.432
386.096
429.205
627.346
376.544
574.681
347.154
399.567
652.631
475.207
796.671
504.713
752.776
654.447
324.114
774.847
638.915
743.505
619.79
365.396
481.452
577.856
601.639
262.004
583.56
312.32
787.521
617.427
649.023
402.316
775.024
170.306
423.575
749.842
716.255
501.175
689.906
125.022
620.995
679.489
488.228
167.112
508.425
679.722
764.745
578.295
562.326
613.734
676.2
318.391
242.117
551.32
743.115
725.484
387.6
221.628
644.379
232.65
695.413
631.775
527.383
441.269
367.302
124.92
436.474
654.65
574.505
651.35
202.004
300.742
595.068
640.092
479.451
320.635
198.667
589.955
632.743
398.86
621.988
315.895
522.206
525.991
818.087
551.516
622.071
754.428
542.12
568.731
165.359
124.06
159.82
691.539
122.711
319.55
660.149
369.282
810.136
524.284
814.219
427.438
787.835
360.777
676.227
444.881
417.417
195.481
431.956
760.615
527.421
505.08
459.116
418.003
525.671
537.695
463.307
514.872
429.711
490.973
1583.42
516.23
482.963
501.697
309.005
432.386
481.143
138.406
487.699
737.248
493.572
698.26
124.244
529.701
700.623
183.406
685.776
1056.02
716.045
743.295
737.794
587.763
1617.91
686.252
648.241
314.828
580.619
688.55
312.815
692.203
131.649
737.272
136.672
496.792
470.992
182.324
116.051
292.391
455.526
611.497
492.636
489.392
1020.54
395.821
452.29
505.197
493.49
87.3652
729.965
570.335
752.112
180.066
636.836
271.185
629.675
591.195
639.415
937.539
643.933
233.675
604.849
644.621
692.842
618.149
765.257
625.007
533.925
741.961
428.705
550.83
457.943
626.422
647.502
503.745
508.942
472.6
460.145
724.066
535.404
635.249
659.191
483.548
538.266
389.471
350.621
500.011
255.591
589.662
526.003
600.31
612.439
386.129
444.948
276.949
226.357
913.771
729.969
374.672
254.734
812.748
620.259
526.825
717.768
400.286
560.205
271.632
403.027
363.055
609.397
525.706
523.967
540.311
400.377
731.824
750.773
499.87
403.647
527.7
468.636
289.336
603.808
336.476
547.435
375.006
542.852
542.286
501.668
739.786
482.228
236.973
503.689
502.625
427.578
826.401
572.987
386.603
541.445
227.105
627.579
536.917
496.353
665.009
672.711
153.539
436.394
120.218
466.877
657.858
458.933
703.177
627.426
498.72
494.06
480.346
783.728
487.344
549.74
530.159
611.408
497.768
499.892
1084.72
369.269
268.869
446.034
406.299
802.994
486.008
829.802
812.258
2188.87
800.803
789.286
1798.87
789.309
446.374
836.406
188.364
649.301
767.687
527.268
291.145
763.38
797.344
624.558
633.461
676.877
616.21
221.109
610.674
705.689
497.619
752.846
559.283
540.883
622.649
433.956
202.931
560.086
689.12
312.143
184.788
519.821
513.672
562.716
498.478
471.126
443.039
502.742
627.331
518.013
508.68
462.431
626.552
757.827
648.553
494.615
595.099
335.495
599.031
329.071
491.102
706.818
670.071
584.001
550.228
414.083
425.647
537.708
625.587
630.031
410.992
426.021
676.218
807.204
447.967
637.835
616.105
775.013
782.924
407.534
471.021
502.352
117.664
562.654
679.17
684.98
729.717
158.864
646.948
679.931
267.293
663.872
548.351
583.949
279.074
476.471
593.671
670.274
630.681
613.431
594.369
613.531
666.084
626.814
738.964
692.704
682.04
643.814
212.115
109.724
794.161
684.982
124.025
546.144
703.063
107.306
370.973
95.9798
861.989
689.23
792.655
1012.25
814.371
483.853
856.259
435.873
490.825
802.68
1081.92
1796.46
890.111
822.787
511.008
853.522
743.076
531.988
318.799
530.647
646.312
512.816
707.774
668.593
570.205
582.56
700.9
118.202
127.221
562.294
583.282
517.52
734.658
661.808
116.213
108.508
614.648
781.346
538.125
803.892
203.751
765.683
739.961
546.489
329.981
508.805
523.538
542.294
317.999
467.907
753.394
565.971
717.363
774.576
434.095
676.822
630.174
427.559
656.568
567.753
647.761
621.2
146.647
713.549
593.352
254.885
652.524
663.765
746.76
441.402
705.527
655.899
726.999
571.68
451.401
746.935
664.042
399.994
418.909
790.273
413.743
562.222
664.196
304.484
605.181
405.075
524.433
113.072
773.45
425.835
334.183
777.191
543.452
549.291
635.774
568.887
632.153
195.547
258.945
340.321
368.126
510.753
662.376
256.26
549.63
678.816
679.431
539.757
573.196
335.137
571.959
590.265
339.282
770.463
799.903
818.003
765.438
733.57
636.757
346.089
370.519
672.733
637.265
834.012
771.726
537.152
695.644
662.583
617.581
459.961
553.1
819.392
428.227
453.886
495.16
674.956
654.924
802.497
671.725
290.968
631.029
703.291
241.512
273.672
721.732
734.656
709.943
694.082
795.277
714.352
800.745
)
;

boundaryField
{
    outershell
    {
        type            omegaWallFunction;
        blending        binomial;
        n               2;
        value           nonuniform List<scalar> 
1712
(
726.109
705.376
569.477
619.014
608.747
652.869
704.176
627.503
710.568
583.479
690.657
612.575
628.921
630.968
717.834
742.719
710.853
637.592
627.404
711.248
657.095
722.615
681.682
585.972
597.696
641.351
639.146
628.906
656.826
689.128
701.085
618.146
640.752
705.177
559.457
564.575
473.079
533.94
546.645
508.183
819.489
789.012
444.088
2186.34
626.032
286.871
140.29
125.374
145.602
166.554
188.291
201.079
221.628
242.591
258.491
272.094
288.947
300.143
635.768
716.414
664.662
750.773
647.962
675.716
706.316
653.643
2045.58
2101.23
948.529
2165.1
1103.26
1415.44
1153.52
1589.15
1534.56
1343.34
1187.03
546.429
200.126
155.121
151.121
150.886
156.871
290.42
768.312
897.63
1327.76
1391.89
1344.29
679.29
655.838
640.567
662.922
1988.55
1994.51
754.822
2056.91
2013.28
791.114
842.102
703.291
813.369
495.463
609.93
341.567
417.54
233.722
285.111
164.081
183.941
138.579
152.324
143.668
157.992
153.539
167.819
172.007
190.625
190.867
212.476
209.592
231.736
222.089
243.19
233.573
254.847
236.329
256.636
239.708
255.402
245.801
259.798
245.399
255.325
249.916
256.812
253.89
257.171
253.092
262.004
259.121
266.448
264.073
270.488
268.671
274.408
279.074
279.939
286.426
285.794
294.096
295.87
306.242
307.192
321.646
319.55
653.582
333.341
737.493
689.383
830.421
855.326
764.361
478.033
532.86
555.32
540.652
813.899
736.524
779.01
610.055
721.387
484.579
592.328
546.024
429.844
225.851
452.816
394.338
449.047
457.75
428.029
458.9
410.346
429.353
390.253
428.14
359.154
407.784
329.193
345.839
278.958
365.859
221.048
310.102
231.656
325.735
268.556
269.616
282.786
323.635
286.325
328.233
292.391
291.696
311.726
343.052
326.629
353.546
352.498
353.169
386.498
387.835
418.645
423.637
430.705
449.466
350.878
366.026
2778.79
1658.3
653.148
666.226
609.031
545.608
483.548
391.957
539.715
542.699
685.776
520.445
415.114
1796.26
825.029
340.336
1710.58
197.464
122.711
132.015
156.493
177.694
196.401
210.238
231.738
250.221
259.879
285.736
296.144
317.864
759.842
230.948
692.551
710.837
211.662
1161.55
893.268
432.246
319.826
1291.08
809.827
271.546
162.773
146.233
146.521
155.162
199.06
502.832
1008.32
678.013
977.803
2047.11
1976.82
687.901
689.906
776.382
494.027
537.986
521.197
540.048
506.229
273.77
259.154
236.839
485.483
186.41
117.518
118.202
132.802
154.551
181.584
199.21
226.6
249.682
266.304
281.895
299.823
319.535
768.382
163.662
144.79
180.066
200.797
382.111
960.307
937.606
290.968
306.709
329.981
195.401
139.945
171.912
125.055
786.562
1758.08
112.702
146.813
1590.33
1067.23
702.958
259.357
174.192
153.491
183.752
179.813
183.167
901.03
113.364
371.014
336.434
82.0384
192.997
761.593
278.411
189.887
847.701
111.861
134.554
147.428
118.657
129.212
667.425
184.788
196.457
120.316
128.71
220.334
166.172
191.032
275.319
555.642
297.137
475.854
318.418
294.085
298.823
315.895
309.195
302.448
313.973
344.439
370.436
398.653
233.675
249.559
625.124
401.025
538.874
311.514
414.484
114.644
312.999
246.491
638.167
598.491
82.084
93.7116
88.4509
90.7088
102.819
81.5864
80.5513
82.0153
85.5129
85.4723
90.1422
330.683
128.595
155.023
116.599
511.002
239.736
299.46
430.709
408.542
499.361
777.181
2003.63
706.363
1213.76
561.665
936.035
937.934
862.012
891.115
769.743
782.639
513.95
560.846
335.292
356.261
230.606
246.789
176.812
198.524
179.504
203.997
196.059
224.07
209.77
213.824
238.094
238.907
264.698
266.426
289.489
290.683
303.739
309.719
315.524
322.862
319.832
328.238
319.483
326.926
322.486
341.375
310.453
320.635
313.069
329.011
308.251
320.985
312.859
315.806
312.32
313.469
314.99
313.464
317.538
315.323
323.292
319.933
332.548
326.919
344.161
337.409
358.84
351.163
376.534
366.001
393.199
380.513
403.027
399.471
658.157
416.628
483.063
524.881
639.939
457.034
319.26
375.769
312.815
313.442
338.375
324.25
327.013
339.144
336.281
337.087
344.591
332.777
341.363
320.849
362.836
288.785
357.03
260.87
335.777
258.945
287.783
276.326
314.143
284.584
312.344
287.434
308.803
288.096
307.633
299.845
316.157
301.311
315.54
296.275
307.641
283.32
287.675
262.663
275.187
238.565
235.828
259.412
329.071
330.468
537.909
704.53
700.438
760.723
243.267
268.351
905.491
929.909
928.375
537.54
321.296
330.709
341.127
702.912
443.99
254.622
806.9
528.419
481.595
515.992
654.597
430.516
406.997
391.325
113.072
530.026
320.189
124.264
275.029
321.008
291.571
573.303
178.414
254.482
176.175
285.554
511.195
935.424
724.342
719.425
388.107
381.303
365.505
397.743
236.166
193.019
116.541
533.306
452.32
812.258
116.175
767.506
150.873
196.091
445.758
486.363
132.741
487.117
545.439
533.099
437.74
442.533
535.331
511.812
462.277
473.676
308.14
730.048
733.602
798.785
541.05
537.126
704.99
740.253
430.773
642.791
521.973
196.375
368.981
449.008
513.743
98.6132
226.077
331.324
817.272
212.115
375.151
563.345
176.745
371.618
310.779
310.49
505.335
344.532
349.819
438.937
417.477
457.244
376.868
498.357
464.353
303.257
332.629
241.044
301.245
170.306
710.137
803.652
464.617
351.95
366.641
150.378
251.542
908.406
938.013
576.222
821.284
504.708
452.643
320.642
390.49
252.117
287.833
264.431
281.633
291.223
304.621
312.01
327.004
349.608
361.318
380.017
386.129
400.873
400.928
415.183
413.869
421.911
420.331
419.802
429.215
419.747
427.199
418.889
427.554
418.003
425.46
413.935
423.7
409.198
419.311
404.658
413.225
400.068
408.253
395.423
402.075
392.228
398.477
390.709
396.444
393.121
396.945
398.888
399.994
406.618
406.313
417.798
416.351
430.529
427.19
444.679
441.269
453.976
451.871
460.975
795.346
183.406
445.006
453.824
462.083
390.203
412.938
417.473
424.849
416.234
426.976
401.501
425.008
399.088
413.859
376.613
403.563
368.887
393.488
366.372
383.758
366.805
379.589
360.848
377.194
376.612
376.431
382.184
386.342
383.554
390.712
379.825
386.076
355.633
376.544
327.995
339.642
365.581
397.645
756.943
774.1
320.573
356.006
345.814
363.452
452.882
762.923
524.641
764.122
114.057
143.938
431.532
263.814
217.021
249.334
652.745
373.054
386.625
179.743
141.369
426.245
137.706
242.987
234.456
435.873
255.38
186.135
349.609
352.411
92.7521
109.782
748.164
812.145
354.056
368.292
381.732
321.232
406.104
327.49
464.91
477.26
366.585
266.635
91.2329
463.176
627.346
524.017
526.159
457.943
314.463
351.621
172.815
167.815
432.674
87.3297
91.6015
402.609
434.645
202.623
137.789
198.74
134.227
492.358
477.151
523.36
423.685
375.912
484.803
328.447
541.556
509.732
540.906
837.225
226.036
377.699
534.506
407.39
421.436
405.19
745.196
391.719
393.144
886.94
385.156
399.093
421.538
491.814
238.469
912.471
802.493
491.576
427.523
488.837
478.454
462.376
471.331
739.52
390.459
794.062
450.835
883.639
904.502
449.318
800.864
739.155
831.604
478.801
491.588
532.165
535.207
752.494
475.298
889.701
902.608
803.12
873.867
693.096
769.289
608.993
663.105
560.158
589.547
540.33
562.008
536.917
553.197
532.748
550.388
527.947
543.576
526.793
537.037
523.809
535.404
524.013
532.669
527.256
535.33
527.421
535.961
526.013
533.916
521.563
530.867
520.883
527.433
515.583
524.327
510.412
517.239
504.448
513.077
496.644
505.566
489.555
497.728
494.446
491.551
487.255
493.584
480.059
486.579
476.871
481.298
474.414
476.051
484.092
484.082
496.554
493.693
515.839
508.893
91.7596
498.231
461.131
477.263
460.528
475.171
445.843
487.771
435.41
466.925
427.948
452.41
420.663
457.367
412.014
445.587
414.703
442.26
428.454
446.374
428.074
448.845
434.236
447.793
447.642
447.812
468.421
499.558
517.036
493.424
460.891
460.506
454.3
457.551
531.858
458.629
457.718
735.139
858.987
687.734
739.608
759.956
505.217
255.069
377.721
514.156
526.597
328.912
462.431
478.774
445.293
528.299
525.559
546.166
492.724
167.431
248.057
466.122
467.993
473.919
460.665
493.78
433.845
466.867
669.541
796.143
614.648
446.234
443.321
469.993
460.711
501.949
502.332
504.163
532.52
499.195
310.658
115.157
157.339
913.741
502.159
478.491
499.572
459.073
522.435
834.544
473.214
140.548
275.066
176.656
458.581
508.216
499.984
517.753
518.658
366.837
784.361
443.135
465.576
464.459
836.008
786.034
513.588
688.175
604.841
439.479
465.653
410.848
515.888
560.405
864.567
796.89
857.096
849.783
663.724
414.49
790.585
654.655
501.284
472.483
573.485
477.068
609.002
506.815
521.597
524.827
646.453
492.055
444.132
513.041
642.639
664.96
643.853
518.405
849.239
830.723
823.01
837.912
782.735
804.994
744.114
765.257
714.641
731.322
689.35
704.898
661.808
673.154
651.418
663.287
645.728
657
646.99
654.068
650.788
660.427
639.996
650.022
631.775
639.81
625.007
632.483
618.805
625.8
612.742
619.721
604.765
611.632
596.493
603.145
585.986
593.413
576.664
583.56
567.723
574.35
559.283
565.604
551.028
557.268
545.33
549.959
540.707
544.81
536.532
540.311
534.544
537.644
534.463
535.46
534.991
537.623
512.162
543.79
553.003
605.008
810.665
505.114
509.819
490.119
511.341
482.228
503.689
475.473
480.597
486.766
480.963
467.89
473.835
459.116
476.856
476.678
490.134
469.398
478.091
470.604
481.687
483.853
527.684
520.749
516.089
591.69
554.937
591.01
570.851
547.725
562.803
462.952
497.929
829.802
606.937
484.813
541.13
769.091
704.048
309.914
720.648
717.435
482.217
526.882
498.887
615.234
249.904
517.863
526.56
554.333
641.383
625.245
674.849
535.533
547.072
791.698
550.32
633.394
745.508
511.226
570.923
727.279
817.418
797.344
794.214
532.95
540.788
547.011
535.261
522.048
524.382
523.667
769.692
628.198
625.468
623.212
523.538
531.865
537.695
765.683
521.017
302.961
567.975
537.427
873.923
533.994
465.531
381.615
806.079
760.77
731.911
506.46
722.17
654.324
611.408
866.349
836.406
816.509
532.647
723.801
738.858
805.596
726.986
520.598
466.211
604.094
389.215
497.768
528.244
498.72
868.882
832.415
789.07
775.233
567.879
807.244
802.994
794.44
802.497
783.728
790.705
774.567
780.599
765.227
771.1
754.593
760.906
743.67
749.618
733.704
738.964
725.023
730.801
715.199
719.548
707.909
711.412
700.434
705.689
692.704
697.418
684.372
689.12
674.879
680.205
664.908
669.925
653.757
659.49
642.031
648.172
631.353
637.359
622.172
627.498
611.815
630.231
615.19
620.747
604.115
609.753
593.352
598.141
585.905
589.955
568.101
582.255
564.769
578.128
566.74
568.029
566.709
628.301
605.307
542.257
558.584
565.733
526.683
508.535
526.152
519.821
523.602
509.703
513.672
495.458
496.744
510.178
514.126
506.767
527.268
524.031
795.896
736.277
515.394
530.87
796.146
578.087
621.848
592.348
696.754
739.072
713.52
853.302
346.089
728.847
856.893
796.838
819.475
791.034
831.39
793.009
541.216
546.489
542.852
624.724
410.108
516.272
520.698
538.266
838.002
518.92
515.632
743.505
722.737
576.479
530.501
879.705
609.135
770.296
863.601
853.265
579.234
575.986
824.423
799.617
730.925
708.968
689.889
619.926
625.803
827.188
647.003
647.046
428.227
529.986
542.8
544.389
735.044
640.248
749.103
722.443
638.415
667.182
836.835
832.603
559.636
646.731
606.449
573.722
558.25
539.757
488.105
727.383
738.542
717.028
843.033
836.903
825.144
833.128
814.824
819.701
792.655
811.396
802.765
807.158
789.939
800.152
763.38
782.749
755.336
772.839
761.824
765.682
753.491
757.321
743.108
746.545
733.927
737.248
725.373
728.265
717.473
720.82
707.774
714.024
695.434
703.871
682.308
689.639
670.622
676.218
659.085
663.996
652.103
654.251
644.7
648.003
637.488
640.092
630.021
633.325
622.433
625.686
614.202
617.188
605.563
608.792
496.405
604.007
603.634
569.977
655.654
666.263
650.099
543.975
559.621
536.562
526.757
534.296
538.088
489.134
527.676
658.724
548.008
661.639
545.591
699.212
559.546
737.745
834.012
838.239
738.731
660.065
710.133
741.818
815.666
749.782
753.229
559.223
770.051
568.887
542.843
737.383
843.978
599.045
592.322
589.919
600.602
597.054
619.291
631.822
570.335
659.519
630.375
520.071
556.794
734.22
702.784
821.743
790.122
736.832
733.536
549.714
586.816
593.49
848.997
782.924
834.169
577.7
575.12
531.435
728.908
565.434
560.168
617.876
583.122
573.196
724.29
833.964
693.977
714.352
629.337
589.857
823.764
832.997
814.371
822.46
805.354
811.444
795.277
801.469
787.517
784.018
758.027
775.213
757.511
757.827
736.212
749.971
738.383
741.35
730.889
733.754
723.394
726.333
709.748
716.292
701.713
704.326
690.375
698.289
687.169
691.261
669.223
676.877
654.971
660.716
657.688
662.629
651.986
649.253
630.496
646.281
644.2
632.883
637.046
639.503
630.459
632.743
624.38
627.498
616.75
620.259
650.636
638.58
628.235
780.691
542.416
556.121
550.228
551.085
680.337
561.101
754.389
732.753
727.89
781.06
772.571
770.659
762.911
707.436
764.347
704.087
800.745
608.148
603.115
741.949
739.368
743.961
582.723
584.001
803.892
762.104
856.501
603.636
611.556
630.67
643.237
740.327
722.243
706.818
728.519
564.24
649.023
707.638
707.795
568.958
546.845
564.119
649.593
583.102
570.205
591.569
805.269
715.587
731.038
722.387
749.264
773.45
671.988
682.01
814.995
579.749
818.003
662.122
725.565
596.588
600.771
615.799
613.563
722.992
738.408
756.428
631.909
731.824
746.935
717.363
711.951
678.861
685.453
706.054
695.212
707.189
696.897
693.018
701.207
678.816
654.485
652.094
639.127
638.244
653.957
628.766
635.22
622.153
637.502
624.775
632.465
614.142
621.738
611.167
614.424
599.372
572.987
695.644
711.643
762.472
715.115
697.053
655.35
657.858
708.964
584.889
681.95
694.7
606.158
652.455
618.624
731.382
703.654
628.154
721.732
725.559
716.958
666.563
682.382
605.181
572.414
620.163
669.76
641.804
695.381
678.299
700.808
572.659
734.714
742.906
706.96
783.496
618.26
631.943
722.331
665.396
723.09
749.498
644.485
662.376
698.816
660.75
591.86
615.209
631.97
655.861
688.832
630.718
636.931
617.336
679.431
711.614
722.466
712.544
593.005
616.565
621.988
635.919
652.83
650.922
634.696
644.148
619.413
631.778
566.42
664.66
619.17
)
;
    }
    shellend1
    {
        type            omegaWallFunction;
        blending        binomial;
        n               2;
        value           nonuniform List<scalar> 
107
(
1218.13
1970.96
1633.79
1427.31
507.48
404.651
350.136
354.608
272.912
266.977
298.724
288.994
322.256
261.442
266.533
284.365
344.691
313.215
332.596
403.861
581.779
1072.55
1413.25
1820.97
1347.81
1312.57
1850.27
1343.34
1187.03
893.268
546.429
319.826
200.126
162.773
155.121
146.233
151.121
146.521
150.886
155.162
126.91
199.06
502.832
768.312
1008.32
897.63
977.803
1956.01
2299.62
1850.38
1536.35
895.892
1060.69
578.371
450.754
375.303
342.903
311.775
298.129
346.826
347.429
301.355
291.97
305.298
338.09
360.391
400.04
529.064
381.25
401.153
471.49
794.161
1395.21
1526.72
1925.97
1291.63
1476.14
1309.99
455.914
1919.4
1133.83
930.466
595.184
429.556
245.191
121.287
118.228
114.595
95.1001
95.1041
109.354
549.56
773.118
980.778
2076.96
242.699
290.42
157.804
97.6173
156.871
659.596
677.574
1331.68
91.3868
168.457
853.374
131.432
)
;
    }
    shellend2
    {
        type            omegaWallFunction;
        blending        binomial;
        n               2;
        value           nonuniform List<scalar> 
107
(
288.469
525.132
614.733
641.703
634.217
706.301
601.186
562.349
537.869
550.378
446.944
408.618
348.707
314.871
411.887
398.804
415.278
426.944
501.824
465.161
471.562
496.821
485.796
504.713
513.932
526.591
516.861
427.056
417.071
381.565
429.844
452.816
449.047
428.029
410.346
390.253
359.154
329.193
278.958
221.048
231.656
268.556
282.786
286.325
292.391
311.726
326.629
352.498
386.498
418.645
430.705
350.878
449.766
643.445
726.214
580.619
622.763
552.351
524.287
493.067
469.376
433.313
369.823
395.821
420.374
436.394
457.412
454.849
489.392
488.841
520.535
500.646
565.106
596.309
483.253
426.057
521.89
302.568
541.046
636.289
390.845
381.259
377.595
370.52
339.782
238.725
225.948
187.84
227.714
223.81
234.823
301.712
309.614
345.308
376.404
288.018
406.205
291.538
219.056
254.467
279.029
380.686
315.041
198.706
395.44
241.041
422.926
)
;
    }
    inletshell
    {
        type            omegaWallFunction;
        blending        binomial;
        n               2;
        value           nonuniform List<scalar> 
62
(
2486.36
803.637
645.748
857.551
1094.22
977.959
1109.72
1058.65
844.549
672.185
818.565
1428.78
1431.93
1407.71
1445.59
1449.84
1429.58
1389.71
1398.13
1198.11
2600.06
1045.7
784.397
1199.86
739.877
699.09
703.775
836.615
701.259
809.075
767.492
1214.27
1664.49
1421.14
1426.65
1420.8
1937.97
973.203
1399.7
1422
1377.95
613.805
719.477
728.047
721.389
640.079
1230.34
775.089
632.14
606.394
807.575
907.189
610.487
1407.86
1374
721.919
703.994
733.597
636.7
893.424
1317.12
760.371
)
;
    }
    outletshell
    {
        type            omegaWallFunction;
        blending        binomial;
        n               2;
        value           nonuniform List<scalar> 
62
(
708.792
2242.11
583.72
640.721
686.715
742.914
757.933
714.945
2315.51
602.589
644.307
665.032
616.411
1921.23
1565.9
1590.86
1358.32
1607.45
1556.62
1450.14
1447.04
1239.24
1707.02
639.014
666.811
672.698
675.662
680.173
695.6
1489.41
1617.91
1459.87
1548.31
1506.99
619.116
649.891
1282.75
708.703
683.068
684.496
1424.95
680.993
679.88
678.501
669.684
692.421
693.461
640.381
703.499
1367.97
618.085
1638.64
630.97
647.502
759.886
1162.82
695.657
697.333
1339.91
620.42
1542.92
703.176
)
;
    }
    inlet
    {
        type            turbulentMixingLengthFrequencyInlet;
        mixingLength    0.007;
        phi             phi;
        k               k;
        value           uniform 44.0508;
    }
    outlet
    {
        type            inletOutlet;
        inletValue      uniform 0.2;
        value           nonuniform List<scalar> 
24
(
1516.92
1565.9
1590.86
928.948
1617.91
1607.45
887.484
1556.62
1459.87
894.524
1450.14
1447.04
854.102
1506.99
1638.64
895.433
1716.63
1316.69
713.843
674.859
726.377
678.803
711.447
746.76
)
;
    }
    shell_to_copper
    {
        type            omegaWallFunction;
        blending        binomial;
        n               2;
        value           nonuniform List<scalar> 
2820
(
420.905
332.806
288.469
641.703
595.12
315.84
339.634
653.789
709.781
558.072
212.103
703.019
192.435
700.5
194.618
1801.78
666.107
306.194
680.974
440.894
815.286
639.935
724.88
794.526
206.7
690.246
811.862
482.644
410.689
351.217
402.159
382.029
651.05
452.555
247.774
292.19
508.876
701.271
828.556
604.927
246.612
248.323
321.399
750.699
320.446
724.281
407.928
530.826
354.608
817.843
233.7
291.303
293.935
444.532
608.916
606.492
230.512
537.671
315.591
624.958
625.979
123.196
536.557
339.606
233.727
636.811
542.146
662.908
636.299
639.998
633.044
643.974
679.244
449.405
704.646
712.214
330.938
287.949
541.546
349.767
364.568
323.192
174.096
1023.92
575.071
687.086
291.904
994.948
125.92
596.594
576.146
1016.03
166.095
120.169
351.105
294.865
150.428
728.086
634.925
191.828
756.604
575.782
1795.79
427.414
255.023
725.418
441.474
810.908
722.582
730.51
575.384
749.102
810.419
353.579
115.109
831.64
301.637
260.897
565.023
179.997
331.787
292.502
755.657
339.063
132.647
693.756
627.515
407.185
612.551
408.307
687.114
650.99
311.608
419.172
499.121
255.793
670.313
285.792
629.64
652.432
528.304
699.65
475.737
630.536
602.316
289.001
630.805
799.313
641.243
521.411
625.697
196.486
930.218
275.683
590.544
914.402
195.232
479.396
232.61
311.552
239.529
352.605
558.356
272.286
645.156
322.256
689.668
529.624
622.291
156.694
545.968
146.66
745.671
244.469
687.732
368.422
670.367
687.878
122.259
344.677
761.479
745.373
631.489
2101.77
539.798
871.697
2233.33
319.106
82.9599
638.614
83.835
284.365
554.414
431.469
569.813
337.201
455.241
497.734
839.739
467.103
572.798
424.197
564.466
516.861
563.005
211.759
481.876
209.68
558.071
541.297
499.407
685.434
650.762
314.871
689.1
503.573
648.613
691.202
691.03
775.62
553.372
389.151
775.607
344.691
313.337
280.997
617.176
659.488
347.87
355.394
531.37
440.582
616.718
296.904
567.991
318.347
571.099
716.118
646.081
347.371
658.573
580.071
579.795
194.147
666.748
340.695
299.085
138.363
256.958
354.669
638.108
305.106
268.54
498.319
112.955
378.486
674.804
1325.24
431.881
279.029
695.588
365.337
702.596
418.57
275.547
269.19
1013.3
398.804
230.458
393.439
171.417
572.293
446.242
831.395
577.984
717.082
609.038
352.425
117.944
479.215
165.097
311.278
446.944
710.814
442.037
511.671
487.135
514.479
419.664
496.789
314.491
564.831
720.922
414.96
722.878
314.674
317.264
548.593
1338.91
377.285
545.318
250.589
639.615
508.405
367.817
640.332
161.001
512.223
272.435
556.953
553.386
393.33
569.591
773.481
655.493
406.025
450.903
458.963
837.723
584.743
612.756
625.94
300.343
535.529
518.508
626.814
700.966
213.316
285.727
491.333
518.245
552.144
473.776
749.842
413.403
312.9
526.068
1249.25
654.447
455.121
273.415
494.289
660.369
781.571
634.764
742.791
387.508
708.464
114.377
1108.63
604.849
730.889
803.171
686.006
815.366
317.717
540.804
567.178
1899.81
631.461
525.917
849
820.826
602.989
609.272
245.843
535.412
626.707
556.871
643.885
701.038
492.994
492.787
479.593
643.933
522.676
532.797
369.282
535.647
775.013
333.529
504.991
568.523
303.56
501.175
427.08
400.426
496.793
522.349
817.184
414.545
298.724
729.969
496.326
490.117
568.981
206.436
652.476
83.8461
85.9348
738.322
500.477
510.688
283.856
618.29
703.864
487.458
257.596
477.707
775.407
526.88
524.534
266.977
265.54
544.927
277.02
308.659
414.398
400.097
476.339
553.195
665.885
634.833
471.691
480.58
418.767
563.128
690.967
590.841
545.963
662.575
834.84
631.112
579.684
584.863
700.382
605.441
721.244
701.904
639.965
530.159
626.422
374.602
376.816
831.3
631.747
549.291
612.778
616.21
311.63
736.603
319.435
549.286
651.35
555.225
763.905
217.23
641.005
282.098
539.171
637.924
257.699
417.806
423.946
633.26
583.949
429.371
516.118
597.932
620.064
661.205
423.788
360.226
530.03
380.735
315.614
422.878
243.793
463.307
679.029
635.112
637.669
640.888
399.62
398.221
680.3
322.692
737.996
590.349
133.275
546.933
323.985
142.739
131.649
116.051
567.251
86.2243
601.446
647.292
494.615
435.037
203.095
537.438
980.212
411.887
487.83
584.582
124.92
259.856
482.873
324.502
593.06
692.842
423.716
515.416
634.003
476.914
479.679
863.32
716.045
709.065
494.725
797.718
655.369
560.583
196.242
686.498
569.301
574.914
439.812
260.197
232.645
654.924
107.453
634.645
281.059
670.122
802.255
743.855
445.588
642.938
566.867
620.919
443.781
600.166
580.36
385.95
733.181
318.391
137.606
657.385
285.196
311.511
563.498
327.486
900.825
273.681
320.614
485.558
259.68
213.778
415.278
221.378
571.858
681.606
622.334
315.038
650.361
298.043
295.751
549.901
441.848
1048
447.117
649.229
482.114
451.42
703.063
637.096
543.531
268.118
112.517
548.365
544.114
548.361
689.902
448.857
443.039
456.446
517.177
2152.81
624.999
523.014
249.463
425.161
90.9696
233.033
534.683
319.703
513.38
376.075
540.883
767.847
688.481
229.528
625.366
122.254
641.301
199.865
270.626
395.363
625.196
662.583
323.098
586.488
643.396
382.59
507.815
737.783
548.145
542.048
423.181
438.202
427.438
627.231
531.896
549.018
1068.37
1052.23
562.254
421.969
604.174
396.096
583.237
190.804
229.712
735.651
490.825
472.236
874.6
125.919
367.581
739.961
567.896
136.672
304.704
273.051
508.24
665.009
487.121
436.948
861.09
80.7805
86.8381
84.0653
390.901
2161.44
596.664
642.717
694.515
759.059
330.657
350.464
487.344
518.828
1789.26
537.869
380.786
669.497
431.584
548.773
549.74
569.863
447.651
766.51
273.622
95.9798
536
108.303
152.153
530.109
428.704
760.639
716.906
720.291
428.285
551.998
375.711
465.99
397.254
394.16
415.276
606.379
622.147
647.744
464.726
203.72
436.857
439.144
776.909
648.241
565.622
330.772
322.532
315.826
484.551
405.313
476.54
705.135
684.213
468.106
565.394
474.082
333.553
406.985
321.682
404.096
581.779
362.596
714.73
307.611
532.888
383.015
439.316
269.984
335.665
764.745
581.043
787.886
662.461
1890.78
263.816
193.555
109.724
500.764
929.446
355.456
629.549
195.547
678.746
366.501
253.617
198.667
659.191
576.033
96.0654
441.139
635.31
559.968
557.438
443.466
537.724
726.999
781.228
629.012
539.724
659.655
648.183
397.325
891.789
472.143
439.662
436.474
484.555
644.003
471.109
362.511
773.615
510.21
122.117
125.022
544.961
726.069
555.917
300.722
489.251
405.226
117.979
762.098
543.608
494.074
425.647
447.266
638.171
741.627
461.907
2134.2
728.828
545.209
743.499
673.979
694.244
675.849
254.223
622.14
547.245
559.611
513.173
458.398
496.115
513.736
812.276
513.678
370.977
499.892
633.536
754.428
278.377
614.733
589.347
274.731
525.132
715.939
523.957
338.952
620.995
159.82
774.576
346.649
650.696
336.23
413.061
549.414
235.885
483.633
421.224
610.475
427.056
302.807
540.703
350.55
655.319
512.434
441.705
990.284
122.711
644.32
1778.76
289.336
799.414
517.086
540.167
124.06
505.977
370.266
367.516
739.786
599.461
126.853
670.663
504.588
616.105
595.862
271.632
409.055
815.177
453.307
742.522
551.622
523.423
163.065
492.636
199.53
481.795
938.912
779.749
314.615
688.182
516.108
256.959
260.195
304.356
226.443
773.565
480.058
697.362
494.505
121.175
270.127
272.912
602.36
630.521
559.217
116.213
149.045
649.979
544.825
156.738
454.434
400.286
592.012
168.653
512.581
656.221
294.251
452.593
344.329
581.555
651.567
454.349
455.841
387.054
712.937
236.739
358.714
698.26
747.832
319.413
225.965
692.837
572.137
680.792
532.419
346.485
771.454
267.3
258.254
699.785
699.275
670.274
526.407
412.666
270.269
629.675
541.571
635.675
215.911
355.091
634.415
83.207
95.75
851.317
324.358
647.079
627.549
661.835
291.447
246.922
426.311
233.027
227.843
424.059
826.401
819.392
886.506
807.916
495.212
1478.58
924.987
224.522
1820.97
663.291
410.205
264.002
528.346
370.51
160.134
140.331
501.824
446.251
525.923
727.027
417.781
538.549
437.077
634.082
532.341
117.218
781.065
612.083
521.921
248.941
636.637
225.568
592.362
775.374
650.833
597.344
637.265
738.541
727.627
500.008
532.641
473.419
516.23
838.003
212.924
734.146
511.008
170.774
660.984
759.264
1373.93
456.769
297.192
846.245
744.816
635.947
419.714
155.901
880.812
466.877
361.635
158.311
556.314
1515.41
363.181
460.905
158.864
292.501
716.862
173.198
656.793
95.4345
594.201
91.04
321.4
518.639
585.393
338.377
344.989
521.763
792.765
295.291
849.368
81.9163
636.036
746.123
1010.69
203.18
794.208
367.223
236.342
232.989
534.42
508.805
223.58
480.131
405.103
449.912
383.044
218.216
276.949
278.455
394.737
456.726
445.417
458.704
396.96
307.811
256.203
619.47
623.507
566.837
426.021
336.829
328.414
645.271
361.504
645.012
728.089
122.772
486.432
687.22
541.364
577.532
418.909
479.326
81.5182
488.228
568.731
520.539
453.347
583.282
454.832
523.967
580.548
1072.55
354.089
688.902
486.767
681.852
537.708
874.968
742.552
666.067
698.537
762.64
532.967
276.104
376.777
526.448
572.206
204.061
676.924
696.924
224.138
977.085
562.654
752.728
682.594
878.283
202.532
237.085
553.346
606.032
497.129
675.994
702.409
694.251
547.285
285.078
1053.54
496.821
479.013
676.583
794.278
149.487
768.217
547.095
652.631
704.254
528.172
709.202
528.46
705.142
357.58
313.747
622.452
605.916
559.581
548.064
746.245
401.527
615.473
540.632
386.108
365.837
537.152
656.568
355.732
480.346
543.452
434.76
453.164
653.193
256.26
312.717
295.817
309.039
563.587
364.356
438.38
433.4
332.596
563.47
721.307
1509.58
423.26
266.533
613.885
427.408
264.573
1347.81
1218.13
674.632
364.021
140.638
437.534
2168.88
346.185
433.151
565.447
225.206
161.469
604.347
431.27
547.435
541.168
307.188
509.802
254.885
506.231
1344.34
269.149
448.433
548.725
318.468
357.347
253.349
714.394
426.876
364.25
190.478
578.991
484.026
579.698
109.396
394.484
510.823
632.081
745.096
516.146
132.851
170.709
181.532
226.652
586.161
332.679
489.473
522.158
301.584
868.58
175.547
406.299
643.671
655.901
545.594
1633.79
457.311
977.504
164.103
404.651
689.442
870.233
549.63
312.143
549.399
538.227
663.442
260.593
799.903
626.649
600.436
410.874
372.54
1000.7
734.903
490.363
167.112
495.16
650.481
487.31
220.918
517.738
428.024
430.187
347.162
592.53
446.917
84.9075
412.564
527.699
400.861
743.295
476.585
304.356
723.225
90.3847
692.203
691.412
716.841
427.342
654.65
481.143
1024.73
206.367
754.869
718.754
1312.57
782.697
676.2
748.768
257.635
433.302
717.585
91.0991
79.8357
443.126
724.781
722.469
720.238
638.86
630.031
627.046
257.33
526.881
525.706
452.442
440.51
742.452
627.791
374.449
384.62
714.456
567.991
598.014
405.93
1045.08
393.363
487.385
652.796
523.408
296.637
594.369
410.032
671.617
426.944
456.246
775.024
395.75
777.474
584.792
245.795
677.355
485.87
376.56
436.471
292.404
312.123
228.777
796.616
580.658
516.253
465.416
293.188
546.374
494.06
535.501
484.474
533.648
782.355
390.858
148.405
502.578
232.154
581.606
668.156
551.987
443.246
280.122
370.689
267.47
1831.04
615.65
555.246
421.894
564.446
540.218
544.662
529.701
482.963
417.464
509.115
359.828
748.541
269.435
319.623
521.312
387.374
395.198
637.07
367.832
155.235
658.959
810.282
645.26
703.436
730.855
84.0811
399.567
591.63
286.211
675.024
641.756
642.819
538.997
457.281
244.705
496.079
335.137
237.55
643.814
598.578
622.889
540.136
592.299
413.589
697.301
237.884
524.997
817.282
672.534
679.432
408.47
566.012
632.153
641.986
629.033
488.348
590.552
694.954
513.293
613.975
623.892
531.097
593.09
805.899
626.415
545.997
398.152
652.691
612.439
206.276
769.27
1818.96
673.164
476.669
876.123
315.595
800.734
485.511
696.703
410.782
643.107
865.657
1856.08
671.672
772.393
648.366
713.549
727.018
750.077
660.25
534.738
361.998
716.255
100.868
629.677
460.145
419.145
264.276
406.617
635.122
784.288
538.252
803.112
366.216
606.098
593.747
614.075
541.334
180.019
505.144
262.519
718.629
588
596.276
229.905
590.041
523.385
577.856
526.364
77.5054
566.7
510.948
680.585
524.354
658.601
570.069
275.454
664.042
574.284
595.099
809.797
253.968
76.3987
724.86
120.729
270.126
238.909
734.658
323.429
464.576
450.696
1878.77
291.039
611.416
631.827
486.008
465.533
1776.64
551.482
217.221
481.34
787.521
462.51
733.068
461.873
569.346
399.159
561.774
574.505
645.228
579.952
563.726
610.674
571.942
169.956
562.326
549.046
610.379
527.355
622.649
511.175
526.227
470.457
1035.17
932.237
386.096
462.963
490.223
279.657
312.606
456.136
648.553
504.713
532.959
686.568
256.202
255.946
85.9319
562.372
669.599
261.442
2188.87
397.764
325.499
749.146
774.905
571.237
417.311
777.191
601.538
539.68
493.387
127.068
150.654
207.393
362.617
589.805
1824.62
214.491
222.754
426.26
236.69
329.504
354.969
676.318
646.948
280.987
664.396
274.644
683.895
443.201
184.789
387.666
714.069
562.294
656.189
446.959
653.649
452.258
728.29
229.239
81.3096
2103.7
589.321
532.648
809.547
249.471
733.57
371.628
236.014
339.926
258.157
548.614
347.134
256.639
414.729
481.918
316.082
274.857
587.26
292.564
535.732
619.695
781.918
335.495
1012.25
324.575
819.496
607.407
593.671
321.208
386.603
785.268
342.779
362.744
356.256
1084.72
686.322
516.322
742.564
248.299
241.512
240.945
562.415
187.322
575.58
961.181
267.026
356.318
357.34
1756.06
356.275
173.29
86.2183
1084.58
489.101
700.792
380.868
350.455
444.75
305.041
442.681
413.849
259.871
752.776
782.76
545.032
528.852
111.066
582.122
426.066
723.79
160.648
1394.23
611.164
147.995
243.279
719.173
468.162
548.385
719.797
356.175
555.989
644.379
528.658
344.035
784.446
584.098
188.127
474.867
326.538
571.959
349.403
739.141
1796.46
761.94
495.142
589.662
273.965
740.269
635.249
379.455
274.436
332.021
80.9703
292.687
632.283
613.521
507.183
640.76
550.378
289.383
363.325
355.74
291.541
482.593
907.597
396.108
630.174
220.128
750.835
76.116
524.813
107.579
482.744
163.113
471.562
533.925
318.034
635.257
522.972
604.567
250.114
374.672
407.534
726.384
708.186
518.328
104.318
161.71
307.331
486.828
739.921
654.8
736.265
601.403
774.847
613.72
705.945
556.374
352.44
632.06
627.847
546.935
128.997
182.934
618.579
510.855
572.065
560.361
339.282
410.454
553.109
530.48
538.925
533.468
434.463
520.588
421.119
243.876
493.572
370.716
537.909
572.771
114.177
581.56
455.441
405.483
261.099
564.371
803.618
672.733
516.523
744.954
710.084
746.748
648.008
186.973
119.356
124.978
571.139
646.556
204.112
562.716
526.445
529.174
520.776
777.299
660.149
445.072
127.168
558.332
164.931
438.15
451.606
500.836
586.816
578.934
486.479
309.217
512.593
504.175
540.694
238.583
353.51
337.116
530.581
510.491
110.958
490.16
506.281
452.06
672.534
127.372
147.626
198.009
761.882
557.491
272.395
78.6202
683.191
613.067
405.83
684.331
232.243
689.941
769.358
240.475
252.111
265.215
603.848
77.8104
474.53
609.08
461.019
853.522
787.835
517.503
809.272
276.558
187.601
619.264
146.785
547.467
769.966
533.464
814.219
699.881
743.888
700.893
761.982
647.753
665.162
727.978
544.931
665.109
743.904
326.131
737.532
860.131
793.987
654.027
720.816
266.333
410.105
305.177
587.319
402.813
592.088
663.776
82.8683
707.842
271.24
334.753
518.013
814.27
515.616
243.873
350.925
758.452
398.057
569.769
582.68
652.841
348.865
453.965
371.654
535.852
254.069
477.205
482.786
370.409
543.662
404.664
273.672
367.302
445.571
513.079
443.845
553.44
752.63
524.688
418.318
342.547
689.23
559.014
639.415
329.925
633.916
591.414
590.104
866.126
448.529
682.04
660.727
454.819
618.311
616.443
446.581
319.427
599.481
728.132
534.574
522.417
620.845
524.933
535.924
461.262
535.221
429.076
405.29
337.071
759.379
752.435
778.624
828.082
603.779
655.433
792.45
263.523
631.983
479.518
544.816
565.894
353.581
568.029
428.004
368.126
631.323
611.906
404.181
508.164
533.833
581.924
424.474
569.935
501.344
557.224
508.91
537.271
249.129
414.083
284.201
229.023
620.882
636.196
608.966
768.568
466.237
797.958
638.193
540.297
544.964
364.872
668.636
663.301
539.182
444.948
782.601
359.075
558.464
570.245
564.363
611.437
677.135
601.639
563.327
684.98
552.767
400.72
729.075
253.188
252.148
607.708
476.983
597.572
690.063
570.831
595.284
159.208
529.753
635.12
693.739
413.964
559.957
655.548
710.008
612.104
645.661
558.165
420.796
554.393
677.906
411.132
779.765
631.352
744.84
413.952
280.721
760.887
641.405
642.163
519.785
534.689
690.254
333.256
645.011
292.023
720.043
694.104
515.491
761.438
796.847
382.74
652.329
1365.29
332.959
363.99
585.206
681.952
411.932
657.587
740.787
482.926
624.373
260.951
737.272
308.596
674.491
254.789
650.797
223.269
671.169
453.679
246.892
716.154
661.999
542.673
452.856
327.556
668.615
590.759
471.27
673.26
817.134
195.477
431.288
575.115
726.73
688.693
216.798
642.642
728.273
535.416
684.982
508.027
436.06
551.091
531.21
527.383
701.914
512.101
657.775
504.957
506.963
474.904
766.142
552.004
501.491
484.027
658.959
587.763
598.91
411.345
525.031
619.747
395.437
502.899
475.545
583.523
299.162
159.875
407.052
531.238
436.864
460.064
337.947
571.68
634.217
500.514
164.45
250.6
626.765
433.641
365.314
615.492
443.34
375.943
553.451
432.578
534.422
518.356
564.192
426.714
600.822
484.971
125.541
295.71
599.116
272.361
515.922
317.636
1016.19
544.111
310.622
708.237
535.656
484.833
477.305
487.653
543.844
700.808
760.03
416.935
639.657
681.166
614.098
496.518
488.107
679.915
530.455
504.143
468.052
912.373
496.829
267.237
687.132
240.566
406.465
636.836
634.21
417.071
560.45
689.02
540.377
573.487
364.516
403.861
925.752
350.136
147.169
166.51
172.322
562.349
774.655
138.829
625.714
360.777
554.906
686.252
688.359
569.411
266.413
313.113
288.391
289.83
304.484
623.363
551.316
305.522
395.388
351.09
427.76
1028.94
536.187
288.994
280.339
267.503
689.246
615.403
561.423
222.618
1365.83
546.144
186.314
163.134
165.359
548.259
433.443
359.309
534.374
608.984
254.113
2130.66
418.944
505.197
383.375
946.483
110.79
292.53
146.647
284.49
240.201
181.985
211.196
135.656
323.725
424.921
311.217
315.463
905.319
913.771
994.969
594.292
625.423
81.2772
258.21
450.557
443.476
721.263
659.859
205.794
272.346
445.374
719.832
448.755
514.379
417.071
490.28
501.219
491.854
174.426
502.711
577.126
599.91
603.177
701.859
890.111
517.759
612.675
578.153
772.272
536.336
561.383
322.51
480.769
1060.69
163.593
298.101
573.075
197.86
782.714
447.051
737.794
483.074
537.917
130.989
507.087
421.569
468.6
483.859
486.144
560.741
430.129
275.497
601.186
202.931
522.896
585.896
267.222
500.326
657.455
936.716
518.051
684.267
355.519
451.964
475.207
513.932
336.126
621.2
295.32
300.2
500.011
624.558
231.745
348.172
497.358
562.346
405.161
113.502
107.676
739.421
657.678
155.469
617.978
700.993
647.761
362.774
597.527
247.704
438.13
182.669
572.842
285.352
509.067
591.322
584.418
288.963
474.433
473.512
314.903
391.418
496.353
281.548
716.988
420.186
457.562
542.294
459.663
480.555
562.767
554.463
509.616
403.06
303.736
351.908
458.012
523.304
472.232
402.53
427.242
473.042
456.123
526.591
523.196
715.752
577.411
347.79
452.135
580.4
474.509
496.855
341.439
679.722
541.445
216.09
92.7073
722.128
191.923
402.265
181.09
318.799
663.025
340.321
614.694
258.768
105.615
193.322
235.692
241.332
785.193
721.24
649.301
771.726
546.556
566.766
511.297
282.213
465.161
608.884
621.4
653.425
632.123
775.069
818.464
529.728
491.839
575.545
398.385
632.798
569.06
613.584
416.236
534.371
514.657
379.969
728.102
222.094
629.405
583.177
262.134
232.157
205.549
484.541
410.992
676.986
573.717
827.319
318.912
666.547
736.211
381.25
243.126
306.673
801.36
524.921
860.701
669.399
742.853
261.92
734.95
268.818
428.392
452.907
326.813
258.587
249.869
815.182
95.5346
385.066
515.608
793.799
687.009
928.134
668.754
346.466
127.221
303.263
319.499
270.477
530.647
131.608
323.708
419.117
570.818
656.919
310.549
540.238
192.431
266.6
540.234
241.716
317.503
310.037
108.508
267.177
394.493
232.104
280.739
480.206
289.472
792.392
682.396
617.581
542.191
825.996
537.579
432.483
498.061
493.147
879.939
671.98
603.808
404.489
693.904
405.439
267.473
792.46
334.842
308.027
1806.35
515.659
834.178
925.313
862.976
743.115
803.089
198.991
619.554
326
523.616
420.718
453.362
520.061
554.24
446.928
83.1585
105.266
702.718
137.668
335.77
350.488
564.185
217.755
741.55
123.416
344.197
635.919
387.057
122.299
728.562
628.599
708.355
479.451
201.345
484.421
360.701
430.19
559.579
270.922
321.945
123.712
294.818
585.089
413.743
300.173
849.458
826.577
802.68
522.102
220.468
218.669
760.199
544.047
318.289
337.324
557.069
663.765
669.225
650.392
548.255
621.715
792.178
690.907
526.931
672.222
648.194
635.774
606.918
360.927
741.743
610.667
1343.8
249.054
527.436
427.578
566.515
619.931
585.251
672.854
548.601
490.973
548.636
546.386
555.384
640.531
559.411
703.081
580.034
740.438
672.218
748.31
652.352
650.727
618.497
381.565
693.202
354.768
162.989
236.364
247.654
779.105
335.07
307.328
710.354
382.687
300.793
190.171
310.279
247.93
610.86
992.59
390.203
645.033
655.789
312.49
733.205
651.225
195.481
253.44
383.494
425.835
660.884
499.574
451.748
894.064
718.503
458.878
484.432
507.48
252.26
413.622
219.5
1868.3
726.319
318.097
133.275
236.973
258.128
380.189
407.608
348.153
227.748
1413.25
130.053
1009.45
321.25
314.999
170.362
124.025
254.734
458.559
318.466
762.806
420.079
305.874
496.792
688.55
865.817
732.388
273.281
476.078
482.541
474.515
415.559
468.834
403.982
561.333
430.929
300.018
476.353
631.989
389.666
639.014
799.214
512.566
444.17
354.131
481.554
475.343
313.215
522.714
779.379
305.092
366.471
393.571
239.379
402.411
709.51
348.707
376.452
671.725
585.548
404.107
402.916
652.524
385.513
507.383
482.209
764.315
710.106
378.054
489.244
509.409
387.413
1427.31
556.905
450.769
1970.96
448.095
449.139
546.316
360.08
2111.81
1006.27
857.23
816.279
856.259
608.468
130.873
145.665
125.597
312.614
850.821
417.361
503.018
204.373
301.277
120.218
748.725
349.048
657.464
480.184
524.62
438.383
524.113
431.334
518.413
376.725
258.599
531.988
561.679
372.723
495.513
312.719
408.618
220.061
837.804
567.535
262.253
554.89
255.531
377.882
394.623
525.557
375.966
688.22
356.454
251.294
287.325
399.495
562.222
490.404
500.173
597.491
697.292
383.082
694.529
723.953
437.541
320.526
441.18
640.669
570.978
172.208
543.253
1370.85
557.209
370.39
539.757
525.671
321.085
538.125
419.174
244.364
507.441
268.869
734.656
91.6492
319.818
437.734
476.471
252.994
550.155
252.435
530.72
490.409
534.527
531.52
693.207
575.693
420.701
474.197
230.406
199.556
304.025
257.307
149.58
706.152
265.872
622.365
252.489
569.643
445.312
459.961
642.626
563.259
840.948
554.865
419.424
510.256
269.456
81.7659
542.475
271.342
679.298
716.423
359.549
354.738
570.375
501.697
295.277
203.16
889.461
130.192
298.138
437.664
168.959
572.961
561.327
625.233
700.9
552.574
625.508
656.984
)
;
    }
}


// ************************************************************************* //
