/*--------------------------------*- C++ -*----------------------------------*\
| =========                 |                                                 |
| \\      /  F ield         | OpenFOAM: The Open Source CFD Toolbox           |
|  \\    /   O peration     | Version:  2312                                  |
|   \\  /    A nd           | Website:  www.openfoam.com                      |
|    \\/     M anipulation  |                                                 |
\*---------------------------------------------------------------------------*/
FoamFile
{
    version     2.0;
    format      ascii;
    arch        "LSB;label=32;scalar=64";
    class       volScalarField;
    location    "2/shell";
    object      p;
}
// * * * * * * * * * * * * * * * * * * * * * * * * * * * * * * * * * * * * * //

dimensions      [1 -1 -2 0 0 0 0];

internalField   nonuniform List<scalar> 
7335
(
109208
100147
100027
108501
101045
108280
109308
99698.6
100951
100545
108375
108484
109334
108454
109319
108378
109159
108611
108471
109101
109137
108413
109295
102318
108583
108365
107187
109101
108599
109137
108465
109314
109966
110015
109635
108416
108453
108426
108417
108579
108534
108498
108419
108497
108431
108328
108464
108540
108401
108463
108488
108420
108384
108499
109222
108539
109220
108570
109100
108511
108632
108546
108530
108532
109236
108372
108540
108342
108583
108599
108569
108256
108644
108341
110507
109308
108234
109097
109082
109320
108640
108645
108468
109093
109085
109079
108506
109310
108476
108889
108421
109120
109238
109139
109170
108557
108659
108652
108511
108323
109161
109173
108514
108469
109175
109310
108229
109106
109102
108228
109303
108286
108458
108143
108413
108553
109106
108312
109113
108365
109272
108508
108199
109262
108532
108509
108521
108678
108413
109271
109269
100180
100723
108415
108360
108243
108654
108459
108557
108342
108352
109115
108510
108321
108489
108506
108421
108389
109269
109372
108348
108526
109319
108488
108507
108430
108647
109707
108446
108558
108322
108485
108481
108594
108546
108520
108751
108349
108597
108451
108590
108482
108332
108363
108662
108359
109896
108442
108579
109499
108435
108292
109100
108714
108576
108433
108466
107599
108650
108591
108439
108283
108483
109530
108475
108013
111238
108319
109841
108378
108551
108341
110065
108438
108376
111244
109083
108809
107613
109265
109340
108325
108353
106821
108339
107587
109094
109258
107538
109323
108562
109126
108523
108053
109306
109285
108480
107222
109324
108642
108413
108269
108612
108352
108611
108527
108516
108527
108510
106284
108499
109499
109509
108465
108421
109501
108554
109275
108110
108507
108425
108439
108418
108481
108338
107955
108680
108360
108337
108500
108619
108651
109477
108643
108524
108815
108487
108432
109119
109386
108688
108984
108645
108470
108337
109069
108411
109348
108476
108282
108659
108435
109237
108579
108367
108431
108612
109300
108449
108508
108710
107874
108311
108676
108478
108648
108462
108565
108559
108493
108353
108638
109197
108469
108997
108511
108455
108521
109183
109188
108576
108276
109104
108286
108369
108351
109566
108371
108513
109280
108362
108437
108436
108349
108527
108593
108427
108364
108568
108701
108694
108429
108661
108330
108468
109302
108471
108379
108514
108719
108379
108709
108381
109107
108164
108687
108436
108374
108408
108113
108385
108394
108492
108358
108518
108294
108391
108450
108470
108598
108385
108400
108376
108459
108087
108359
108489
108346
108718
108472
108458
108401
108396
108479
108363
108394
108462
108420
108518
108619
108307
108474
108477
108377
108331
108471
108469
108270
109096
108332
108512
108537
108543
108324
108381
108433
108551
109191
108455
108553
108491
110150
108298
108550
108396
108497
108446
108535
108458
108343
108526
106160
108546
108532
108453
108471
109411
108480
108533
108496
108476
108540
108286
108526
108442
108339
108532
108439
108375
109124
109157
108611
108588
109084
108292
108548
108328
108518
108439
108620
108566
108380
108490
108373
108492
108400
108444
108715
108469
108580
108423
109128
108435
109158
109077
109051
109062
108685
108443
108520
109400
109071
108418
109179
108567
109083
109097
109171
109068
108280
109227
109293
109264
109222
109251
109232
109226
109105
109080
108696
108357
109092
108459
108541
109095
109311
108468
108242
108566
109588
108170
109324
108493
109073
106127
108386
108459
108068
109585
108392
108207
107871
108500
108167
108330
108382
108573
109082
108353
108339
108360
108418
108643
108501
108331
108451
108514
108254
109339
108468
108652
108492
108445
107645
107727
108523
108452
108411
108368
108472
108584
98859.4
108553
108584
108458
108405
104774
108743
108377
108360
108389
108445
108381
109290
108419
108545
108371
108361
108839
108311
108432
109365
110702
108756
108317
109126
108829
108090
109267
109071
108375
109262
108616
108708
108458
109132
108549
107720
109059
108434
108536
108600
107995
108411
109090
108509
108457
110040
108347
108338
99941.1
109232
109326
108351
109280
109241
101067
108484
108696
108220
108602
108563
108333
108398
109301
108333
108299
108393
108509
108409
108441
108514
108609
108474
108547
108303
109364
108451
108524
108344
108216
108329
109294
108490
108522
108564
109239
108477
108561
108495
109669
109312
108415
108454
108482
108679
108667
108385
110441
108396
108484
108362
109338
108342
109099
109766
108176
109758
109302
107691
108474
108098
109160
108490
108529
110381
112128
108488
109320
107704
109247
108508
108387
108495
108393
108522
108511
108449
108526
109119
108386
108392
109598
108365
108377
108392
108409
108379
109123
108344
111171
108551
108572
109299
108391
109719
108604
108578
108592
108619
108344
108435
108429
108621
108464
108263
108633
108472
108538
108384
108539
108463
108859
108553
108301
109138
108438
108387
108747
108332
108335
109110
109122
109121
108358
108376
99198.3
109091
109341
109132
108480
109110
108496
108508
108361
108426
108369
108520
108491
108531
108611
108497
109356
108478
108440
108379
108498
108470
108384
108465
108456
110192
108343
108550
108486
108453
109319
108488
109341
109220
108385
109689
109557
108193
108339
108711
108323
108340
108459
108420
108364
108523
108424
109450
108574
109077
108315
108431
108848
108531
108445
108523
108539
108452
108318
108537
108439
108457
108449
107736
108311
108355
111623
107544
108445
107552
108523
108436
108654
109432
109315
108434
108352
108345
108484
108409
108484
109307
108354
108530
108545
109330
108370
108449
108576
110341
108338
109303
108375
108608
108546
108808
109213
108514
107919
108382
108365
108477
108410
108397
108361
108398
108516
108192
108154
109144
108066
108441
107711
108539
108372
108248
110293
108452
108496
108490
110016
108361
108507
109322
108237
109329
108447
108564
108408
100094
107661
108324
108384
109300
108585
108394
108543
108500
108644
108363
109099
110834
108402
109059
108524
108473
108456
108379
108418
109514
107812
108808
108562
108513
108539
108552
100983
106400
108056
109282
109175
108393
108751
107940
108734
108375
108571
99739.6
109111
107904
108409
108511
108502
108546
108547
108591
108511
108315
108453
108558
108452
108356
108406
108562
107919
108510
108405
108514
108354
108345
108561
108829
108384
108346
108366
108594
108353
108362
108607
109107
108392
108476
108536
109233
108447
108527
108358
108445
108563
108532
108601
108413
108439
109135
108352
108350
108378
106382
108411
108425
108378
108354
108380
108465
109881
109290
108457
108482
108362
108512
108138
109308
109239
108428
109149
108563
109087
108325
109275
109037
108669
109113
109223
109074
108795
108361
108691
108571
109245
109242
108842
108471
109023
109007
108540
108332
108546
108538
108544
108624
108425
108499
108519
108545
108332
109111
109111
108372
108655
108554
108537
108616
108594
108585
109174
108624
108606
108350
108711
109058
110272
108671
108665
108156
108388
108543
108342
108397
108808
108586
108380
108833
105540
108410
108594
109165
108950
108967
109290
109079
108614
108509
109110
108445
108518
108349
107833
99266.3
100134
101751
109074
108338
109087
109070
108343
108372
108502
103216
108359
107330
108544
108402
107710
106902
108511
108364
108354
108376
108418
108659
108457
109179
109316
108545
108483
108392
108669
108418
108368
108485
108550
108386
108439
108470
108575
108391
108489
108407
108429
108677
108672
108437
108465
109151
109101
109630
108404
108498
108544
109125
108541
108557
108195
108339
108610
108451
108336
108470
109132
108864
108496
108397
108523
108484
108470
108382
108360
108413
109186
105342
108488
108411
108503
108486
108348
108510
108391
108468
108549
108434
109312
108376
108353
108450
108380
108452
108465
108518
107578
109127
108439
108466
108579
107800
107897
108417
108357
108401
107426
108019
108338
108597
108381
108637
107740
107898
107927
109195
108229
108368
108379
108493
108444
108362
108506
106967
108300
109090
108681
108670
108375
109258
108550
108384
108377
108349
108547
108482
107577
108329
108318
108567
109300
109282
108365
108382
108573
108342
108385
108448
109300
108384
108388
108314
108500
108213
108628
108391
108445
109047
109101
109095
108240
108078
108291
109145
109184
108541
108123
108471
108432
109112
109300
109177
108150
108511
108553
108612
108607
108389
108345
108538
108161
108082
108588
108572
108602
108325
109248
108545
108680
108517
108437
109093
108503
109284
100684
109080
108450
108376
108661
108460
108513
109084
108502
108486
108439
108498
108411
108512
108368
108466
108422
108542
108330
108409
108567
108385
108430
108572
108550
108482
108630
108507
108501
108635
108502
109015
108966
108958
108564
108639
108641
108675
109066
108674
108485
108630
108364
108368
108411
108181
109177
108469
108491
108642
108628
108530
108488
108509
109300
108514
108626
109136
108322
109295
108388
108451
108443
108336
109055
108294
108541
108410
108505
108437
108358
108497
108659
108523
108463
108301
108324
108433
108552
108342
108384
108541
108471
108453
108480
108466
108459
108380
108537
108303
108528
101087
108860
108539
108670
108057
108115
108322
108326
108412
108446
98469.3
108937
108343
108412
108715
108431
109091
108334
108517
108390
108414
108367
108307
108369
108374
108351
108326
108562
108355
108544
108333
108585
109128
108524
108476
108355
108344
108532
108573
108355
108523
108561
108498
107618
108529
109282
108503
108583
109219
108366
109119
108383
109066
108532
108558
108497
108348
108525
112102
108378
108475
108394
109834
108491
109639
108622
108572
108518
108491
108521
108364
108380
108405
108545
108408
108913
108353
108402
108374
108380
108346
109081
106474
108425
108520
108516
108345
108308
109104
108577
108435
108429
108330
108460
108393
108553
108412
108523
108325
109166
108520
108467
108287
108595
108341
108283
108330
108507
108490
108173
108401
108493
108457
109859
108569
108520
108352
108481
108418
108627
108387
111188
108368
108366
108426
108369
108757
108335
108400
108302
108561
108383
108400
108494
101583
109075
108554
108535
108377
108374
108547
108248
108393
108264
108515
109089
109079
109109
108536
108348
108253
108246
108353
108312
109165
108278
109177
108926
108238
109123
109115
108359
108305
109076
109171
109199
108541
108542
108196
109071
108536
108608
109101
108635
108554
109079
109076
108968
109204
108474
108445
108733
108598
109239
108510
109094
109148
108484
108632
108262
108577
109296
108400
108959
108554
108392
108333
109010
108419
108904
108614
108295
108575
109202
109243
108629
108378
109052
108389
108609
108356
108500
108358
108352
108117
109104
108501
108344
108468
108668
108480
108461
108702
109260
108485
109210
109082
108506
109084
108546
108341
108553
108312
108481
108355
109298
109326
108454
109303
108528
108486
108595
108464
109209
108673
108529
108353
108322
108566
108478
108462
108361
108470
109287
108601
108511
108519
108582
108360
108576
108474
109205
108454
109077
108420
108163
108546
104150
108447
108405
108606
108330
109163
108438
108507
108407
109286
108422
109079
108430
108391
108974
108314
109077
108391
108464
108352
108350
109312
108558
109745
108442
110284
108486
108445
108400
109585
108439
108454
108448
108486
108637
108373
108426
107635
108491
108904
108623
101050
108409
108395
108464
100744
100862
108462
108410
109089
107885
108394
108275
108420
109218
108283
108371
108349
108389
109211
108361
108557
109201
108669
109308
108281
108690
108633
108379
108565
108620
108426
108331
108384
108443
108354
108255
107995
108257
108349
109077
109921
108507
108604
108624
108454
109297
108316
109288
109221
108652
108470
108519
108367
108414
108500
108299
108409
108550
108318
107776
108525
108650
108397
109063
108450
108931
108372
108653
108409
108327
108382
108326
107952
107863
108314
108495
108499
108491
108517
108392
108347
108389
109105
108509
109137
108351
108515
108530
108470
109062
108573
108508
108416
108552
108411
108481
108067
108596
108491
109291
109312
109839
108522
109328
108711
108542
109083
108553
109120
108518
109216
108366
108536
109102
108404
108392
108570
108352
109146
108399
108461
108446
109103
108563
108445
109102
108093
107606
108609
108445
108483
108526
108328
108377
108224
108496
108438
107810
108436
108421
108384
108572
109106
108473
109021
108405
108418
108414
108381
108623
108359
108532
109137
109297
108510
108457
108373
108663
108397
108410
108482
108385
108829
108190
108431
108329
108368
108377
108437
107792
108518
108474
108452
108566
108417
108381
108424
108579
108564
108536
108499
108516
108398
108420
99816.5
108381
108613
108639
108352
108534
108362
108300
108327
108465
108553
108461
108029
109183
108606
109096
108749
108405
109088
109076
108385
108423
108532
108352
108449
108383
108615
108370
108361
108573
108630
108631
108272
108331
108571
108621
108455
108590
108511
108572
108550
108047
108606
108354
108378
108479
108506
108583
108371
108548
108476
108377
108377
108659
108425
108439
108584
108589
109142
108930
108556
109130
109129
109118
108344
108571
108514
108373
107983
108438
108445
108411
109141
109128
109142
108190
108369
108442
108384
108370
109150
108340
109124
108445
108384
109110
108642
109298
108546
108555
109089
108248
108375
108479
108442
108529
108381
108492
108544
108666
108513
108627
108557
108416
108606
109125
108528
108413
109164
108398
109099
108280
108519
108351
108512
108325
108481
108645
108525
108521
108419
108317
108505
108329
108514
108509
108370
108436
108444
108474
108392
108408
109155
108475
108573
108688
108513
109140
109202
108441
108277
109158
108637
108542
108494
108732
108382
109085
108315
108428
108445
108345
108524
108344
108404
108452
108345
108356
108211
108364
108505
108485
108506
108347
108328
108496
108640
108709
108362
108405
108388
108406
108314
108397
108607
110001
109187
108318
109192
108538
108452
108511
108655
108471
108436
108345
108388
108011
107958
108508
108615
109262
108573
107970
108681
108487
109290
108295
108407
108546
108427
108611
108466
108471
108479
108449
108414
108498
108360
108390
108639
108390
108658
108486
108435
108312
108414
108468
108391
108464
108324
108336
108328
108421
109254
108383
108539
108371
108449
108474
108452
109254
108507
108488
108328
108362
109278
108486
109888
108374
108571
108163
108295
108007
108348
109316
109313
108449
108885
108388
108322
108477
108245
108938
108472
107081
108255
108585
107880
107768
108597
108596
108645
108605
108557
100943
108600
108550
108464
108570
108433
108522
108223
108513
108364
108355
108267
108676
108528
109332
108467
108297
108487
108494
108491
108550
108331
108378
108342
108439
108326
108364
108274
108585
108253
108287
108339
108277
108510
108363
108610
109181
108742
108410
108240
108209
109086
108522
108487
108052
108081
108573
109201
108247
108474
108464
109148
108420
107717
108614
108362
108443
108375
108359
109310
108439
108487
108444
108488
108437
109721
108384
108524
108507
109110
108388
108511
108540
108346
109100
108545
109544
108474
109092
108417
108315
108528
109127
108535
108566
108395
108521
108397
108367
108399
108308
108379
108436
108317
108403
109253
108357
108451
108572
108385
108394
108434
108467
108524
108416
108624
108463
108338
108470
108341
108377
108438
108478
108397
108288
108590
108333
109621
108327
108315
108346
108490
108312
108365
109206
108327
108524
109101
108379
108648
108352
108641
109285
109114
108587
108512
109107
108290
108547
107615
108426
108592
108094
108538
108414
108728
107109
108376
108559
108563
109067
108678
108647
108393
100914
108369
109084
109096
108489
109430
109107
109089
108499
109266
108545
108590
108324
108000
108654
109267
109257
108556
108610
108335
109174
108647
108425
109325
108463
109105
108875
109160
109081
109237
108594
109297
108345
109103
109090
108562
108602
109799
107811
108619
108354
108655
109552
108468
108391
108412
108654
109565
108334
108621
109086
107749
107926
109101
109085
108369
108547
109113
108333
108436
108408
108550
108375
108296
108387
108383
108667
108505
108479
108350
108373
108365
108408
109124
98730.5
107904
107839
108312
108463
108421
108580
109212
109290
108668
108330
108673
108507
108508
108403
108519
109090
108050
109134
108417
108436
108351
108392
108413
108355
108503
108355
108529
108352
109019
108568
108360
108418
108430
108534
108399
108416
108374
109587
108393
108332
108405
108420
109133
108441
108357
108781
108506
108348
108329
108570
108340
108388
108328
108654
109081
108100
108166
108330
108392
108499
109088
109319
109266
110171
108512
108317
108493
108509
108670
108367
108305
108337
108496
108418
108402
108438
108300
108517
108505
108657
108495
108657
108399
108669
108386
108313
108590
108548
108469
106847
108532
108410
108492
109259
108374
109279
108662
108477
108440
108493
101209
99571.9
98914.8
108339
97283
108433
108431
108522
100637
108194
108473
108548
108510
108374
109285
108447
109281
108686
108361
109105
104186
108652
108604
108393
109245
109258
108640
108385
108538
108509
108610
108514
108503
109257
108452
108477
109214
108461
108533
108897
108526
111061
108284
108448
108480
109108
109183
109073
109103
108064
108451
108207
108120
108462
108582
108540
105932
107893
108441
108356
108505
108383
108235
108491
108502
108414
108436
108573
108460
108289
108294
108395
108518
108534
109219
109301
108568
108575
108482
109211
108325
108555
108593
108476
109205
109194
108376
108399
109219
109128
108573
108355
108537
109292
108555
108373
109301
108401
108353
108439
108565
108344
108479
108499
108480
108348
108454
108319
108699
109227
108826
108359
99452.6
108414
108361
108704
108349
107928
109292
108349
108522
109516
108336
108244
108298
109279
109050
108351
108053
108285
108432
108616
108971
107567
108605
109076
109098
108530
108430
108533
107452
108678
108185
108597
99438.8
108408
108522
108451
108588
108602
110969
108379
109033
109234
108351
108308
109148
108858
109076
108542
108417
108363
108360
108354
108294
108384
108596
108556
109359
108373
108470
108556
108403
109496
108578
108514
108523
108536
108511
108508
108361
108338
109322
108202
108554
108420
109249
109091
108434
108417
108551
108364
108430
108381
108569
109235
109093
108529
108534
108543
108482
108529
108502
108471
108617
108499
108586
108403
108422
109087
109091
109109
108508
109084
108415
108636
108518
108415
108200
108552
108650
109045
108554
108471
108679
108389
108671
108480
108531
109098
108401
108650
108805
108697
108312
108656
108476
108462
108410
108393
108609
108356
108385
108403
108348
108377
108353
108334
108444
108378
108671
108379
108358
108618
108410
108337
108476
109069
108355
108547
108532
108395
108405
108412
108296
108297
108354
100889
108458
108355
100095
108310
108368
108330
108430
108483
101445
108290
108532
108164
108670
108528
108234
108288
108435
108533
109730
108376
108508
108388
108901
108524
108466
108554
108551
108375
108466
108474
107164
108335
108343
108755
108369
108445
108681
108343
108547
108590
109107
108551
108550
109090
108544
108443
108254
108396
109295
109295
108545
108562
108494
108558
108516
108983
108337
108481
108415
108571
108482
108467
108397
108447
108314
108272
108416
108518
109313
108545
100545
108508
108682
108536
108651
108445
108428
108345
108358
108341
108640
108390
108676
108440
108330
109069
108444
108942
109219
108445
108575
109010
109293
109270
108202
108511
108526
108417
108662
108137
109226
108468
108665
109321
108295
109297
108471
108469
108519
108420
108408
108549
108636
108770
108620
108555
109080
109127
108681
108480
109098
108639
108913
108498
108946
108517
108534
108829
108912
110254
109202
108693
108459
108561
108490
108482
108378
108380
108582
108431
108354
108450
108522
109090
108143
108414
108450
108597
108250
108905
108486
108443
108232
108493
108501
108283
108474
108662
108339
108508
109313
108346
108465
108683
109083
108528
108423
108433
109074
108509
108626
108869
109203
109654
108469
108414
108464
108571
108600
108563
108690
108417
108381
108566
108545
108518
108316
108543
108395
108374
108487
108342
108466
108421
108482
108586
108373
108359
108467
108449
108483
108529
109173
108626
108510
108424
108341
108383
108576
109091
108523
108466
109168
109138
108419
108356
108475
109131
108358
108089
109203
109250
109194
109287
108333
108508
108468
108492
108324
108499
108689
108442
109090
108601
108584
108637
107329
108572
108542
108567
109284
108931
109101
109296
108580
108978
108867
109360
108539
108469
108422
108323
108940
109223
108517
108559
109147
109107
108669
100482
108483
108569
100505
108442
109253
109097
109116
109585
108935
108497
108657
108472
108398
108560
108619
108409
108462
108467
108375
109281
108528
108399
108536
108561
108691
108335
108401
108458
108410
109301
109117
108425
108612
108432
109214
109121
109186
108466
108694
108355
108569
108493
108401
109114
108198
108316
109270
109314
107532
108971
108436
109300
108293
108627
108487
108139
108515
108373
108351
108477
108297
109874
108482
108370
108339
108523
108451
108550
108538
108404
108402
108424
108509
108508
109168
108442
108326
108407
108482
109155
108364
108482
108345
108497
108512
108344
109178
108457
109098
108559
108504
108523
108298
108712
110326
108024
108637
108557
108528
108321
108419
108623
108342
109199
109297
109115
108596
108554
108578
108410
108575
108761
108529
108456
108607
108558
108563
108650
108559
108647
108423
109766
108570
108648
108431
108439
108515
109097
109054
109288
109200
109099
109101
108652
108654
108689
108520
108588
108309
108432
108510
108685
108680
108420
108796
108499
108403
108475
109272
109310
108457
108720
108618
108590
108415
108545
100933
108553
101118
109092
108359
108514
107537
109280
108374
101876
108457
108467
108556
108495
100668
108330
107924
108368
108298
108362
108500
109253
108349
108310
108546
108447
108515
108289
110282
109184
109264
108927
109275
108477
108285
109076
108297
108632
108518
108417
108719
107595
109113
106281
108908
108365
108411
108348
108399
108033
108563
109345
108515
108700
108571
108326
108384
108511
108349
108406
107855
109172
108690
108532
108279
108673
109087
108626
108414
108601
108538
108207
107648
107887
100190
108476
109074
108388
109266
108281
108548
108350
108465
108520
108648
108315
108455
108435
108342
108414
108454
108313
108471
109058
108354
108346
108218
108418
108444
108522
108396
108577
108675
108999
109152
109095
108354
108556
108445
108392
108583
108497
108474
108284
108347
109449
108390
108522
108410
109600
108394
108433
108327
108238
108216
100554
108058
108710
108465
107882
108428
108182
108534
108161
108530
108834
108432
108322
108526
109683
109162
108128
108462
108545
108514
108534
109266
108557
108775
108546
108376
109035
109272
100296
108423
108492
112325
108382
108330
108510
100589
108325
108347
108575
108510
108533
108522
108403
100785
108322
108610
108422
108331
108667
108327
108558
108489
108398
109094
108621
108454
108706
108486
108546
108624
109023
108342
108442
108373
108402
108321
108330
108568
109079
109187
108350
108449
108537
108374
109324
108191
108360
109062
108515
108514
109118
108378
108492
108500
108351
108376
108530
108351
108445
108322
108436
109315
108380
109054
108503
109021
109222
108297
108396
108372
108253
108285
108238
108316
109177
108645
108504
108433
108668
108623
108356
108524
108533
108375
108521
108244
108500
108632
108516
109169
108521
108510
108505
108379
108386
108540
108531
108542
108598
108411
109104
108369
108996
109643
108369
108582
108712
109192
108316
107849
108342
109056
108473
109130
108358
108988
108550
108494
108297
109091
108472
108487
108311
108377
108282
109752
108869
108384
108559
108548
108506
108719
108479
107917
109146
108701
108595
109471
106955
109185
108841
107551
108581
108669
108353
108404
108344
108300
108352
108618
108491
108346
108334
108401
108349
108406
108334
109086
109101
108362
108167
109101
108193
108399
108369
108477
108339
108336
108317
108792
109228
108401
108348
108539
108409
108551
108480
108579
108572
109212
109328
109234
108473
108320
108534
109186
109293
109276
109094
108472
107998
108453
108443
108384
108365
108402
108588
108596
108642
108321
108301
108303
108290
108491
108343
108636
107332
108661
109293
108615
109855
109200
108547
108371
108576
108556
109251
108387
108446
109243
108353
108495
108541
108566
108541
108536
108587
108617
108615
108599
108437
108483
108421
108706
108451
108579
108447
108470
108358
108416
108417
108375
108437
108607
108435
109256
109437
108423
108564
100888
108523
108412
99231.5
109187
108366
108513
108423
108457
108516
108517
108358
108551
109313
108562
109296
109283
108302
108386
108569
108474
108355
108322
108514
109001
109291
109086
109278
108334
108518
108333
108676
108495
109115
108444
108455
108631
108309
108387
108376
108389
108361
108252
108384
108654
108386
108337
108497
108428
108305
108444
108464
108389
108323
108254
108377
108339
108498
108514
108490
108474
108391
108586
108375
108387
108525
108411
108780
108331
108555
108609
108494
108337
108466
108159
108471
108562
109680
108423
108768
108870
107742
108380
108394
108500
108289
108440
108473
108473
108466
108327
108387
108334
108532
108339
108406
108363
108354
108431
108527
108611
108511
108668
108674
108536
108682
108372
108552
108357
109114
109121
108446
108357
109323
108370
108363
108295
108310
108346
108373
108568
109320
108651
108855
109461
108353
109622
108449
108453
108384
110219
108375
108372
108364
108562
108945
108105
108455
108337
107570
108182
108626
108341
108401
99770.7
108274
108352
108294
108490
108342
108603
108408
108441
108586
108343
108364
108409
109297
108831
108412
108359
108538
108534
108411
108651
108477
108404
109215
109224
108649
109072
109267
108631
109234
109173
109136
109257
109298
108325
109240
108517
109282
109310
108883
109730
108519
109293
108672
109298
108590
108227
109010
109329
109468
109312
108959
109101
108461
100211
108322
107671
99814.4
100066
110014
109303
108658
109027
102519
108326
108891
109395
109206
109535
109287
108407
108741
108363
109065
109056
109159
108371
108492
108642
109111
108329
108315
108335
109446
109168
108378
108357
108626
108383
108280
108406
108358
108566
108256
108877
109328
108489
108335
108569
108512
108470
108385
108384
108375
108355
108513
108534
108454
108303
108282
108349
108401
108362
108480
107732
108377
108593
108535
108360
101000
108240
108287
99037.7
107961
108358
108477
106894
108294
108308
108274
108541
108435
109151
108455
108337
108371
109106
108432
108332
108355
100219
109273
108346
109058
109176
109102
108324
108508
108925
108386
108493
109177
108391
109122
108573
109130
108521
108402
108567
108436
108421
109230
109291
108328
108347
108303
109109
108448
108229
108576
109234
109170
108417
108757
109184
109185
108384
108289
108380
109116
108469
108194
108132
108223
108410
108477
108466
108576
108475
108416
108361
108351
108410
108348
108388
108066
108418
108379
108450
108391
108404
108350
108410
108367
108468
108308
108652
108128
108529
108307
108323
108479
108519
108508
108288
108623
108121
108435
108570
108518
108527
108358
108486
108358
108333
108496
108489
108418
108464
108456
108879
108544
108489
108420
109761
109150
108434
108401
108144
108492
108520
108337
108457
108482
108389
109147
108412
108411
108760
109077
107852
108511
108532
108532
108609
108494
108416
108386
108449
109277
109064
109180
108543
108446
108138
108418
108377
108437
108335
108361
109308
108557
109091
108388
109105
109142
108442
108365
108624
109185
109306
108536
108499
109300
109310
108509
108036
108698
109177
108664
108516
108631
108352
108544
108560
108540
108398
108401
108459
108388
108531
108496
109209
109122
109084
109317
109275
108373
108339
109288
108436
108486
108513
108236
108293
108522
108356
109107
108408
109281
108154
109275
108730
109052
109194
108584
109211
108422
108445
108456
109174
108624
108409
108528
108396
108693
108467
108216
107707
108267
109252
108263
108469
108651
108229
108637
108663
108557
108390
108522
108509
110873
109114
105840
109068
109821
108438
108287
108441
108583
108636
108442
108670
108660
108513
108402
108631
108539
108540
108540
108506
108552
108266
108615
108451
108606
109132
108580
109149
108501
108488
108553
108361
108406
108557
108548
108564
108572
108340
108356
108354
108587
108345
108563
108535
108516
108541
108621
108332
108288
108389
108384
108563
109147
108602
108579
108457
108369
108387
109241
109177
108535
108606
108707
108357
108365
108271
108567
108318
108545
108583
108493
108466
108454
98183.9
108445
108553
108382
108432
102889
108030
108371
108412
108095
106297
108596
108397
108538
108299
108305
108513
108616
108434
108360
109101
108304
108328
108601
108327
108359
109085
109222
109589
108341
109300
108566
108300
108294
108518
108314
108473
108334
109142
109214
108495
108377
108604
108413
109275
108494
108416
108409
108635
109371
108938
108419
108414
109107
108417
108411
108424
108606
108333
108562
108542
108414
108292
108312
108389
108387
108336
108396
108540
108404
108570
108570
108413
108596
108477
108545
108404
108558
108551
108425
108583
108481
108622
108473
108475
108466
108454
108389
108471
108565
108205
109221
108485
109147
108445
109173
108451
108452
108575
108624
108463
108451
108350
99922.6
108330
108369
108364
108543
108567
108394
108404
108575
108585
108416
108474
108431
108414
108456
108459
108427
108405
108354
108529
108510
108329
108428
108383
108517
108328
108393
108357
108441
108456
108666
108313
108387
108613
108412
108380
108576
108356
108425
108337
108413
108503
108342
108543
108679
108355
108263
108235
108374
108404
109286
108307
110583
108399
109062
109584
108445
108374
108321
108351
108424
108494
107944
108658
109054
109126
108365
108463
108657
108504
109262
108673
108446
108496
108252
108465
106613
108601
108529
109106
109310
108635
109288
108544
108660
108398
108491
108570
108538
108329
108674
108418
108559
108419
108453
101408
99258.6
108645
108438
108261
107543
108272
109105
108611
108538
108363
109166
109275
108357
108589
109141
108658
108623
108362
108443
109123
108373
109255
108372
108397
108518
108296
109108
109150
108299
109141
109297
109177
109163
108363
108299
109138
109212
108520
108273
108460
108460
109104
107980
109106
108373
108639
109125
108494
108280
108411
97953.5
108454
108539
108391
108378
109287
108260
108479
108512
108350
109277
108488
108410
108607
107558
109097
108466
108574
108661
108479
109079
108610
108543
108454
108640
108442
108457
108453
108471
108462
109792
105897
109295
108448
109179
108420
108359
108363
108546
109144
108343
108676
108686
108674
108521
108388
108459
108560
108648
108495
108619
108518
108370
108561
107999
108607
108580
108152
109292
109308
108355
108319
109110
108492
108352
109106
109170
109083
108578
108478
108481
108183
108512
111777
108571
108683
108540
108426
108504
109221
108379
108665
108508
108447
108584
108475
108479
108363
108691
109124
108361
108382
109775
108459
109533
108466
109216
108569
108469
108506
109304
108439
108528
108390
108474
108445
108436
108533
108559
108601
108452
108560
108578
108373
108407
108353
108445
108374
108372
108388
108545
108377
108466
108569
108365
108547
108551
108307
108572
108371
108516
108480
108436
108368
108558
108461
108494
108337
108461
108387
108210
108355
108230
108212
108490
108333
108461
99205.1
108650
108478
108455
108647
108348
108493
108679
108498
108572
111109
108366
109212
108305
108343
108330
108496
108553
108406
102704
108384
108137
108290
108361
108259
108415
108328
108646
108272
108378
108311
98948.4
108317
108667
108275
108331
109107
109121
108533
108664
109207
108296
108356
109264
109134
109281
108279
108290
109900
109102
108565
109280
108313
107348
100267
108337
108344
108322
108683
108322
108394
108390
108489
108380
108459
108391
108284
108372
109304
108457
108583
108650
108685
108660
109105
108379
109242
108378
108400
108635
108681
108597
108480
108480
108560
108444
108534
108589
108611
108574
109306
108416
109186
108372
108688
108581
108574
108605
108472
108554
108307
108370
108309
109042
110220
108391
108399
108483
108515
108452
108390
108279
108451
108288
108492
108283
108376
108435
108385
108531
108299
108458
109263
108511
108275
108232
108542
109095
109106
108410
108464
108388
108390
108379
108360
109272
108481
108524
108524
109137
108357
108403
109075
108613
108575
108422
109245
108383
108392
108445
109134
109302
108422
108547
108410
108493
108510
108405
108539
108330
108439
109131
108378
108355
108491
108376
109267
108328
108827
108543
108399
108542
108449
108539
108544
108507
108447
108517
108488
108392
108525
108559
108430
108391
108382
108362
108530
108373
108527
108382
108271
108316
108328
108100
108542
108335
108363
109290
108347
108345
109007
109311
109316
108416
108376
108411
108385
108477
108037
108079
108268
108373
107852
108556
108358
108396
107798
108365
108343
107685
108305
108605
108551
108387
108322
108356
108409
108440
109156
108393
109260
109285
109164
109137
109257
108320
108433
108354
108459
109152
108524
108452
108521
108540
108575
108685
108594
108682
108590
108426
108532
108665
108348
108301
108322
108655
108669
108437
108536
108457
109083
108611
108487
108649
109187
108590
108362
108675
108368
108385
108471
108607
108371
108438
108362
108763
108391
108596
108564
108502
108515
108563
108378
109370
108500
108391
108369
109117
109209
108379
108430
108552
108485
108489
108410
107936
108923
108425
108467
99480.8
108390
108382
108696
108380
109109
109060
109252
109341
109060
109186
109065
109323
108687
108568
108353
109133
108974
101653
108490
108481
108721
108554
108387
108502
108739
108487
108847
108671
108543
108451
108522
108475
108584
108411
108543
108623
108353
108440
108356
108563
108517
108359
108489
108510
108542
108564
109335
108435
108343
108366
108347
108322
108486
108517
108500
108349
108324
108580
108432
108421
108288
108522
108613
108651
108470
108257
108593
108348
108404
108466
108554
108346
108424
108399
108361
108405
108565
108439
108391
108590
108555
108443
108495
108446
108409
108400
108538
108506
108490
108537
108334
108495
108471
108365
108702
108645
108381
108525
108544
108335
108342
108372
108678
108654
108490
108436
108460
108364
108628
109295
108648
108492
108458
108488
108603
108503
108699
108240
108384
108320
108546
108354
108402
108386
108428
108505
108338
108368
108400
108372
108292
108321
108328
109322
110298
109093
108575
108562
108618
108506
108377
108551
108385
108389
108389
109280
109267
108470
108533
108415
108375
108565
108330
108601
108365
108599
109330
108423
108538
108359
108347
108503
108357
108337
108409
108480
108471
108371
108394
108607
108589
108412
108582
108370
108311
108411
107745
108662
109042
108233
108395
108419
109039
108542
108024
108408
108469
107974
107900
108575
107718
109097
108418
108758
108411
109296
109286
107725
109323
108350
109095
109254
108402
109125
108857
108832
108550
109135
108551
108384
108516
108642
107944
108436
108537
108506
108518
108547
108285
108657
108367
108472
108270
108411
108508
108223
108364
108450
108533
108507
108301
108325
108513
108315
108373
108465
108376
108581
108391
108405
108510
108377
108364
109320
108379
109106
108369
108395
108365
108928
108586
108734
108344
108382
108398
108341
108604
108439
108500
108360
108411
108358
108265
108371
108597
109921
108348
108407
108542
108459
108639
108297
108362
109047
108645
108655
108516
108516
109098
108068
108882
108095
108460
108424
108371
108526
108137
108582
108343
108364
108514
108582
108596
108551
108606
108351
108522
108478
108460
108336
108351
108448
108431
108377
108533
108440
108376
108473
108493
108325
108475
108559
108524
108533
108320
108481
108527
108330
108293
108239
108600
108305
108521
108685
108304
108627
108556
108329
108555
108578
108576
108696
108280
108276
108471
108417
108567
108430
108393
108429
108472
108361
108583
108559
108585
108539
108596
108585
108546
107904
108284
108405
108544
109101
108460
108511
108455
107725
108502
109105
108497
108434
108463
107965
106160
107385
108475
108415
108548
108144
108355
108344
108521
108534
108553
108327
108362
108435
108492
108447
108602
108426
108630
108367
108465
108470
108529
108355
108250
108263
108432
108146
108181
108561
108635
108368
108288
108387
108300
108173
108468
108268
108359
108520
108452
108542
108407
108401
108321
108353
108335
108332
108294
108478
108725
108547
108439
108427
107872
108474
109040
107723
110388
109153
108433
108631
107973
108572
108649
108501
108444
108355
108424
108593
108484
108533
109076
108530
108470
108435
108775
108371
108413
108396
108456
108490
108443
108411
108369
108340
109245
108697
109071
108344
108567
108359
108392
108514
108696
108323
108600
108615
109143
108409
108518
111352
109242
109118
108325
108536
108456
110843
108543
108313
108424
108423
108537
108329
108015
108433
108105
108585
108422
108467
108464
108369
108416
108420
108042
108599
108614
108378
108545
108925
108348
108415
108345
108373
108519
108601
108374
108431
108459
108436
109203
109257
108416
108373
108612
108475
108504
108509
108364
108278
108455
95531.3
108376
108468
108416
108443
108217
108458
108808
108527
108361
108722
108500
108361
108376
108487
108398
108540
108374
108439
108563
108515
108586
108432
108392
108369
108414
108449
107973
108400
108361
108423
108402
108450
108498
108466
108394
108575
108562
108385
108397
108523
108551
108580
108914
108600
108342
108536
108577
108582
108536
108489
108618
108541
108555
108357
108383
108474
108544
108424
108440
108587
107690
108477
108446
108543
108363
108449
108384
108451
108181
108508
108480
108140
108512
108492
108355
108411
108497
108342
108538
108367
108384
108577
108350
108404
108357
108288
108406
108441
108592
108480
108443
108426
108276
108271
108255
108334
108513
108322
108339
108518
108530
108560
108356
108495
108538
108651
108420
108346
108435
108378
108366
108373
108363
108418
108945
108451
108939
108465
111622
108472
108461
111085
108374
108573
108404
108544
108701
108286
108890
108410
108565
108729
108625
108306
108373
108743
108843
108566
108496
108388
108576
108372
108404
108498
108522
108507
108740
108541
108556
108468
108487
108469
108523
108409
108437
108520
108390
108567
108325
108472
108498
108506
108438
108419
108222
108458
108273
108391
108391
108392
108503
108599
108468
108524
108427
108559
108418
108496
108377
108688
100030
98910
108520
108540
108445
108377
108395
100049
108535
108545
108648
108381
108474
108477
108466
108413
108535
108539
108408
108383
108694
108496
108449
108491
108479
108518
108682
108664
108668
108327
108356
108431
108516
108446
109526
109326
109670
108425
108414
108367
106495
109171
109173
108446
108438
108611
108638
108531
108598
108472
108664
108445
108619
108661
108393
109266
108458
108288
108669
108423
108418
108519
108448
109071
108477
109202
109308
109299
109256
109244
109254
109194
108349
108380
108490
109111
109283
109584
109266
108386
109865
107929
108679
108545
108210
108416
108480
108008
109240
108445
108230
109612
108285
109639
108294
99528.5
110298
108554
108478
108543
108530
108375
109286
108334
108763
109190
108502
108558
109259
108604
109223
108778
108424
108695
109972
107958
108824
110018
108374
109176
108699
108374
109090
108411
108357
108566
108692
108452
109238
108445
108391
108570
108428
108654
108528
108340
108341
108380
108357
108402
108440
108351
100007
101328
108307
108179
108428
108543
108493
102850
108355
108443
100679
109251
100018
108370
108446
108555
108133
108545
108506
108454
108632
108464
108715
108543
108526
108628
97947.9
100119
109264
99747.5
108538
108462
98474.1
108490
108487
108514
107758
109309
108676
109229
99418.6
108505
107882
108522
108566
108045
108560
109253
108004
109278
108520
107986
108496
108498
108509
108372
108347
108564
109130
108337
108389
108549
108936
107915
109778
109769
109677
109307
109299
109318
109620
109232
110290
109070
108403
108557
109717
107768
108427
108447
108418
110012
109004
108297
108342
108364
108189
108245
108460
108514
108480
107915
109651
100729
108537
108609
108648
108433
108388
108583
108454
108356
108614
108436
108562
108503
108389
108415
105846
107779
108046
108467
99010.1
108577
108629
108296
108503
108568
107985
108451
108527
108499
108470
108565
108402
108570
108727
109356
108530
108452
109199
109210
108475
108438
108507
108362
108350
108459
108356
108680
109297
108472
108335
108311
108308
108381
108544
108569
108175
109254
107950
109250
109249
108516
108650
109199
109105
108131
106822
109246
109231
108901
108541
108541
108505
109118
108579
107937
109292
108475
109700
109167
109075
108472
108467
107093
108452
108463
108455
108663
108445
109090
109221
108634
108370
108387
108403
108371
108412
108359
108361
108418
108259
108452
108449
108461
108385
108124
108348
108484
108398
108364
107558
108518
108656
108189
107600
108659
108566
108489
108253
108478
108551
108472
108496
108596
108680
108560
108669
108662
108445
108683
107755
107782
108411
107596
108558
108628
108159
108604
109023
108700
108512
108411
108658
108472
108408
108457
108428
108501
108430
108353
108422
108682
108343
108652
108389
108564
108486
108619
108474
108485
108508
108508
108433
108485
108565
108581
108544
108567
108489
108529
108451
108529
109229
108435
104407
108376
108845
108493
108492
108494
108671
108339
108336
108625
108354
108479
108373
108518
108481
108501
109102
108411
108444
108339
108404
109084
108317
108389
109076
108323
108322
109260
108457
108331
109140
108388
109289
108348
109321
108413
108274
108330
108380
108381
108351
108308
108391
109295
108524
108445
108576
108445
108578
108467
108521
108503
108382
108555
108607
108429
108356
108549
108442
108527
108448
108415
108307
108343
108535
108354
108494
108268
108364
108402
108335
108297
108473
108761
108468
109280
109134
108459
108442
108997
108477
108513
108538
108542
108345
108419
108678
108534
108482
108754
108388
108407
108553
108417
108551
108480
109572
108462
109176
108480
108441
108442
108343
108508
108518
108393
108381
108517
108416
108414
108493
109281
108316
108364
109222
108540
108070
108250
108164
108331
108411
108106
108580
108461
108121
108557
108445
108476
109087
108484
108427
99883
108469
108392
109676
108462
109092
108306
108466
108305
108970
109293
109094
108508
108494
108506
108479
108500
108193
107826
108103
108502
108385
108412
108362
108052
108361
108356
109128
109238
108380
108363
108361
108329
109231
108525
108492
108455
108471
108358
108361
108565
108339
108363
96368.4
110221
108539
108500
108587
108611
109879
108628
107729
108493
108362
108534
109227
108413
108632
108660
108555
108327
105719
100027
108404
108447
108382
108273
99978.9
100630
108509
108640
108502
108523
108511
108451
108620
108526
103227
108475
108351
108496
108337
108542
108270
108364
100615
108460
108572
109251
108490
108603
109717
108496
108498
108343
108310
108552
108414
109135
108548
109443
108367
109702
109504
108506
108370
108381
108526
108504
108354
108289
108550
108353
108336
108490
108405
108353
108714
108626
108295
108389
108385
108399
108504
108361
108496
108467
108483
108308
109100
108567
108442
108383
108378
108102
108486
108536
108350
109269
108508
108525
108438
108325
109094
108314
108535
108545
108545
108517
109265
108527
109117
108537
108611
109225
109275
108462
109291
108447
108402
108532
109288
108456
108541
108513
108804
108692
109084
109222
109377
109040
109614
108958
109083
109089
108673
109029
108213
108498
108684
108888
108900
108618
108756
108482
108464
109024
108601
108362
108349
108304
108398
108344
108331
108348
108340
109152
108631
108578
108165
109198
109330
108158
108337
109192
107886
107853
108566
108289
109108
109230
108566
108591
108587
108176
109190
109115
108559
106200
108602
108691
108559
108333
108670
108336
107399
108616
108662
108549
108560
109244
108134
108807
109326
109200
109105
109263
107251
109076
108505
109305
108445
108896
108433
109503
108386
108381
108398
109288
108419
108382
108254
108545
108439
108611
108340
108438
109251
108311
108332
108455
108464
108529
108445
108485
108434
108453
109299
108418
109210
108728
108912
109002
108423
109243
108634
108706
108581
108558
109194
108544
109195
108544
108316
108392
109382
109305
108611
108307
108566
109305
109312
100746
109127
108587
108214
108090
108103
108573
107153
109301
109312
109625
109745
108533
108423
109550
108415
108446
108547
108355
108244
108374
108362
108491
108472
108486
108705
108648
108427
108535
108670
108486
109232
109071
108796
108404
109586
107440
108377
108357
108338
109304
108334
108409
108435
108626
108410
109664
108488
109320
108562
108587
109038
110081
108542
108542
108403
108596
108527
108568
108529
108411
108447
108123
108562
109456
108574
108468
108406
108557
108469
108398
108475
108461
108386
108430
109148
108400
109271
108569
108529
108639
108361
108471
108542
108409
108379
108675
108485
108987
108412
108393
108480
108390
108319
108548
108375
108487
108581
108653
108351
108477
108585
108418
108538
108558
108377
108515
108436
108640
108551
108502
108524
108374
108469
108416
108309
108222
109107
108555
108354
108533
108347
108385
108516
108556
108411
107938
108372
108546
108536
108407
108568
108613
107538
108617
107890
108389
109073
107736
109277
107777
108496
107710
108553
107832
108467
108496
108095
107966
109097
108416
108499
100268
108000
108449
108466
100276
108565
108369
108565
108568
112010
109804
108495
108587
108562
108502
108670
108547
108364
108693
108545
108678
108391
108514
108690
108517
108446
108532
108536
109081
108539
108421
108358
100916
108395
108369
108404
108418
108360
108181
108354
108354
108393
109081
108504
108336
108403
108348
108516
107717
108356
108105
108364
108241
108360
108652
108517
108541
108439
108941
109073
108230
108357
108540
108286
108383
108433
108560
108566
108576
108403
108359
108292
108364
108358
108625
108634
109315
109230
109103
108303
109111
109118
108543
109280
108469
109249
108306
109239
109131
108534
108304
108651
108568
108504
108481
108637
109378
108694
108487
108700
108535
109106
108484
108497
108482
108703
108586
108677
108191
108479
108472
109106
108660
108967
108474
108295
108566
108445
109113
109587
108385
109639
108569
108571
109085
108510
108454
108393
108576
108499
108370
108494
108521
108321
108417
108411
109065
109232
108411
108389
108521
108596
109076
108481
109126
109125
108362
108551
109174
108387
108422
108967
108610
109087
108453
108750
108336
108341
108397
108368
107917
108389
108489
108329
108394
108737
108582
108348
108450
108558
108439
108416
108376
108398
108373
108344
108392
108569
108365
108085
108118
108164
107887
108482
108362
108365
108557
108360
108211
108317
108357
108329
100271
108297
108367
108288
108296
108291
108332
108293
108708
108525
108659
108503
108609
108357
108362
108366
108668
108655
108314
108397
108563
108342
108582
108310
108571
109071
108601
108532
109102
109133
108328
109085
108482
108694
108407
108405
108436
109305
109088
108610
109094
109083
108574
109090
108471
108670
108580
108519
108547
108687
108558
109278
108349
108573
109265
108533
108605
108659
108453
108749
108627
108590
108550
109125
108580
109247
109149
108395
108625
108603
108571
108614
108357
108606
108545
108557
108352
108473
108556
109108
108559
108674
109287
108489
108301
108623
108539
108283
108462
108341
109173
108438
108372
108377
108544
108404
108347
108448
108397
108491
108367
108377
108387
108422
108384
107988
108451
108345
108389
108444
100435
108481
107238
108576
108556
108324
108336
108665
108346
108397
108420
109145
108422
108699
108328
108339
109280
109158
108658
108697
108371
108324
108440
108535
108326
108390
108549
109105
108482
108258
108288
109243
109191
109180
108334
108374
108271
109100
109145
108526
108496
107641
108602
107944
108699
101918
107704
108636
108565
108500
108530
108471
108520
108533
108509
108549
108540
108553
108473
108549
108413
108650
108305
108521
108567
108538
109330
109326
108541
109158
108508
108544
109203
109141
108551
109089
109261
108523
108540
108676
109249
108531
108514
109234
108667
108516
108663
108440
108355
108667
108920
108496
109318
108354
108527
108118
108415
108434
108408
108314
108386
108985
108434
108499
108513
108925
108543
108539
108534
108399
108549
107658
108519
108372
108357
108105
108466
108371
108535
108602
109272
108372
108340
108581
108389
108423
108319
108415
108368
108370
108453
108562
108420
108384
108340
108375
108251
108284
108497
108258
108476
108325
108548
108443
108407
108314
108330
108314
108396
108461
108294
108355
108320
108395
108447
108306
108306
109076
108320
108334
108673
108317
108326
108454
108491
108465
108576
108496
108308
109236
108311
109024
108302
108764
108286
108413
108409
108549
108657
108663
108460
108366
108454
108356
108367
108636
108374
108402
108554
108162
108308
108553
108519
102073
108086
108560
108558
108616
108368
108390
108475
108568
108361
108545
108394
108481
108486
108548
108538
107633
107947
108611
108425
108731
108539
100900
108475
108579
108487
108487
108377
108502
108379
108521
108536
108465
108489
108502
108539
108521
108704
108355
108461
108462
108672
108183
108595
108474
108495
108440
109236
108374
108341
108380
109262
108349
108500
108568
108563
108434
108721
108534
108501
108572
108545
108649
108543
108368
108337
108532
108368
108255
108356
108139
108564
100805
108415
108141
107809
108435
108419
108350
108488
108365
108569
108364
108546
108522
109278
109312
108518
108449
108346
108363
108381
109286
108417
108422
107803
109075
109155
108448
108428
108353
109055
109069
108517
108296
108468
108155
108161
108938
108311
108362
108287
108059
108723
108013
108493
108294
108459
108526
108482
108515
108425
108429
108434
108557
108531
108506
108428
108494
108635
108466
108502
108532
107933
108439
108226
108477
108675
108368
108358
108517
108577
108480
108452
108630
108511
108369
108517
108306
108571
108449
108641
108558
108316
108402
108325
108384
108553
108554
108641
108588
108270
108464
108642
108257
108204
108625
108561
109192
109057
109302
108956
108779
109261
107674
108665
109073
108687
108398
108393
108642
108548
108383
108708
108387
108468
108353
108337
108440
108347
108351
108359
108428
108305
108534
108351
108416
108481
108319
108342
108510
108506
108531
108542
108367
108537
108321
108389
108366
108364
108522
108375
108530
108342
108470
108533
108499
108502
108481
108344
108461
108523
108474
108512
108548
108528
108337
108490
108379
108360
108344
108497
108368
108330
109364
108661
108372
108355
109146
109264
108659
108398
108571
108475
108370
108501
108560
108428
108445
108532
108535
108417
108351
108507
108502
108390
109289
108375
108569
108424
108538
108488
108385
109203
108563
108357
108337
108382
108515
108541
108490
109280
108395
108465
109258
108392
108495
109166
109166
109083
109103
108420
112145
108565
108653
109058
109083
108166
108791
108900
110006
107667
107853
108229
108476
108392
108318
108446
108307
108342
108363
108323
108498
108384
108361
108394
108483
108466
108377
108371
108300
108658
108349
108480
108495
108580
108637
108313
108697
108443
108823
108555
108547
108307
108466
108505
108376
108261
108269
108581
108301
108472
108528
108506
108554
108618
108633
108520
108300
108402
108479
108489
108546
108292
108469
108468
108343
100852
108484
108515
108538
108565
109053
108478
108688
108463
108322
108334
108372
108328
108365
108488
108438
108395
108452
108443
108510
108750
108507
108240
108193
108362
108359
108349
108567
108419
108481
108603
108416
108465
108553
108381
108674
108508
108373
108462
108551
108552
108535
108362
108408
108485
108970
108952
108969
108678
108611
108552
109186
108448
108794
109034
108949
108695
108521
108534
108513
108355
108371
109182
108228
109168
108138
108245
108446
109027
108490
108537
108418
108451
108437
108554
108411
108537
108626
108567
108599
108443
109244
108719
)
;

boundaryField
{
    outershell
    {
        type            calculated;
        value           nonuniform List<scalar> 
1712
(
108559
108620
108467
108458
108477
108445
108560
108439
108582
108405
108410
108472
108461
108442
108392
108594
108483
108420
108504
108577
108498
108492
108473
108430
108405
108421
108446
108434
108452
108414
108588
108448
108463
108473
108513
108599
107389
107783
107855
107337
107158
107603
107736
107918
108460
108472
108475
108473
108473
108472
108467
108463
108456
108448
108437
108421
108401
108352
108243
108125
108198
108018
105544
105899
106386
106500
108179
108621
108714
109326
109129
109072
109149
109040
109316
109164
109113
109070
109067
109101
109164
109245
109308
109335
109329
109300
109099
109052
109146
107106
105833
106152
104146
107077
107397
107715
107766
107613
108391
108363
108434
108466
108448
108436
108448
108436
108448
108436
108449
108436
108449
108436
108449
108437
108449
108437
108449
108436
108448
108436
108448
108436
108446
108434
108444
108432
108441
108431
108439
108427
108435
108424
108432
108421
108428
108418
108423
108413
108416
108409
108411
108403
108403
108397
108395
108390
108387
108379
108375
108369
108352
108354
108324
108336
108287
108309
108208
108264
108075
108159
107556
107089
107945
107235
107158
107531
107549
107632
108232
108046
108481
108334
108551
108524
108573
108557
108559
108514
108536
108484
108504
108466
108477
108460
108463
108462
108460
108472
108467
108490
108480
108515
108502
108543
108530
108578
108561
108618
108599
108654
108637
108685
108670
108708
108697
108720
108717
108725
108726
108720
108726
108709
108718
108693
108705
108669
108684
108639
108654
109311
109290
108141
107543
108378
108615
108571
108109
108089
108101
107636
108486
108470
107223
108491
108487
106826
108474
108474
108473
108473
108469
108467
108460
108453
108442
108428
108410
108381
108320
108356
108488
108316
107923
108471
109097
109085
109067
109064
109126
109076
109065
109080
109128
109206
109280
109326
109336
109311
108303
109303
108547
108094
107719
107656
107703
107608
107935
107715
107785
108564
108438
108452
108462
107993
108610
108489
108485
108486
108483
108479
108475
108467
108458
108447
108429
108404
108360
107758
109115
109185
109263
109318
109337
109326
109273
108418
108384
108308
108478
108486
108481
108486
108491
107763
108487
108489
108963
109319
109333
109332
109072
109295
109226
109145
109090
108759
108516
108378
108465
109115
108514
108227
108511
108526
109078
108509
108516
108529
108530
108512
108493
108508
108504
108511
108525
108501
108512
108524
108492
109075
108482
108296
108472
108491
108499
108454
108476
108495
108489
108428
108411
108334
108504
108515
108450
108510
108513
108524
109065
109294
109065
109065
109074
109069
109184
109091
109103
109262
109279
109146
109130
109164
109225
109204
109244
109338
109073
109068
109081
109311
109332
109336
109332
109334
109317
108682
109307
108753
109187
109271
108062
107686
108355
108347
108373
108381
108405
108401
108411
108401
108412
108401
108413
108401
108413
108401
108413
108402
108413
108402
108413
108402
108413
108402
108412
108401
108411
108400
108409
108399
108406
108397
108403
108394
108400
108393
108396
108388
108392
108386
108387
108382
108386
108376
108380
108369
108374
108363
108365
108356
108356
108347
108345
108337
108329
108325
108309
108310
108280
108287
108239
108253
108152
108175
108002
108085
107888
107935
108375
108344
108521
108505
108493
108466
108481
108453
108462
108454
108456
108462
108459
108480
108467
108504
108489
108533
108517
108564
108549
108600
108582
108637
108619
108670
108655
108696
108684
108708
108707
108722
108719
108720
108721
108710
108714
108693
108702
108673
108688
108648
108626
108664
108464
108472
108023
108226
108786
109538
108498
108509
108934
109183
109271
108344
108442
108461
108449
108360
107736
108599
108313
109165
109205
109158
109073
108382
108319
108257
108513
109069
108479
108522
108601
108563
108636
108425
108504
108513
108525
108506
108389
108478
108399
108689
108416
108382
108436
108379
108518
108518
108528
109053
109073
109051
108523
109106
109318
109327
108337
108284
109307
109058
108200
108086
109250
109227
108017
108001
107877
108004
108503
108546
108534
108451
108350
108406
109077
109774
108040
108112
109061
108516
109071
108173
108252
109107
109064
108537
109204
108547
108504
109151
108550
108523
109068
109067
108556
108544
108556
108461
108505
108566
108563
109060
108415
108536
108551
108549
108542
108553
109111
109144
109062
108530
108540
109279
109337
108288
108504
108354
108332
108371
108351
108376
108365
108377
108366
108378
108366
108378
108367
108379
108367
108378
108370
108378
108371
108378
108372
108377
108371
108375
108370
108376
108365
108373
108362
108371
108359
108367
108356
108364
108354
108360
108349
108356
108347
108352
108342
108346
108337
108341
108331
108334
108327
108326
108321
108316
108312
108302
108300
108286
108285
108263
108267
108234
108241
108188
108197
108115
108754
108546
108441
108473
108449
108486
108437
108454
108441
108465
108442
108485
108468
108512
108493
108544
108527
108581
108562
108617
108599
108652
108635
108681
108666
108701
108691
108711
108706
108712
108710
108701
108702
108680
108688
108670
108634
108665
108192
108922
108785
108551
108560
108534
108544
109062
109439
108548
109584
109243
109262
108488
108548
108560
108563
109217
108513
108517
108562
108552
108472
108554
108564
108564
109073
109065
109068
108556
108538
109203
109223
108948
109240
108551
108519
108530
108556
108545
108555
108411
108383
108546
108560
109125
108272
108549
108336
108425
108131
109335
109335
109295
109308
108430
109162
109181
108448
108427
109327
109082
109074
109096
108337
108373
108269
109311
109324
109295
108561
108096
108044
108092
108562
109319
108534
108523
108458
108442
108444
108508
108509
108499
109354
108488
108493
108502
108092
109333
109322
109524
108508
108568
108099
108190
108585
108412
109109
109299
108576
108551
108618
109241
108572
108706
109056
108628
108575
108577
108152
108159
108720
108533
108323
108450
108342
108371
108352
108351
108351
108347
108351
108345
108351
108346
108349
108346
108353
108342
108351
108340
108351
108339
108352
108339
108349
108343
108348
108346
108346
108345
108344
108342
108341
108339
108338
108336
108335
108333
108331
108329
108327
108325
108322
108320
108315
108314
108304
108309
108303
108298
108294
108289
108286
108282
108273
108273
108258
108265
108242
108248
108221
108234
109139
108583
108425
108411
108469
108434
108498
108472
108529
108503
108566
108540
108602
108578
108637
108614
108668
108646
108681
108674
108708
108690
108691
108694
108682
108682
108345
108584
108584
108587
108553
108561
108565
108574
108565
108576
108576
109070
109080
109076
108745
109001
108531
109264
109285
108458
108179
108577
108540
108544
108586
108321
108278
108584
108584
109223
109245
108665
108575
108384
108409
108385
108544
108549
108583
108621
108592
108566
109315
109324
108566
108427
109337
109330
109342
108156
109097
109179
109201
109333
108588
108582
108524
108496
108201
108498
108535
109136
109115
109155
108574
108491
108510
108502
108269
108610
108759
108659
108557
108583
109626
109080
108613
109073
109070
108633
108589
108621
108217
108552
109191
109026
109123
109353
108594
108618
109389
109331
108449
108526
108585
109076
109068
109079
108622
108253
108592
108588
108582
108532
108606
108602
108611
108546
108424
108515
108380
108450
108352
108389
108344
108356
108339
108344
108340
108336
108338
108334
108337
108343
108336
108341
108336
108339
108339
108322
108333
108327
108329
108326
108326
108321
108324
108318
108321
108313
108317
108311
108315
108307
108310
108307
108305
108303
108299
108299
108294
108294
108287
108291
108285
108290
108278
108281
108268
108275
108258
108267
108249
108260
108245
108260
108370
108576
108577
108593
108916
108435
108384
108449
108424
108487
108455
108530
108499
108567
108538
108602
108579
108639
108617
108664
108647
108678
108667
108683
108673
108665
108460
108483
108524
108585
108577
108607
108587
108573
108562
108509
108401
109180
108582
108661
108548
108619
108578
109246
109323
109372
108589
109290
109271
109307
109204
108570
108549
108228
108602
108602
108616
108548
108526
108592
108268
109132
108602
108520
108570
108596
108930
108720
109367
108304
108562
108557
108563
108550
108610
108260
109224
108591
108602
108598
108517
108540
108566
108835
108286
109226
108592
108583
109508
108285
108422
109232
108705
108632
108628
108342
108560
108578
108566
109194
109061
109106
108365
108618
109106
109058
109114
108352
109164
109142
109184
108654
108621
108652
109383
109393
109230
108647
108273
108532
108614
108445
108479
108390
108425
108368
108381
108349
108372
108342
108346
108340
108349
108337
108345
108327
108342
108331
108338
108339
108342
108333
108339
108326
108336
108324
108330
108318
108326
108317
108319
108316
108317
108313
108314
108307
108313
108304
108310
108295
108300
108291
108288
108286
108289
108280
108286
108274
108283
108274
108282
108269
108274
108276
108296
108285
108581
108578
108304
108322
108553
108443
108499
108452
108527
108495
108571
108544
108607
108580
108647
108619
108663
108652
108631
108815
108612
108535
108545
108718
108544
108556
108566
108579
108596
108612
109183
109194
109325
109380
108636
108759
108674
109276
109074
108560
108559
108570
108565
109170
108344
108399
108353
108750
109272
109242
109325
108607
108545
108544
108960
108560
108938
108956
108851
108553
108551
108722
108412
108584
108597
108599
109100
109133
109067
108591
108593
109173
108574
108587
108615
108594
108555
108613
108577
108575
108597
109025
108960
108419
108564
108539
108547
108550
108563
108376
108602
108587
108598
108613
108684
108498
108592
108411
108520
108409
108447
108367
108409
108375
108372
108372
108376
108343
108371
108333
108373
108360
108353
108347
108344
108331
108352
108325
108352
108333
108333
108312
108334
108334
108319
108327
108318
108318
108319
108315
108327
108309
108331
108294
108331
108310
108320
108307
108316
108301
108313
108300
108312
108302
108312
108403
108562
108563
108560
108556
108554
108533
108489
108412
108528
108484
108574
108529
108605
108570
108585
108384
109070
109147
108587
108380
108583
108944
108824
109053
108587
108578
108553
108631
108647
108594
108589
108640
108576
108598
108550
108885
108550
108543
108537
108304
108318
108551
108553
108330
108545
108555
108621
108627
108552
108565
108741
109218
108581
108579
108591
108319
108318
109291
109270
108909
108539
108363
108609
109196
108444
108387
108524
108553
108561
108564
108677
108578
109252
108524
108519
108680
108788
108556
108645
108529
108540
108434
108496
108417
108463
108442
108383
108358
108464
108376
108399
108412
108404
108389
108400
108378
108391
108360
108390
108361
108405
108349
108387
108393
108341
108362
108347
108347
108363
108345
108350
108334
108359
108328
108362
108343
108371
108332
108354
108337
108348
108335
108348
108339
108347
108532
108551
108539
108633
108491
108432
108531
108479
108507
109060
108556
108588
108569
108547
108655
108530
108599
109077
108553
108553
108728
108527
108543
108505
108935
108849
108983
108556
108699
108677
108454
108346
108348
108536
108501
108929
108521
108477
108488
108601
108504
108515
108531
108574
108564
108519
109164
108370
108375
108369
109208
108602
108447
108568
108589
108752
108527
108528
108756
108592
108972
108911
108530
108848
108571
108519
108548
108507
108608
108478
108486
108714
108687
108463
108409
108468
108377
108436
108457
108395
108448
108413
108425
108369
108438
108410
108414
108395
108390
108368
108419
108369
108394
108388
108407
108381
108396
108389
108401
108397
108430
108537
108653
108628
108774
108486
108525
108528
108587
108562
108446
108690
108509
108496
108486
108587
108505
108492
108531
108517
108388
108436
108401
108390
108421
108509
108515
108513
108697
108506
108538
108487
108557
108540
108545
108357
108479
108929
108511
108455
108509
108399
108820
108375
108493
108453
108468
108532
108448
108491
108560
108448
108503
108436
108462
108486
108473
108292
108412
108391
108393
108419
108413
108437
108438
108454
108429
108487
108516
108452
108495
)
;
    }
    shellend1
    {
        type            calculated;
        value           nonuniform List<scalar> 
107
(
109305
109211
109147
109113
109106
109104
109106
109112
109120
109133
109150
109170
109191
109212
109233
109252
109268
109281
109290
109290
109282
109264
109245
109240
109259
109331
109332
109167
109118
109092
109078
109073
109076
109089
109108
109132
109164
109208
109243
109274
109289
109318
109327
109321
109304
109295
109296
109320
109278
109178
109120
109102
109110
109098
109097
109102
109109
109120
109137
109157
109179
109201
109223
109246
109264
109280
109292
109300
109293
109318
109294
109282
109261
109247
109265
109294
109335
109109
109299
109334
109115
109098
109090
109083
109082
109106
109126
109150
109225
109254
109278
109314
109302
109275
109319
109315
109326
109088
109180
109303
109260
109258
109199
109195
109305
109266
109092
)
;
    }
    shellend2
    {
        type            calculated;
        value           nonuniform List<scalar> 
107
(
108570
108546
108521
108499
108486
108490
108483
108489
108502
108516
108529
108547
108564
108584
108603
108621
108638
108654
108663
108671
108673
108671
108684
108665
108658
108653
108644
108630
108615
108595
108563
108517
108489
108474
108469
108471
108481
108499
108521
108546
108577
108619
108651
108678
108702
108712
108715
108711
108701
108687
108666
108636
108604
108530
108507
108484
108483
108493
108506
108517
108532
108551
108571
108592
108613
108633
108650
108665
108676
108683
108673
108681
108667
108656
108642
108626
108608
108582
108584
108555
108505
108486
108473
108475
108482
108518
108540
108564
108634
108660
108680
108702
108699
108684
108669
108617
108532
108502
108608
108700
108704
108641
108495
108593
108650
108689
108549
)
;
    }
    inletshell
    {
        type            calculated;
        value           nonuniform List<scalar> 
62
(
109451
110077
110006
109279
109640
109323
109629
109434
109511
110231
110174
109519
109604
110259
109807
109588
109636
109580
109443
110291
109262
109626
109292
110192
110031
109298
109746
109282
109983
109326
110074
110273
109562
109344
109617
110221
109725
109152
109272
109742
110007
109344
109332
109405
109086
109449
110296
109202
109804
109652
109574
109542
109531
110303
110280
109454
109665
109777
109596
109341
109897
109755
)
;
    }
    outletshell
    {
        type            calculated;
        value           nonuniform List<scalar> 
62
(
99880.8
99262.6
95528
97274.4
99247.2
99411
100261
99033.6
99769.2
98185.9
98868.2
99210
96371.6
99817.1
100301
100728
98954.8
100099
100030
99936
100632
98907.7
98479.4
99522.1
98457.7
99492.4
100025
97962.3
101079
98733.1
100905
100276
99444
100540
99009.8
99930.4
99579
100988
100180
100695
99225.8
100446
99728.7
100971
100872
100230
100223
99445.6
99994.8
97945.3
100663
100883
99203.8
100795
99969.5
98906.6
100279
99758.7
99811.8
100071
100021
101107
)
;
    }
    inlet
    {
        type            calculated;
        value           nonuniform List<scalar> 
24
(
109337
109514
109585
109595
109609
109851
109802
109583
109880
109640
109746
109858
109588
109452
109878
109277
109499
109586
109642
109598
109723
109732
109698
109647
)
;
    }
    outlet
    {
        type            calculated;
        value           nonuniform List<scalar> 
24
(
100013
100027
100039
100028
100040
100028
100028
100014
99989.2
100002
99974.7
99961.3
99973.8
99960.8
99972.2
99972.5
99986.7
100000
100014
100014
100002
99988.3
99987.5
100001
)
;
    }
    shell_to_copper
    {
        type            calculated;
        value           nonuniform List<scalar> 
2820
(
109203
108564
108574
108505
108379
108416
108446
108389
108480
108417
109282
108591
109113
108605
108469
109964
108457
108426
108427
108491
108427
108469
108411
108455
108487
108427
108375
108525
109111
108523
108620
108523
108380
108547
108584
108632
108354
110503
108245
109104
108636
108643
108501
108237
109114
108239
108150
108546
109118
108201
108541
108407
108364
108252
108354
108365
109126
108497
108482
108425
108394
109261
108515
108640
108444
108545
108334
108597
108536
108508
108361
108585
108586
108368
108455
108447
108290
109113
107594
108645
108443
108289
108480
108010
108353
108448
108377
111245
109255
108364
108351
107589
109275
108474
108633
108357
108467
108120
108429
108443
108692
108492
109481
108644
108519
108802
108491
109108
109393
108632
108416
109357
108278
108444
108500
107879
108490
108459
108547
108490
109197
108506
108443
108351
109270
108366
108443
108517
108375
108650
108391
108521
108390
109114
108157
108439
108386
108387
108404
108489
108505
108297
108592
108395
108410
108374
108454
108093
108480
108357
108476
108460
108407
108472
108373
108466
108512
108610
108474
108384
108475
108333
108388
108425
108537
109192
110147
108523
108346
108474
108526
108495
108534
108436
109131
108607
108520
108386
108488
108409
108705
108672
108515
109402
109080
109177
109067
108283
109221
109253
109221
109248
109222
109117
108468
108245
108395
108448
108066
108197
108497
108362
108422
108639
108493
108453
108502
108462
108445
107720
108423
108378
108477
108586
108542
108469
108389
108421
109368
108768
108330
109138
108839
109263
108384
109256
109143
108425
108344
108337
109225
109234
108488
109289
108346
108301
108400
108453
108509
108605
108468
108353
108340
109281
108512
108424
108452
108475
108667
108657
108393
108496
109111
108168
108487
108518
110375
112130
108396
108486
108404
108510
108459
108395
108396
108407
111167
108621
108466
108394
108465
108442
108397
108760
108347
109122
108371
109121
108495
108496
108515
108504
108536
108442
108390
108506
108549
108441
108333
108329
108418
108371
109090
108325
108844
108526
108524
108457
111627
108533
108648
108436
108364
108356
108418
108564
108508
108072
108529
108368
108356
108646
108384
108513
108502
108556
108398
109110
109030
108358
108376
108500
108437
108508
108305
108555
108537
109284
108499
108270
108306
109246
108300
108547
108348
108610
108423
109248
108368
108374
109284
109242
108527
108484
108456
108521
108418
108550
108499
107701
108559
108449
109075
108482
108548
108418
108496
108487
108329
108409
108423
108481
108464
108393
108533
108434
108435
108382
108460
108368
108594
108341
108376
108542
108521
108420
108351
108312
108342
109136
109114
109110
108425
108639
108536
108307
108628
108328
108078
108690
108590
109154
109088
108264
108325
108386
108522
108373
109231
109184
108592
108531
108472
109146
108515
108499
108077
108423
109111
108871
108302
108418
109139
108414
108333
108651
108491
108629
108523
108551
108345
108419
108557
109166
108443
108358
108491
108048
108460
108499
109165
108482
108487
108471
108479
108396
108378
108423
108389
108405
108540
108561
108505
108498
108484
108395
108371
108363
108350
108396
108548
108490
108334
108536
108406
108465
108490
108381
108623
108408
108368
108429
108359
108472
108552
108493
109171
108167
108488
109106
108447
108532
109275
107837
108402
108458
109284
108530
108152
108503
108516
108470
108410
108521
108489
109895
108406
109877
108453
108518
108550
108474
108467
108514
108514
108369
109133
108359
108376
108487
108400
108459
108364
109035
108604
108275
109059
108497
108471
108586
108405
108356
108644
108642
109043
108500
109086
109079
107546
108599
109100
108383
107749
108438
108394
108426
108487
108342
108393
108556
108588
108418
109029
108494
108487
108491
108394
108426
108875
108423
108392
108347
108521
108377
108350
108361
108540
108268
108395
108490
108394
108511
108327
108348
108507
108347
108404
108380
108279
108420
108458
108636
108453
108486
108482
108440
108398
108554
108356
108375
108501
108501
107997
108397
108880
108438
108446
108404
108440
108483
108402
109127
108551
108450
108316
108570
108430
108400
108384
108358
109369
108366
108300
108524
108532
109222
108448
108326
108319
108234
108522
108522
108165
109230
108417
108516
108488
108380
108465
108431
108402
108370
108503
108665
108487
108454
108534
108574
108713
108542
108336
108369
108643
108297
108446
107785
108337
108045
107637
108416
108546
109134
109114
109214
109211
108634
108574
108179
108381
109159
108508
108421
108567
108389
108467
108490
108499
108456
108575
108504
109112
107995
109168
109160
109150
108495
109058
108361
108447
108406
108586
108442
108402
108338
108518
110004
108509
108490
108444
108524
108503
108389
108387
108393
108857
108487
109169
108421
109157
108473
108457
108366
109253
108417
108410
108600
108514
109112
108154
108626
108631
108447
109167
108387
108386
108626
108451
108380
108625
108621
108568
108348
108363
108364
108377
108289
108610
108596
108439
108391
108614
108434
108547
108396
108396
108399
108368
109275
108480
108498
108455
108317
108533
108398
108550
108626
108590
108562
108849
108470
109019
108667
108473
108488
107794
108143
108462
108414
108477
108393
108409
108436
108464
108377
108539
109133
108606
108377
108376
108331
108398
108363
108552
109008
108362
108337
108408
108476
108206
107684
107856
108449
108269
108167
108392
108297
109287
109088
108488
108500
108511
108521
108515
108540
108357
108539
108576
108500
108613
108470
108509
108482
108433
108550
108636
109075
109255
108397
108341
108564
108480
108396
108682
108667
108532
108393
108377
108310
108384
108275
108349
108308
108268
108507
108576
108571
108685
108384
108526
108347
108416
108549
108839
108250
108418
108384
108467
108522
108508
108513
108411
108577
108339
108641
108515
108527
108470
108627
108342
108560
108620
108462
107563
108365
108329
108496
108560
110222
108492
108703
108459
108316
108488
108423
108481
108479
108440
108529
108499
108374
108347
108368
108381
108467
108473
108314
108397
108410
108366
108306
108443
108448
108601
108501
109043
109035
108371
108943
107845
108428
108415
108431
108594
109147
108285
109213
108355
109122
109122
109126
108392
108731
108334
108474
108452
108389
108404
109271
108431
108507
108401
109277
108353
108377
108426
108382
108411
108419
108457
108573
108617
109285
108447
108442
108417
108406
108407
109287
109122
108518
108338
108509
109118
108494
108418
108452
108430
108483
108431
108555
108660
108389
108406
108555
108465
108357
108450
108416
108394
109190
109249
109158
108395
108377
108388
108392
108635
108449
108400
108450
108503
108479
107928
108225
108204
108828
108348
109251
108467
109113
109236
108523
109281
108420
108437
108593
108467
108475
108659
108138
108498
108746
108422
108525
108386
108521
108365
108489
108946
108446
108355
108654
108404
108612
108357
108494
108536
108415
109036
108332
109177
108491
108413
108290
108079
108382
108455
108742
108238
108443
108404
109081
109308
108494
108600
109105
109242
108420
108350
108514
108946
108359
109279
109117
108391
109275
108478
108530
108452
108525
108334
108500
108391
109256
108544
109248
108374
107972
108450
108462
108479
108492
108723
109270
109020
109188
108412
108427
111107
108425
108484
108415
108436
108447
108442
108455
108502
108569
108377
108572
108428
108460
108426
108429
109182
109262
108396
108191
108407
109114
108418
108408
108366
108378
108379
108343
108354
109201
108415
108534
108640
109124
108333
108463
108329
108391
108345
108268
109198
108112
108338
108448
108473
108383
108239
108374
108389
109258
108458
108449
108558
108512
108388
109130
108770
108569
109204
108751
108384
108502
108561
109170
109112
108508
108487
108573
108443
107976
108381
108732
108475
109119
108516
108519
108354
108461
108087
108378
108406
108389
108552
108662
107868
108664
108615
108582
108635
109270
108289
109066
109221
109212
108362
108637
108360
107965
108534
108418
108558
108390
108354
108355
108420
108414
108386
108348
108390
108402
108510
108519
108417
108328
108374
108613
108394
108546
108662
108377
108425
108334
108336
108528
108398
108361
109283
108382
109108
109137
108325
109230
108362
108307
109239
109254
109310
108391
108440
108452
108455
109327
108632
108451
108530
108426
108443
108447
108436
108432
108460
108336
108251
108466
108544
112100
108425
109114
108551
108562
108333
108426
108443
108355
108563
108468
108499
108345
108653
109126
108479
108452
108976
108428
108539
108466
108471
108464
108456
108503
108386
108507
108311
108419
108171
108444
108198
108371
108351
108492
109151
109279
109264
109115
109111
109825
109041
108506
108502
108378
108505
109018
108439
108951
108532
108542
108537
108511
111355
109265
108465
108468
108258
108363
108258
108443
108247
108428
108374
108656
108411
108223
109197
108486
108491
108500
108437
108521
108346
108636
109240
108391
108385
108506
108631
108478
108402
110832
108426
108556
107895
109326
109071
108568
108453
108442
108560
108502
109241
109201
108621
108572
108564
108466
108430
108357
108372
108438
108317
108324
108626
107957
108781
108357
108517
108529
108615
108520
108369
108527
108001
108641
108469
108387
108313
108502
108476
108536
108548
108650
108189
108929
108441
108426
108354
108441
108393
108492
108527
108393
108535
108390
109285
108945
109285
108360
108628
108666
108533
108546
108587
108258
108588
108712
108453
108512
108506
108523
108402
108367
108337
108267
109260
109248
109172
109237
108468
108334
108318
108500
108347
109106
108474
108561
108566
109084
108282
109121
108433
108372
108535
108595
108534
108445
108536
108443
108378
108808
108393
108541
108646
109172
108508
108439
108418
108377
108558
108518
108556
108546
108450
108299
108525
108508
108517
108559
108353
108365
108477
108586
108621
108510
108575
109003
108394
108563
108402
108398
108424
108359
109108
108614
108366
108546
108451
108463
108416
108366
108462
108731
108384
108335
108394
108419
108375
108457
108373
109185
108605
108284
107722
108663
108731
108615
108364
108607
108573
108372
109835
108613
109274
108510
108543
108598
108875
108514
108550
108525
108388
109132
108465
108426
108353
108409
108478
108442
108958
108553
108429
109135
108526
108378
109088
108550
108480
108345
108481
108448
108539
108400
108455
108386
108570
108418
108545
109146
108415
108490
108389
108388
108397
108502
108481
108459
108501
108488
108992
108516
109154
108548
108473
108506
108620
108650
108617
108633
108430
109187
109163
108370
109274
108549
108602
112006
109088
108418
108546
108988
108597
108455
108610
108362
108390
108365
108338
108441
108364
108371
108360
108348
108467
108383
108376
108398
108419
108364
108438
108297
107804
107891
107581
109256
109113
108038
108568
108659
108569
108523
108658
108654
108386
109221
109201
109150
108538
108405
109211
109298
108511
108399
108665
108476
108457
108120
108196
108370
108420
108399
108467
108452
108452
108423
108498
109247
108443
108449
108531
108443
108411
108360
108542
108529
108388
108419
108398
108532
108398
108452
108274
108553
108389
108407
108255
108578
108397
108470
108417
109175
109232
109124
108394
109031
108441
108599
108402
108442
108338
108434
108373
108404
108609
108353
108342
108389
108397
108337
108668
108534
109281
108915
108475
112141
108588
109023
108368
108387
108593
108234
108082
108591
108582
108572
108266
108429
109062
108759
108430
108557
108472
108415
108452
108550
109354
108481
108290
108327
111780
109283
109115
109140
107939
109225
108414
108487
108424
108399
108655
108384
108355
108439
108435
108886
108336
108538
108486
108523
108494
108450
108493
111083
108376
108474
108441
108510
109117
109129
108432
109287
108465
108549
109070
108418
108094
108487
108426
108310
108442
108368
108327
108564
110007
108695
107839
108521
108627
108472
108489
108457
108500
108426
109211
108657
108436
108432
108165
108464
108522
108527
108419
108432
108439
108530
108345
109288
108623
108418
108719
109163
108664
108485
108665
108495
108667
108527
108381
108385
108371
108484
108431
109162
108650
108387
108368
108531
109244
109239
108486
108512
108688
108516
108655
108390
108926
108873
108501
108380
108422
108447
108405
108408
108475
108465
108355
108482
108391
108446
108488
108652
108389
108401
108370
108312
108433
107546
108616
108510
108532
108552
108371
108393
108488
108485
108597
108607
108622
108416
109037
108795
107982
108611
108373
108394
108375
109217
108474
109200
108359
108531
108483
108379
108379
108409
108300
108444
109224
109278
109264
108504
108471
108513
108493
108348
108357
108476
108447
108368
108363
108341
108511
108471
108659
108610
108540
108366
109169
108461
108287
108389
108574
109138
109145
108444
108613
108340
108414
109171
108385
108403
109110
108387
108513
108550
108598
108452
108419
108464
108365
109181
107748
108374
109113
108477
108415
108316
108433
108420
108520
108507
108485
108540
108578
108547
108777
108399
108510
108419
108182
108546
108390
109092
108491
108376
108909
108352
108530
108891
108425
108530
108523
109286
108461
108609
108424
108523
108550
108392
109139
108354
108418
108574
108526
108842
108309
108426
108601
108488
108615
108501
108552
108530
108619
108386
108414
108350
108418
108297
108295
108283
108478
108643
108415
108291
108399
108525
108407
108378
109051
108450
108480
108558
109111
108362
108438
108354
108386
108404
108398
108416
108520
108395
109123
108566
108461
108525
108403
108362
108415
108738
108331
108312
108563
108307
108474
108529
108475
108586
108144
108406
108612
109034
108503
108903
108387
108374
108518
108427
108536
108309
108375
108528
108643
108508
108050
108470
108485
108379
108409
108424
108613
108334
108648
108504
108416
108382
108258
108338
108644
108346
108449
108448
108368
108392
108485
108465
108361
109039
109131
108469
108409
108618
108509
108421
108494
109275
109300
109268
109278
109274
108381
108453
108358
108438
108414
108549
108335
108598
108496
108650
108654
108390
108514
108490
108448
108570
108560
108516
108352
108387
108511
109239
108507
108396
108566
108535
108386
108426
108333
108368
109169
109113
108943
108489
109235
108339
108385
108706
108468
108515
108506
108463
108374
108279
108544
108523
109043
109087
109096
108942
108489
108389
109108
111063
108393
108401
109026
108538
108391
108435
108398
108416
108415
108468
108543
108428
108591
108439
108568
108485
108384
108388
108446
108584
108573
108506
108396
108316
108457
108362
108250
109861
109132
108452
108367
108382
108612
108422
108451
108547
108518
108424
108407
108244
108283
108390
108337
108386
108397
108173
108473
108149
108050
108605
108447
108469
108605
108616
108370
108528
108543
108336
108409
108472
108586
108466
108416
108392
108464
108509
108394
108335
109213
109181
108537
109057
108492
108338
108452
108443
108388
108281
108307
108399
108450
108492
108320
108292
108333
108461
108513
109260
108383
108415
108508
108515
108384
108395
108301
108400
107746
108507
108329
108334
108494
108545
108581
108574
108367
108568
108490
109094
108380
108383
109097
109142
108420
108394
108336
108529
107876
107575
108300
109132
108394
108512
108612
108361
108374
108613
108386
108388
109109
108377
108402
109283
109112
109113
108523
108485
108474
108497
109076
108498
108396
108418
108374
108478
108421
108371
108413
108491
108447
108460
108435
108463
108455
108380
108187
108319
108200
107647
107691
109172
109271
108542
108406
108487
108547
108630
111619
109248
108466
108444
108452
108336
108637
108420
108543
108437
108464
109288
108342
108482
108242
108331
108487
108487
108486
108372
108486
109276
108417
108512
108511
108303
108354
108362
107803
107805
107919
108357
108360
109210
108656
108510
108490
108400
108628
108464
108616
108544
108404
108403
108541
108328
108376
108366
108536
108513
108126
108353
108367
108360
108539
107670
108388
108360
108345
108464
108389
108352
108410
109278
109116
109118
108550
108448
108589
108416
108500
108719
108461
107733
109121
108348
108644
108439
108498
108351
108503
108641
108407
108490
108478
108508
108482
108450
108350
108567
108478
108114
108397
108635
108627
108661
108651
108651
108482
108643
108583
109270
108395
108475
108472
108482
109134
108470
109213
109199
108644
108486
109228
108916
108534
108412
108413
108513
108423
107975
108468
108342
108378
108522
108369
108544
108555
108386
108312
108332
108510
108504
108424
108505
108403
108469
108388
108478
108318
108380
108380
108443
108648
108629
109111
108406
108543
108455
108652
108554
108532
108502
108647
108642
109169
108567
108652
108384
108385
108334
107776
108537
108527
108485
109253
109183
108557
108426
108535
108468
108438
108396
108417
108369
109287
109258
108462
108449
108442
108819
108482
108407
108707
108324
108347
108312
108402
108666
108349
108523
108539
108364
108529
108198
108482
108341
108486
108270
108376
108546
108424
108268
108552
108575
108423
108486
108582
108443
108543
108419
108445
108580
108103
108487
108531
108543
109182
109115
108451
109113
109286
108440
108657
109232
108058
109204
108564
108599
108426
108533
108462
108614
108372
108391
108432
108434
108219
109140
109113
109087
108762
108387
108463
108385
108404
108467
108518
108304
108483
108319
108474
109124
108624
109172
108468
108664
108390
108489
108665
108547
108524
108522
108525
108494
108494
108417
108637
108388
109113
108389
108389
108387
108367
109141
107961
108420
108383
108534
108262
107942
108402
108517
108534
108450
108641
109288
108915
108586
108582
108810
108485
107814
108460
108129
108428
108223
108418
108369
108419
108299
108628
108586
108232
109197
108592
109157
109235
109088
109119
108463
108452
108545
108426
108638
108468
108457
108620
108480
108475
108189
108368
108417
108325
108461
108317
108411
108509
108379
108403
108386
109264
108390
108373
108337
108395
107972
107932
108785
108365
108557
108568
108783
108366
108534
108337
108385
108356
108389
108384
108334
109086
108942
108542
108477
108585
108483
108361
108370
108649
108493
108432
109113
108558
108465
108542
108349
108377
108385
109219
108500
108529
108477
108479
108344
108533
108343
108440
108502
108617
108463
108579
108443
108417
108461
108595
108428
108483
108484
108492
109220
108478
108460
108507
108531
108374
108569
109281
109280
108647
108836
112328
108401
108461
109103
108483
108478
108384
108461
108426
108402
108498
108522
108475
108390
108139
108606
108374
108479
109113
108485
108367
108606
109919
108027
108399
108508
108628
108619
108277
108339
108456
108503
109240
108490
110845
108488
108395
108443
108466
108441
108378
108479
108237
108159
108516
108477
108389
108382
108406
108535
108323
108315
108321
109117
108329
108386
108387
108508
108510
108440
108585
108507
108617
108329
108412
108454
108316
108303
108299
109276
108131
108417
108520
108379
108394
108497
108519
108411
108568
108490
108535
108342
108637
108531
108472
108500
108392
108292
108873
108396
108466
108395
108384
108602
109119
108383
108402
109214
108388
108380
108366
108511
109146
109066
108945
108972
109070
108520
108468
108452
108473
108500
108445
108566
108533
108584
108441
108500
108555
108543
108381
108507
109072
108372
108367
108399
108306
108536
108658
108330
108339
108528
108348
108482
108552
108576
109188
108513
108663
108374
108567
108513
108402
108336
108464
108656
108475
108489
108375
108497
108376
108326
108458
108378
108400
108469
108409
108472
108403
108426
108400
108378
108374
108452
108371
109297
108541
108411
109258
108410
108367
108325
108316
108517
108285
108638
108613
109210
108408
109117
109284
108663
108498
108603
108415
108537
108350
108341
108410
108493
108468
108478
108622
108444
108644
108531
108487
108422
108434
108339
108444
108434
108393
108381
108427
108519
108169
108472
108374
108203
108410
109230
109120
108416
108388
108595
108657
108652
108440
108545
109246
109231
108985
109185
109156
109178
109190
108515
108331
108441
108406
108370
108729
108899
)
;
    }
}


// ************************************************************************* //
