/*--------------------------------*- C++ -*----------------------------------*\
| =========                 |                                                 |
| \\      /  F ield         | OpenFOAM: The Open Source CFD Toolbox           |
|  \\    /   O peration     | Version:  2312                                  |
|   \\  /    A nd           | Website:  www.openfoam.com                      |
|    \\/     M anipulation  |                                                 |
\*---------------------------------------------------------------------------*/
FoamFile
{
    version     2.0;
    format      ascii;
    arch        "LSB;label=32;scalar=64";
    class       volScalarField;
    location    "2/shell";
    object      p_rgh;
}
// * * * * * * * * * * * * * * * * * * * * * * * * * * * * * * * * * * * * * //

dimensions      [1 -1 -2 0 0 0 0];

internalField   nonuniform List<scalar> 
7335
(
109193
100131
100051
108567
101063
108316
109198
99699.3
100952
100556
108433
108584
109345
108403
109198
108471
109198
108526
108513
109146
109220
108429
109202
102302
108630
108431
107200
109200
108653
109195
108454
109222
109972
110028
109647
108492
108511
108501
108460
108468
108452
108455
108502
108432
108444
108429
108477
108545
108480
108379
108453
108477
108303
108600
109201
108447
109201
108468
109195
108603
108533
108455
108466
108435
109168
108454
108597
108420
108613
108613
108606
108218
108559
108431
110477
109340
108318
109170
109150
109201
108606
108605
108576
109192
109178
109156
108445
109201
108573
108833
108436
109201
109182
109201
109133
108434
108608
108609
108595
108445
109112
109119
108571
108445
109180
109202
108313
109201
109198
108303
109204
108408
108471
108185
108456
108497
109205
108255
109201
108272
109186
108570
108193
109188
108572
108458
108590
108585
108392
109220
109197
100148
100682
108395
108381
108318
108581
108427
108446
108439
108446
109199
108412
108440
108433
108464
108420
108408
109201
109249
108449
108432
109207
108431
108443
108455
108600
109683
108453
108469
108419
108575
108572
108596
108478
108430
108854
108446
108498
108445
108557
108439
108440
108467
108575
108434
109869
108537
108619
109479
108532
108299
109200
108704
108460
108431
108456
107562
108597
108614
108461
108298
108457
109527
108459
108027
111244
108441
109821
108363
108439
108440
110039
108515
108370
111239
109201
108900
107574
109201
109351
108434
108435
106806
108436
107582
109201
109290
107526
109200
108501
109201
108558
108080
109198
109201
108460
107216
109331
108602
108379
108388
108555
108374
108612
108578
108578
108569
108585
106279
108577
109508
109528
108460
108461
109526
108467
109308
108177
108460
108477
108460
108461
108459
108449
107940
108779
108398
108426
108424
108612
108606
109466
108605
108459
108716
108459
108384
109024
109435
108577
109096
108546
108459
108439
109181
108469
109390
108460
108242
108574
108459
109192
108613
108443
108440
108585
109195
108389
108460
108584
107912
108319
108566
108575
108696
108432
108442
108460
108458
108413
108579
109197
108460
109087
108453
108359
108455
109201
109206
108460
108322
109146
108328
108448
108385
109564
108386
108454
109201
108419
108560
108481
108424
108444
108705
108538
108442
108462
108589
108586
108487
108567
108441
108459
109320
108460
108479
108561
108595
108421
108590
108425
109200
108101
108583
108426
108469
108485
108140
108380
108473
108462
108469
108418
108284
108377
108459
108460
108561
108463
108449
108383
108429
108157
108374
108418
108439
108590
108469
108453
108415
108485
108457
108444
108402
108483
108463
108460
108560
108418
108460
108447
108427
108442
108460
108458
108190
109201
108367
108398
108416
108432
108426
108434
108417
108454
109201
108421
108445
108468
110119
108418
108429
108412
108446
108413
108435
108431
108370
108445
106207
108444
108435
108458
108459
109427
108459
108453
108459
108459
108464
108380
108477
108518
108453
108425
108445
108458
109168
109201
108583
108622
109187
108274
108431
108451
108499
108394
108582
108467
108463
108458
108472
108460
108444
108444
108624
108470
108458
108528
109132
108552
109138
109046
109058
109062
108588
108458
108506
109396
109120
108497
109167
108452
109201
109201
109185
109074
108270
109201
109269
109175
109201
109201
109173
109201
109200
109199
108588
108451
109199
108442
108448
109201
109201
108448
108263
108495
109603
108235
109201
108460
109201
106100
108462
108363
108074
109574
108434
108154
107850
108445
108155
108244
108490
108462
109201
108428
108433
108471
108435
108577
108427
108433
108447
108419
108198
109230
108449
108576
108442
108473
107607
107697
108432
108542
108507
108446
108523
108615
98833.1
108495
108474
108545
108460
104763
108664
108467
108462
108459
108380
108488
109202
108478
108529
108470
108469
108811
108420
108536
109410
110686
108854
108417
109194
108916
108103
109201
109201
108419
109200
108612
108592
108360
109206
108555
107740
109098
108402
108460
108578
108021
108527
109201
108577
108449
110065
108318
108303
99968
109155
109202
108462
109187
109164
101031
108574
108596
108302
108584
108581
108455
108439
109201
108432
108294
108444
108568
108452
108535
108468
108582
108453
108430
108426
109358
108343
108432
108428
108164
108408
109201
108460
108465
108494
109183
108452
108454
108552
109692
109200
108459
108460
108460
108581
108578
108468
110464
108520
108584
108473
109334
108449
109198
109733
108118
109793
109288
107732
108460
108109
109185
108460
108450
110350
112124
108593
109199
107727
109184
108491
108463
108445
108471
108444
108460
108531
108460
109201
108462
108413
109557
108460
108417
108461
108415
108330
109091
108457
111184
108460
108507
109262
108407
109707
108556
108460
108545
108585
108444
108451
108410
108611
108459
108277
108611
108458
108584
108460
108568
108459
108969
108575
108423
109189
108453
108463
108845
108440
108432
109202
109220
109201
108452
108459
99163.2
109201
109329
109201
108457
109193
108460
108412
108455
108412
108464
108459
108591
108611
108613
108457
109392
108459
108434
108449
108556
108532
108459
108449
108446
110216
108451
108554
108598
108356
109302
108478
109337
109142
108430
109713
109555
108220
108397
108679
108399
108260
108356
108388
108417
108411
108470
109459
108567
109177
108391
108386
108794
108564
108393
108573
108460
108358
108419
108460
108390
108484
108369
107763
108433
108424
111614
107571
108435
107588
108602
108332
108569
109426
109287
108430
108447
108438
108601
108452
108595
109313
108399
108458
108445
109351
108438
108435
108489
110354
108462
109202
108458
108507
108581
108800
109247
108460
107966
108457
108459
108588
108461
108472
108455
108483
108459
108170
108125
109128
108137
108439
107758
108456
108466
108351
110282
108552
108420
108437
110004
108463
108460
109199
108332
109200
108433
108466
108451
100064
107675
108365
108390
109201
108488
108474
108460
108456
108547
108431
109180
110840
108452
109155
108610
108523
108436
108461
108455
109401
107801
108706
108465
108492
108574
108536
101019
106430
108036
109201
109156
108489
108798
107947
108730
108406
108592
99772.6
109201
107911
108481
108499
108468
108510
108576
108615
108496
108337
108467
108459
108485
108455
108453
108464
107868
108445
108420
108546
108431
108395
108530
108790
108411
108458
108465
108472
108452
108473
108586
109200
108450
108438
108465
109130
108341
108431
108468
108461
108480
108551
108585
108460
108461
109201
108435
108440
108478
106333
108461
108461
108462
108462
108473
108450
109842
109195
108432
108434
108466
108438
108151
109316
109190
108490
109211
108469
109069
108434
109291
109157
108571
109185
109201
109162
108874
108442
108778
108513
109201
109201
108748
108470
108941
108943
108453
108434
108438
108430
108436
108540
108480
108454
108460
108451
108451
109181
109190
108471
108555
108492
108445
108576
108558
108583
109120
108580
108569
108440
108590
109113
110247
108560
108568
108240
108459
108449
108452
108492
108888
108583
108462
108923
105505
108445
108586
109209
109031
109061
109201
109201
108586
108609
109179
108473
108611
108472
107882
99280.1
100155
101759
109171
108438
109179
109155
108437
108449
108515
103240
108467
107356
108599
108425
107735
106927
108502
108462
108436
108466
108450
108556
108564
109229
109202
108446
108490
108463
108569
108461
108454
108460
108609
108477
108461
108460
108615
108461
108460
108457
108451
108601
108574
108452
108456
109111
109198
109636
108450
108457
108446
109200
108612
108460
108193
108448
108585
108460
108445
108460
109206
108913
108417
108490
108452
108420
108547
108320
108442
108437
109127
105353
108578
108426
108425
108425
108460
108399
108461
108459
108439
108375
109216
108459
108441
108437
108456
108552
108384
108439
107592
109183
108455
108436
108481
107790
107947
108523
108435
108505
107451
107964
108442
108506
108449
108573
107778
107844
107924
109314
108329
108383
108419
108438
108459
108332
108475
106956
108350
109200
108650
108546
108428
109269
108572
108455
108474
108453
108614
108460
107568
108430
108414
108467
109199
109192
108460
108437
108451
108450
108438
108485
109201
108468
108477
108408
108492
108282
108605
108428
108556
108936
109199
109201
108231
108085
108364
109137
109201
108597
108115
108581
108439
109200
109200
109142
108157
108545
108574
108514
108485
108467
108436
108575
108153
108025
108593
108615
108606
108422
109202
108600
108593
108454
108459
109077
108453
109201
100652
109136
108484
108470
108602
108475
108449
109201
108569
108454
108434
108460
108454
108566
108458
108482
108444
108537
108454
108460
108464
108454
108433
108581
108458
108450
108609
108452
108454
108610
108425
108914
108897
108873
108578
108608
108581
108574
109120
108578
108460
108581
108464
108443
108432
108252
109201
108558
108537
108542
108584
108448
108444
108438
109201
108392
108580
109098
108415
109193
108367
108460
108386
108265
109149
108402
108446
108461
108561
108459
108466
108438
108569
108575
108481
108423
108424
108455
108613
108451
108466
108418
108478
108402
108418
108410
108395
108435
108437
108425
108405
101117
108972
108421
108584
107998
108164
108430
108424
108520
108464
98504.3
108997
108452
108434
108616
108469
109201
108429
108455
108449
108429
108467
108400
108463
108474
108444
108445
108477
108434
108462
108424
108462
109134
108584
108460
108448
108464
108438
108458
108459
108459
108613
108602
107632
108432
109201
108431
108581
109149
108461
109192
108453
108955
108425
108469
108459
108426
108612
112108
108424
108460
108357
109811
108414
109619
108721
108457
108424
108414
108430
108464
108335
108456
108462
108459
108886
108405
108460
108316
108463
108440
109164
106497
108376
108411
108405
108428
108404
109203
108583
108480
108519
108422
108400
108336
108592
108351
108566
108424
109200
108611
108566
108386
108472
108260
108217
108452
108599
108420
108186
108471
108601
108580
109873
108608
108442
108445
108595
108515
108548
108467
111184
108347
108455
108448
108468
108863
108426
108453
108413
108606
108358
108415
108394
101589
109128
108440
108632
108367
108314
108439
108293
108373
108374
108443
109176
109197
109185
108456
108445
108342
108339
108476
108426
109201
108359
109201
108855
108339
109201
109180
108442
108404
109107
109201
109201
108457
108464
108217
109201
108460
108610
109201
108584
108458
109200
109174
108988
109201
108503
108544
108778
108487
109161
108415
109200
109099
108576
108608
108309
108478
109205
108453
108853
108448
108462
108346
109122
108459
108989
108612
108406
108451
109201
109201
108610
108456
109072
108447
108584
108478
108608
108457
108449
108152
109194
108419
108452
108504
108569
108404
108437
108579
109163
108435
109144
109200
108415
109196
108608
108417
108609
108426
108381
108475
109244
109199
108461
109198
108440
108582
108485
108482
109201
108594
108420
108378
108445
108457
108508
108447
108468
108514
109314
108613
108460
108460
108494
108469
108555
108458
109201
108460
109200
108521
108194
108615
104186
108456
108313
108484
108438
109145
108460
108448
108458
109200
108530
109201
108525
108461
108964
108281
109199
108461
108460
108427
108469
109322
108461
109776
108446
110322
108454
108413
108364
109626
108383
108390
108461
108413
108520
108449
108373
107649
108445
108813
108526
101071
108460
108452
108454
100714
100833
108583
108432
109201
107934
108359
108369
108360
109201
108376
108450
108472
108501
109201
108344
108458
109201
108559
109201
108405
108575
108604
108428
108615
108497
108435
108440
108460
108452
108286
108329
108050
108202
108364
109201
109915
108458
108506
108515
108461
109190
108420
109201
109201
108587
108460
108460
108475
108461
108486
108422
108504
108456
108427
107837
108460
108568
108419
109086
108430
109019
108291
108603
108327
108342
108302
108449
107990
107876
108260
108460
108439
108460
108452
108462
108467
108413
109205
108445
109194
108452
108466
108574
108591
109117
108492
108457
108460
108449
108461
108460
108135
108526
108460
109192
109200
109851
108460
109334
108717
108562
109163
108451
109201
108441
109176
108463
108614
109122
108461
108445
108459
108442
109201
108454
108457
108447
109201
108615
108460
109201
108165
107630
108500
108461
108455
108445
108428
108501
108310
108434
108460
107778
108460
108461
108421
108460
109199
108561
109038
108427
108460
108505
108397
108630
108469
108421
109126
109198
108623
108447
108456
108551
108473
108491
108404
108455
108888
108205
108446
108433
108443
108460
108445
107838
108458
108448
108474
108444
108460
108481
108448
108461
108614
108453
108462
108509
108388
108427
99855.8
108451
108562
108538
108464
108453
108346
108399
108336
108459
108559
108445
108010
109200
108574
109201
108847
108503
109202
109167
108460
108360
108445
108347
108455
108450
108606
108460
108434
108615
108580
108575
108342
108353
108535
108581
108553
108585
108412
108580
108507
108054
108583
108465
108453
108454
108456
108608
108465
108471
108456
108436
108477
108605
108513
108460
108610
108609
109201
109026
108506
109198
109201
109020
108433
108479
108613
108473
108007
108382
108460
108461
109201
109201
109250
108172
108452
108457
108479
108461
109201
108336
109201
108386
108453
109201
108567
109202
108532
108433
109201
108235
108458
108556
108457
108461
108456
108455
108569
108576
108460
108590
108457
108352
108584
109118
108560
108318
109201
108472
109165
108364
108460
108472
108460
108320
108445
108577
108440
108468
108459
108410
108461
108430
108459
108398
108409
108458
108365
108458
108438
108468
109201
108559
108462
108585
108414
109201
109201
108460
108360
109201
108575
108479
108570
108637
108487
109201
108408
108458
108449
108445
108445
108420
108426
108441
108428
108456
108303
108415
108444
108425
108443
108416
108428
108396
108572
108586
108438
108440
108441
108445
108422
108443
108683
109991
109201
108432
109201
108428
108421
108604
108573
108457
108341
108392
108445
108037
107946
108576
108612
109203
108474
107963
108585
108438
109193
108212
108463
108437
108490
108613
108457
108583
108446
108419
108460
108457
108406
108411
108583
108406
108602
108457
108532
108414
108456
108392
108417
108460
108428
108433
108411
108461
109183
108405
108445
108464
108458
108532
108516
109201
108568
108458
108398
108461
109201
108478
109893
108408
108574
108201
108404
108077
108386
109306
109198
108412
108953
108379
108419
108458
108335
109000
108457
107094
108345
108612
107886
107810
108612
108584
108564
108496
108449
100953
108609
108607
108455
108611
108457
108420
108309
108418
108463
108433
108376
108570
108435
109309
108405
108406
108439
108413
108413
108428
108337
108452
108285
108429
108268
108452
108227
108486
108213
108246
108433
108231
108460
108440
108604
109175
108826
108461
108205
108170
109164
108444
108449
108112
108076
108452
109132
108340
108456
108456
109109
108341
107749
108536
108445
108429
108446
108442
109203
108496
108442
108423
108405
108459
109721
108434
108458
108416
109201
108463
108410
108461
108291
109201
108461
109579
108480
109201
108457
108426
108428
109166
108460
108453
108469
108460
108448
108445
108414
108412
108462
108461
108416
108460
109162
108407
108460
108453
108460
108469
108456
108458
108501
108501
108541
108457
108460
108460
108431
108470
108538
108590
108452
108339
108613
108455
109645
108373
108362
108397
108522
108362
108416
109142
108436
108596
109201
108469
108532
108303
108583
109201
109201
108614
108599
109201
108389
108440
107659
108461
108613
108046
108589
108460
108824
107144
108462
108509
108568
108994
108576
108549
108384
100936
108440
109201
109201
108469
109341
109199
109201
108524
109201
108448
108511
108419
108012
108606
109201
109226
108489
108509
108455
109188
108574
108440
109201
108423
109201
108768
109201
109195
109203
108475
109189
108469
109196
109200
108580
108484
109789
107856
108610
108475
108549
109570
108453
108491
108446
108587
109548
108374
108528
109182
107755
107934
109197
109201
108468
108613
109201
108423
108494
108450
108498
108468
108415
108437
108409
108556
108426
108600
108420
108462
108447
108446
109196
98708.1
107898
107846
108369
108430
108461
108491
109089
109199
108561
108409
108599
108455
108446
108392
108451
109200
108102
109201
108459
108460
108460
108435
108407
108458
108428
108430
108421
108476
109119
108605
108471
108511
108419
108434
108313
108464
108450
109611
108488
108441
108386
108464
109095
108456
108465
108764
108472
108438
108438
108455
108448
108434
108447
108577
109114
108176
108269
108427
108492
108422
109184
109204
109191
110161
108588
108440
108449
108448
108596
108434
108404
108407
108455
108340
108378
108454
108400
108450
108447
108578
108448
108566
108434
108566
108456
108408
108466
108426
108404
106865
108424
108492
108450
109202
108457
109262
108579
108570
108426
108449
101229
99536.2
98947.5
108408
97309.1
108352
108352
108609
100677
108264
108442
108436
108586
108469
109194
108568
109178
108577
108456
109201
104197
108557
108484
108442
109201
109201
108529
108455
108423
108460
108514
108460
108460
109201
108439
108460
109200
108562
108550
108870
108484
111056
108383
108474
108577
109197
109213
109201
109201
108129
108401
108278
108210
108560
108482
108432
105955
107918
108488
108332
108443
108465
108314
108584
108408
108458
108419
108478
108450
108392
108393
108446
108455
108455
109167
109201
108457
108464
108456
109201
108434
108460
108593
108426
109201
109201
108475
108456
109201
109212
108566
108477
108548
109191
108466
108482
109197
108442
108447
108461
108441
108444
108461
108430
108460
108395
108426
108441
108578
109201
108731
108454
99474
108435
108436
108582
108448
107917
109195
108432
108437
109484
108435
108284
108217
109188
108951
108428
108131
108324
108517
108503
109053
107536
108546
109183
109184
108606
108371
108612
107416
108588
108143
108475
99396.1
108508
108606
108366
108531
108710
110975
108342
109095
109201
108372
108373
109201
108942
109200
108465
108460
108433
108438
108467
108361
108506
108496
108458
109240
108334
108374
108447
108453
109372
108464
108459
108457
108458
108457
108460
108449
108289
109217
108254
108464
108460
109274
109195
108458
108460
108486
108463
108460
108478
108614
109201
109200
108448
108454
108449
108545
108450
108450
108449
108541
108384
108612
108459
108536
109208
109199
109193
108398
109195
108469
108567
108480
108459
108250
108579
108567
109151
108577
108557
108592
108464
108572
108579
108440
109210
108456
108760
108902
108589
108261
108565
108597
108457
108460
108515
108612
108425
108482
108412
108467
108486
108475
108435
108453
108489
108586
108448
108481
108598
108448
108460
108589
108951
108413
108457
108449
108430
108463
108468
108407
108419
108476
100903
108495
108445
100086
108403
108464
108445
108529
108372
101441
108384
108538
108111
108578
108540
108241
108399
108415
108438
109724
108467
108458
108464
108953
108554
108590
108547
108440
108300
108591
108361
107209
108419
108466
108715
108480
108460
108596
108439
108487
108470
109197
108436
108427
109201
108435
108535
108348
108440
109200
109201
108446
108460
108440
108447
108438
109025
108420
108593
108515
108478
108485
108438
108472
108426
108428
108394
108438
108442
109220
108580
100587
108441
108588
108460
108547
108461
108434
108460
108449
108441
108594
108460
108596
108452
108444
109187
108439
109066
109095
108345
108524
109108
109201
109179
108288
108448
108543
108362
108597
108212
109130
108588
108562
109201
108237
109312
108470
108599
108557
108448
108505
108581
108536
108887
108580
108660
109201
109201
108603
108476
109201
108533
108821
108431
108900
108455
108456
108928
108955
110216
109135
108569
108478
108610
108444
108557
108492
108503
108484
108433
108437
108440
108604
109118
108157
108423
108530
108504
108258
108821
108586
108471
108283
108449
108437
108395
108437
108562
108422
108451
109201
108446
108446
108572
109115
108532
108436
108440
109183
108623
108646
108948
109322
109680
108459
108498
108506
108460
108498
108440
108566
108470
108490
108455
108461
108457
108440
108450
108445
108444
108470
108424
108384
108407
108434
108463
108395
108365
108409
108419
108377
108639
109202
108707
108585
108366
108322
108442
108533
109146
108571
108579
109190
109179
108456
108446
108485
109195
108469
108135
109194
109199
109201
109182
108433
108439
108491
108459
108421
108410
108566
108430
109185
108650
108472
108535
107368
108456
108444
108615
109201
108932
109200
109198
108469
109004
108882
109325
108593
108589
108482
108398
108947
109201
108435
108615
109157
109201
108576
100460
108445
108610
100494
108519
109170
109129
109201
109548
108825
108571
108583
108572
108456
108459
108566
108453
108521
108476
108450
109180
108428
108450
108486
108606
108577
108360
108445
108473
108428
109191
109200
108458
108574
108467
109142
109184
109167
108495
108803
108433
108507
108516
108480
109203
108278
108439
109182
109206
107552
109086
108462
109201
108393
108560
108458
108132
108456
108357
108459
108457
108305
109910
108500
108470
108352
108455
108457
108457
108455
108449
108428
108467
108418
108430
109201
108451
108421
108482
108428
109201
108331
108504
108389
108515
108419
108414
109221
108469
109198
108499
108421
108426
108373
108609
110315
108085
108577
108448
108484
108416
108428
108575
108433
109201
109211
109134
108545
108543
108614
108505
108476
108877
108603
108567
108608
108601
108535
108585
108473
108608
108513
109748
108470
108574
108514
108513
108419
109201
109098
109264
109220
109181
109201
108730
108542
108681
108617
108570
108379
108532
108460
108766
108631
108460
108715
108577
108389
108464
109201
109201
108472
108722
108659
108468
108426
108474
100935
108454
101152
109195
108472
108501
107544
109201
108464
101893
108538
108433
108457
108449
100683
108428
107886
108451
108422
108404
108410
109170
108425
108356
108437
108361
108564
108408
110294
109129
109201
108886
109181
108388
108409
109031
108229
108609
108436
108496
108590
107591
109207
106259
108919
108423
108464
108445
108444
108119
108456
109272
108416
108576
108472
108317
108445
108412
108388
108472
107834
109123
108577
108605
108275
108555
109185
108718
108460
108585
108439
108287
107655
107878
100223
108581
109039
108355
109204
108388
108446
108366
108450
108400
108584
108405
108451
108450
108430
108409
108452
108412
108419
109073
108449
108422
108157
108476
108440
108442
108471
108600
108563
108924
109169
109182
108454
108462
108460
108462
108494
108454
108456
108354
108459
109490
108451
108448
108487
109606
108507
108449
108437
108328
108283
100538
108066
108600
108479
107847
108444
108263
108425
108258
108438
108724
108446
108411
108440
109656
109201
108134
108478
108464
108445
108615
109179
108456
108679
108462
108321
109020
109201
100269
108443
108446
112316
108465
108425
108460
100579
108447
108466
108465
108439
108415
108401
108353
100762
108420
108519
108461
108432
108597
108424
108455
108453
108507
109196
108585
108551
108759
108564
108460
108738
109134
108412
108445
108431
108446
108435
108427
108464
109171
109121
108454
108455
108457
108462
109202
108129
108460
109102
108448
108415
109225
108461
108460
108460
108446
108458
108464
108474
108460
108430
108458
109201
108456
109161
108604
109104
109155
108387
108421
108480
108355
108396
108307
108322
109120
108579
108406
108522
108588
108606
108455
108458
108420
108383
108457
108314
108468
108585
108417
109118
108424
108548
108405
108429
108442
108428
108431
108438
108521
108430
109071
108452
109078
109656
108444
108476
108802
109153
108307
107899
108351
109082
108377
109095
108448
108965
108454
108396
108420
109201
108377
108405
108393
108473
108385
109728
108926
108459
108461
108428
108558
108817
108463
107913
109201
108799
108511
109405
106940
109201
108927
107521
108469
108645
108465
108477
108457
108394
108435
108567
108439
108421
108437
108425
108448
108415
108404
109154
109189
108397
108261
109187
108280
108421
108393
108388
108434
108426
108387
108681
109189
108523
108418
108458
108460
108460
108460
108473
108470
109241
109342
109240
108402
108390
108424
109221
109316
109201
109201
108584
108006
108535
108499
108444
108440
108455
108581
108518
108548
108435
108394
108403
108402
108443
108443
108554
107297
108563
109201
108582
109819
109201
108461
108461
108464
108462
109200
108486
108461
109201
108444
108502
108446
108445
108459
108458
108596
108585
108531
108505
108483
108564
108461
108596
108460
108602
108463
108460
108467
108460
108521
108469
108559
108583
108533
109201
109401
108512
108600
100919
108458
108509
99273.6
109201
108459
108458
108478
108432
108494
108460
108455
108500
109203
108500
109202
109205
108392
108376
108590
108442
108444
108407
108399
109045
109197
109184
109199
108435
108412
108409
108579
108602
109224
108401
108372
108547
108420
108456
108459
108460
108463
108231
108458
108729
108495
108427
108390
108435
108419
108425
108372
108465
108422
108270
108467
108418
108399
108502
108391
108485
108461
108569
108473
108483
108412
108461
108819
108439
108444
108706
108603
108438
108489
108211
108557
108612
109675
108471
108657
108888
107807
108443
108328
108595
108335
108490
108603
108586
108566
108384
108393
108456
108453
108451
108456
108458
108462
108544
108458
108524
108595
108587
108591
108452
108573
108483
108441
108450
109201
109201
108446
108443
109200
108446
108467
108389
108393
108468
108472
108483
109201
108740
108842
109447
108464
109611
108401
108460
108478
110184
108474
108442
108427
108462
108909
108075
108387
108448
107561
108229
108544
108440
108454
99777.9
108317
108442
108369
108458
108455
108583
108429
108519
108574
108454
108436
108459
109201
108871
108456
108461
108603
108609
108397
108573
108585
108399
109201
109201
108637
109201
109185
108575
109151
109201
109189
109179
109201
108449
109201
108605
109281
109198
108902
109754
108609
109254
108584
109316
108614
108276
109093
109201
109489
109213
109058
109154
108426
100175
108303
107623
99809.1
100053
109992
109191
108598
109125
102542
108425
108990
109362
109330
109515
109177
108507
108764
108453
109141
109051
109199
108465
108537
108617
109191
108441
108430
108377
109464
109201
108468
108460
108515
108483
108402
108448
108466
108456
108375
108789
109319
108570
108305
108461
108459
108460
108482
108495
108458
108445
108570
108435
108460
108415
108358
108423
108441
108455
108383
107702
108474
108579
108413
108469
101035
108361
108386
99050.2
107956
108434
108417
106902
108393
108430
108383
108613
108456
109201
108490
108356
108449
109199
108456
108440
108431
100187
109201
108449
109103
109201
109199
108433
108462
108813
108460
108457
109201
108510
109201
108451
109201
108440
108397
108470
108460
108460
109202
109201
108371
108430
108397
109176
108371
108207
108652
109201
109201
108460
108709
109201
109201
108337
108401
108489
109201
108520
108182
108126
108191
108519
108456
108460
108461
108460
108460
108460
108471
108461
108428
108464
108101
108427
108469
108457
108433
108442
108392
108460
108411
108511
108417
108559
108209
108453
108431
108418
108594
108473
108450
108390
108568
108155
108500
108599
108614
108435
108428
108431
108440
108433
108445
108547
108367
108519
108435
108855
108507
108595
108517
109790
109199
108495
108382
108076
108399
108420
108446
108411
108388
108459
109201
108462
108461
108832
109201
107872
108415
108439
108447
108487
108455
108469
108395
108491
109241
109139
109127
108490
108461
108157
108460
108485
108534
108435
108458
109195
108531
109196
108338
109201
109201
108407
108423
108533
109201
109196
108413
108403
109200
109200
108546
107997
108584
109140
108606
108407
108537
108446
108451
108613
108457
108448
108445
108454
108458
108438
108443
109201
109201
109163
109200
109201
108473
108443
109200
108443
108529
108514
108285
108392
108551
108467
109201
108488
109202
108239
109201
108751
109121
109201
108472
109286
108462
108460
108440
109133
108607
108448
108500
108471
108603
108452
108311
107755
108360
109201
108353
108414
108608
108335
108605
108585
108463
108430
108459
108444
110868
109189
105886
109134
109858
108460
108385
108454
108472
108567
108553
108591
108589
108427
108445
108557
108458
108454
108460
108460
108459
108205
108602
108460
108509
109201
108471
109201
108460
108460
108457
108483
108421
108458
108457
108468
108475
108449
108453
108448
108491
108444
108454
108458
108524
108460
108612
108432
108412
108447
108454
108452
109201
108586
108575
108380
108464
108457
109201
109195
108590
108594
108584
108434
108405
108342
108456
108244
108422
108490
108417
108409
108415
98178
108452
108455
108310
108442
102866
107965
108452
108523
108163
106327
108596
108493
108460
108422
108403
108414
108493
108477
108429
109186
108406
108398
108481
108423
108437
109121
109272
109613
108436
109300
108531
108400
108393
108424
108354
108461
108429
109133
109201
108460
108473
108577
108490
109200
108451
108460
108460
108581
109377
108981
108459
108458
109055
108404
108462
108459
108495
108430
108602
108506
108461
108330
108362
108441
108433
108446
108450
108439
108493
108472
108627
108457
108580
108460
108443
108461
108476
108462
108332
108525
108460
108540
108503
108460
108460
108460
108437
108460
108467
108174
109150
108459
109117
108460
109197
108460
108461
108469
108560
108458
108464
108462
99899.4
108428
108463
108476
108461
108469
108445
108455
108464
108510
108456
108459
108453
108454
108442
108443
108442
108450
108478
108522
108604
108451
108440
108433
108460
108452
108435
108447
108413
108434
108591
108422
108430
108607
108446
108456
108470
108464
108415
108408
108428
108431
108432
108443
108579
108432
108286
108231
108319
108501
109201
108332
110563
108452
108967
109615
108461
108433
108420
108464
108338
108593
107950
108571
109063
109163
108281
108412
108566
108596
109201
108583
108440
108406
108354
108460
106631
108494
108568
109196
109200
108524
109201
108460
108560
108367
108377
108459
108446
108426
108632
108414
108593
108384
108576
101402
99293.1
108557
108517
108370
107532
108394
109202
108499
108577
108472
109228
109201
108353
108609
109201
108639
108526
108460
108442
109201
108309
109201
108357
108383
108444
108396
109201
109201
108399
109201
109201
109201
109201
108470
108398
109201
109201
108614
108369
108377
108412
109201
107927
109086
108367
108578
109098
108548
108392
108428
97927.1
108456
108615
108411
108478
109201
108379
108460
108595
108449
109201
108582
108452
108570
107541
109161
108389
108583
108551
108606
109201
108547
108479
108578
108576
108544
108551
108568
108595
108570
109756
105846
109193
108547
109201
108517
108449
108456
108450
109201
108452
108603
108601
108593
108423
108464
108440
108484
108603
108476
108531
108438
108464
108576
107995
108579
108557
108083
109199
109293
108467
108428
109188
108392
108463
109200
109106
109136
108611
108561
108399
108247
108585
111766
108448
108570
108579
108443
108544
109201
108429
108572
108456
108462
108490
108586
108575
108433
108592
109220
108430
108428
109784
108453
109470
108460
109204
108650
108458
108406
109193
108461
108428
108460
108530
108461
108461
108532
108437
108481
108513
108448
108470
108468
108459
108462
108434
108450
108455
108458
108437
108460
108445
108460
108455
108452
108458
108417
108470
108440
108460
108440
108392
108415
108528
108441
108419
108428
108440
108403
108303
108405
108331
108288
108593
108429
108360
99209
108596
108580
108561
108558
108437
108587
108588
108585
108614
111115
108459
109304
108416
108389
108425
108566
108431
108449
102709
108455
108086
108299
108462
108367
108442
108437
108586
108365
108454
108401
98915.2
108406
108582
108296
108321
109201
109201
108613
108566
109201
108397
108432
109201
109142
109184
108398
108401
109864
109110
108553
109274
108383
107333
100231
108403
108427
108418
108573
108434
108444
108459
108458
108463
108445
108461
108392
108446
109200
108487
108466
108550
108578
108599
109201
108474
109201
108387
108394
108597
108583
108613
108582
108548
108583
108494
108435
108579
108591
108583
109201
108423
109201
108456
108581
108484
108580
108515
108569
108568
108419
108421
108417
108999
110215
108461
108442
108576
108435
108461
108460
108401
108460
108397
108608
108392
108459
108551
108444
108434
108321
108567
109201
108401
108384
108325
108443
109199
109197
108461
108563
108458
108434
108401
108400
109201
108403
108416
108423
109201
108432
108444
109003
108582
108563
108529
109228
108398
108461
108460
109201
109201
108461
108624
108461
108582
108460
108460
108620
108423
108419
109103
108468
108463
108460
108452
109209
108436
108903
108459
108445
108458
108438
108626
108668
108618
108489
108459
108418
108463
108434
108475
108375
108462
108465
108462
108422
108468
108458
108506
108380
108435
108437
108176
108420
108435
108433
109195
108445
108442
108995
109201
109204
108432
108486
108461
108460
108416
108105
108152
108374
108424
107799
108446
108279
108439
107759
108460
108452
107692
108413
108705
108645
108457
108417
108448
108486
108490
109201
108468
109201
109201
109201
109200
109201
108417
108404
108462
108453
109201
108574
108407
108455
108585
108609
108572
108584
108577
108583
108406
108453
108600
108442
108410
108417
108558
108603
108452
108413
108555
109072
108567
108596
108543
109201
108544
108464
108576
108463
108460
108460
108542
108484
108537
108456
108681
108460
108506
108450
108579
108449
108448
108435
109261
108423
108462
108459
109017
109099
108403
108400
108453
108397
108460
108434
107906
108840
108525
108560
99446
108461
108458
108587
108456
109200
109105
109215
109222
109122
109217
109101
109209
108750
108634
108453
109040
109014
101647
108431
108433
108798
108459
108472
108585
108814
108451
108931
108612
108459
108402
108446
108460
108474
108457
108436
108536
108460
108487
108453
108477
108436
108434
108459
108458
108443
108456
109335
108465
108438
108435
108430
108392
108397
108436
108460
108407
108419
108512
108431
108507
108381
108429
108597
108551
108564
108341
108600
108455
108300
108448
108614
108436
108435
108440
108450
108460
108456
108461
108462
108466
108444
108458
108463
108468
108359
108511
108430
108407
108457
108420
108380
108397
108455
108426
108605
108556
108464
108460
108459
108386
108450
108442
108579
108595
108599
108513
108483
108441
108541
109262
108569
108565
108448
108460
108612
108556
108612
108334
108483
108420
108460
108400
108455
108446
108404
108452
108420
108389
108407
108442
108265
108289
108293
109291
110340
109200
108479
108662
108638
108407
108459
108645
108460
108496
108459
109201
109195
108460
108409
108497
108470
108465
108453
108610
108460
108476
109206
108513
108494
108467
108446
108441
108456
108446
108499
108576
108416
108417
108475
108507
108552
108377
108484
108469
108411
108509
107783
108559
109091
108271
108359
108443
109075
108455
108095
108458
108476
108040
107968
108556
107778
109163
108500
108673
108455
109197
109282
107739
109199
108451
109201
109201
108491
109201
108910
108852
108446
109160
108444
108444
108422
108605
107999
108513
108517
108458
108479
108542
108256
108569
108453
108408
108320
108461
108410
108237
108315
108461
108410
108386
108409
108422
108438
108357
108448
108461
108470
108602
108461
108479
108446
108477
108459
109202
108449
109201
108455
108471
108440
109051
108682
108755
108447
108476
108493
108440
108728
108515
108504
108453
108329
108449
108333
108452
108562
109927
108439
108496
108462
108511
108593
108418
108473
108951
108603
108569
108585
108606
108987
108113
108785
108169
108539
108500
108480
108586
108215
108489
108407
108438
108452
108489
108489
108451
108500
108458
108460
108539
108548
108450
108451
108454
108341
108460
108433
108410
108459
108433
108459
108420
108422
108487
108427
108411
108371
108533
108430
108380
108416
108329
108697
108375
108611
108576
108374
108705
108668
108373
108609
108611
108511
108599
108383
108384
108450
108491
108448
108445
108487
108451
108529
108471
108498
108460
108487
108460
108513
108472
108474
107845
108374
108475
108446
109192
108557
108455
108399
107697
108563
109198
108457
108481
108400
107949
106137
107350
108460
108438
108467
108112
108432
108446
108455
108459
108478
108439
108438
108486
108567
108501
108499
108411
108534
108448
108459
108533
108452
108449
108343
108378
108405
108220
108255
108530
108610
108383
108388
108436
108411
108180
108546
108363
108456
108412
108538
108434
108422
108444
108428
108429
108429
108297
108404
108590
108827
108570
108547
108448
107885
108563
109129
107782
110407
109247
108434
108519
107970
108613
108527
108593
108459
108364
108449
108606
108467
108456
109028
108439
108442
108534
108829
108428
108502
108439
108511
108464
108433
108373
108461
108435
109201
108768
109111
108445
108475
108456
108468
108447
108795
108422
108693
108676
109228
108451
108522
111342
109201
109240
108433
108486
108476
110838
108642
108415
108434
108548
108557
108419
108060
108459
108172
108605
108412
108430
108408
108464
108460
108465
108108
108598
108514
108475
108447
109035
108469
108512
108287
108474
108537
108606
108458
108515
108357
108460
109203
109195
108528
108462
108582
108592
108405
108537
108410
108387
108512
95541.5
108466
108553
108474
108459
108256
108568
108803
108646
108433
108812
108598
108484
108422
108429
108498
108454
108464
108461
108455
108460
108511
108510
108462
108478
108514
108468
108018
108480
108438
108445
108507
108444
108445
108442
108392
108457
108464
108459
108454
108452
108445
108487
108939
108544
108440
108455
108551
108546
108456
108420
108519
108523
108497
108461
108476
108568
108496
108547
108536
108487
107735
108430
108461
108448
108414
108442
108441
108460
108222
108460
108459
108188
108460
108460
108432
108381
108460
108435
108457
108479
108458
108458
108470
108504
108466
108346
108482
108478
108481
108469
108500
108476
108366
108347
108311
108408
108418
108338
108354
108459
108547
108472
108478
108413
108458
108567
108518
108447
108444
108455
108461
108466
108475
108460
108878
108460
108904
108460
111635
108436
108455
111092
108469
108468
108502
108442
108706
108410
108892
108451
108562
108642
108539
108428
108468
108681
108863
108467
108561
108444
108582
108449
108462
108595
108606
108603
108661
108462
108599
108454
108497
108405
108446
108460
108459
108455
108470
108555
108447
108425
108491
108396
108499
108318
108228
108430
108363
108501
108461
108462
108481
108502
108524
108484
108488
108448
108440
108459
108436
108581
100017
98905.7
108482
108460
108404
108447
108469
100050
108453
108447
108626
108456
108597
108600
108589
108418
108550
108457
108435
108463
108601
108456
108454
108446
108459
108436
108597
108606
108602
108441
108465
108442
108437
108445
109535
109312
109675
108460
108460
108467
106460
109201
109201
108451
108449
108583
108607
108475
108585
108450
108602
108461
108523
108551
108492
109181
108511
108352
108569
108403
108526
108435
108404
109158
108442
109140
109201
109201
109182
109178
109181
109245
108443
108457
108441
109171
109201
109573
109181
108366
109827
107993
108585
108636
108310
108335
108393
108073
109198
108427
108305
109571
108292
109647
108280
99548
110260
108457
108447
108434
108418
108450
109199
108441
108811
109127
108450
108455
109201
108504
109249
108709
108405
108769
109937
108023
108834
110052
108452
109142
108590
108450
109200
108461
108460
108463
108598
108483
109183
108460
108461
108603
108423
108542
108417
108439
108450
108464
108439
108427
108357
108446
100042
101342
108350
108169
108511
108444
108472
102844
108448
108422
100654
109196
99999.9
108453
108567
108472
108071
108447
108472
108433
108604
108445
108595
108495
108458
108528
97967.2
100150
109279
99714.2
108475
108447
98461.3
108608
108608
108609
107745
109287
108594
109219
99441.8
108603
107840
108498
108475
108002
108505
109271
107960
109301
108423
107941
108456
108455
108456
108471
108448
108468
109201
108432
108486
108448
109024
107923
109748
109691
109650
109201
109201
109201
109637
109200
110248
109062
108461
108458
109693
107775
108451
108443
108442
110051
108937
108390
108364
108373
108175
108353
108448
108612
108572
107907
109663
100738
108576
108510
108551
108456
108441
108472
108390
108465
108515
108460
108440
108444
108438
108501
105841
107730
108084
108369
99011.2
108582
108517
108232
108393
108512
107929
108460
108445
108449
108451
108614
108444
108447
108641
109232
108451
108461
109201
109201
108460
108460
108448
108466
108450
108481
108451
108558
109200
108438
108446
108420
108419
108416
108462
108448
108162
109169
107963
109201
109201
108460
108593
109201
109099
108093
106811
109201
109201
108897
108448
108454
108452
109214
108488
107963
109201
108495
109706
109208
109137
108580
108548
107106
108460
108561
108544
108577
108460
109203
109200
108745
108482
108487
108461
108471
108427
108434
108473
108434
108352
108458
108426
108540
108430
108144
108470
108562
108407
108414
107565
108460
108565
108225
107594
108603
108454
108575
108357
108578
108455
108581
108401
108608
108606
108465
108607
108596
108461
108601
107726
107753
108461
107580
108471
108558
108140
108592
109036
108811
108431
108420
108600
108421
108483
108419
108418
108424
108416
108448
108429
108566
108426
108558
108444
108476
108455
108589
108452
108459
108456
108457
108429
108460
108443
108464
108433
108456
108476
108637
108460
108424
109234
108458
104397
108391
108787
108457
108430
108433
108564
108325
108436
108580
108461
108431
108467
108508
108428
108395
109201
108461
108442
108461
108480
109200
108421
108424
109200
108431
108421
109201
108450
108414
109182
108465
109201
108449
109198
108456
108309
108442
108472
108471
108459
108294
108503
109201
108460
108461
108465
108374
108526
108439
108407
108416
108452
108453
108532
108444
108397
108457
108450
108419
108500
108454
108322
108444
108425
108428
108406
108370
108445
108490
108435
108381
108397
108791
108563
109203
109258
108568
108529
109061
108399
108423
108458
108460
108446
108327
108584
108414
108458
108794
108458
108429
108461
108464
108453
108432
109474
108481
109126
108441
108435
108449
108413
108456
108455
108449
108456
108459
108458
108461
108458
109190
108235
108446
109176
108463
108044
108204
108129
108285
108351
108189
108456
108498
108197
108461
108407
108460
109201
108462
108437
99889.7
108444
108418
109709
108428
109200
108400
108419
108416
109000
109196
109201
108521
108422
108396
108462
108482
108177
107851
108076
108424
108499
108530
108456
108130
108463
108426
109123
109148
108297
108482
108463
108425
109201
108429
108446
108444
108445
108415
108463
108579
108451
108480
96359.2
110220
108453
108402
108467
108609
109863
108603
107768
108456
108456
108455
109180
108453
108601
108600
108538
108257
105726
99993.5
108454
108351
108451
108365
100007
100619
108429
108610
108600
108430
108433
108460
108610
108498
103204
108460
108452
108460
108424
108459
108386
108454
100593
108363
108531
109351
108588
108613
109742
108611
108610
108276
108385
108616
108460
109092
108614
109410
108460
109691
109532
108612
108481
108469
108613
108421
108432
108376
108509
108435
108426
108538
108477
108455
108584
108569
108378
108459
108424
108507
108580
108460
108460
108390
108590
108384
109192
108613
108483
108478
108447
108184
108577
108603
108459
109204
108604
108607
108447
108426
109200
108384
108428
108432
108426
108419
109220
108432
109208
108444
108600
109201
109201
108466
109194
108540
108372
108426
109196
108535
108432
108421
108684
108593
109198
109201
109254
108957
109495
109057
109199
109199
108597
109128
108261
108426
108594
108789
109006
108611
108750
108428
108563
108990
108700
108462
108433
108415
108421
108433
108443
108445
108422
109115
108560
108584
108232
109201
109232
108230
108436
109109
107944
107809
108454
108231
109198
109201
108455
108468
108471
108119
109235
109201
108490
106173
108545
108594
108543
108445
108584
108349
107406
108583
108568
108615
108615
109233
108128
108813
109312
109201
109201
109184
107245
109122
108605
109195
108422
108791
108424
109478
108494
108481
108498
109295
108498
108470
108344
108478
108520
108625
108441
108423
109245
108434
108443
108427
108426
108420
108425
108460
108420
108460
109201
108460
109167
108623
108825
108916
108432
109200
108537
108587
108584
108463
109182
108435
109188
108449
108427
108309
109265
109194
108515
108354
108456
109191
109192
100745
109023
108487
108319
108132
108117
108682
107141
109187
109197
109606
109715
108575
108495
109559
108461
108368
108463
108452
108180
108449
108321
108570
108564
108574
108596
108603
108448
108611
108574
108512
109201
109113
108895
108449
109602
107447
108460
108447
108420
109201
108434
108377
108459
108614
108452
109700
108450
109300
108456
108471
109097
110089
108477
108434
108459
108593
108471
108470
108430
108457
108456
108162
108470
109454
108464
108447
108481
108492
108421
108492
108454
108424
108476
108424
109197
108378
109184
108575
108498
108553
108464
108521
108613
108465
108338
108585
108573
109003
108463
108446
108580
108439
108443
108457
108289
108567
108581
108533
108420
108453
108544
108408
108417
108549
108446
108452
108413
108698
108625
108597
108624
108468
108456
108324
108231
108143
109215
108501
108434
108475
108397
108475
108463
108462
108461
107999
108450
108614
108606
108470
108482
108518
107583
108546
107949
108465
109173
107776
109201
107820
108442
107759
108445
107881
108567
108603
108034
107962
109192
108482
108609
100299
107950
108458
108595
100286
108456
108472
108470
108471
112022
109771
108602
108557
108449
108607
108573
108456
108459
108581
108460
108578
108435
108435
108580
108431
108436
108430
108450
109147
108444
108461
108457
100944
108489
108462
108388
108461
108345
108250
108457
108288
108438
109090
108526
108459
108460
108460
108463
107689
108432
108197
108464
108315
108459
108599
108562
108458
108461
108888
109114
108275
108469
108457
108409
108465
108448
108472
108458
108460
108462
108350
108414
108443
108334
108593
108601
109223
109129
109201
108407
109201
109201
108459
109192
108561
109201
108399
109201
109201
108458
108403
108585
108459
108460
108460
108591
109426
108781
108453
108583
108614
109200
108567
108595
108582
108580
108600
108579
108301
108577
108583
109201
108599
108982
108573
108407
108457
108461
109199
109569
108478
109634
108599
108591
109115
108459
108460
108463
108562
108434
108470
108435
108414
108431
108460
108461
109114
109204
108461
108460
108425
108522
109111
108392
109118
109192
108469
108428
109182
108461
108457
109085
108487
108989
108552
108649
108444
108442
108366
108442
107950
108439
108437
108324
108337
108793
108459
108454
108569
108457
108460
108460
108445
108440
108464
108453
108443
108470
108434
108133
108181
108179
107919
108378
108464
108462
108457
108453
108219
108428
108401
108419
100299
108396
108477
108388
108366
108381
108431
108369
108583
108433
108565
108415
108503
108456
108452
108449
108555
108551
108423
108313
108465
108262
108459
108429
108472
109139
108483
108472
109193
109159
108427
109209
108573
108626
108504
108504
108460
109197
109199
108494
109194
109206
108476
109202
108570
108546
108478
108424
108437
108583
108458
109179
108339
108496
109147
108453
108482
108560
108448
108635
108557
108467
108452
109201
108457
109149
109201
108497
108507
108523
108457
108511
108445
108495
108447
108450
108430
108472
108448
109191
108464
108599
109191
108458
108412
108607
108614
108373
108455
108416
109201
108436
108461
108430
108458
108460
108435
108499
108440
108459
108462
108402
108501
108462
108460
107961
108459
108421
108459
108459
100402
108460
107273
108466
108469
108424
108448
108573
108446
108448
108444
109201
108444
108577
108437
108432
109201
109201
108562
108588
108413
108423
108348
108454
108433
108469
108455
109195
108388
108333
108304
109201
109201
109201
108341
108352
108346
109201
109201
108609
108563
107654
108606
107926
108584
101901
107719
108560
108457
108570
108453
108529
108460
108452
108451
108462
108454
108434
108395
108445
108472
108604
108416
108441
108456
108575
109200
109204
108419
109073
108428
108451
109201
109101
108602
109201
109201
108443
108447
108557
109168
108450
108450
109155
108592
108603
108571
108379
108455
108600
108977
108429
109237
108466
108435
108199
108436
108455
108433
108436
108428
109050
108436
108419
108422
108990
108460
108437
108633
108347
108457
107713
108459
108462
108466
108170
108460
108465
108473
108504
109182
108465
108441
108498
108439
108438
108428
108514
108477
108439
108443
108465
108442
108496
108460
108458
108334
108334
108460
108328
108495
108420
108449
108458
108446
108426
108438
108407
108447
108452
108417
108433
108403
108435
108405
108415
108418
109182
108428
108435
108772
108426
108425
108460
108460
108460
108485
108460
108332
109151
108346
109135
108410
108861
108356
108408
108453
108460
108587
108570
108456
108449
108565
108458
108461
108586
108449
108484
108431
108108
108420
108452
108572
102089
108031
108579
108464
108607
108393
108489
108460
108460
108468
108452
108488
108460
108387
108465
108460
107583
107908
108512
108525
108647
108443
100858
108535
108480
108559
108584
108472
108574
108478
108460
108586
108460
108393
108395
108460
108460
108601
108278
108437
108372
108597
108191
108615
108376
108404
108341
109201
108485
108453
108480
109201
108448
108572
108471
108452
108492
108751
108435
108452
108475
108439
108597
108436
108490
108457
108480
108478
108325
108455
108212
108537
100834
108481
108230
107858
108358
108531
108458
108484
108464
108562
108485
108566
108552
109203
109200
108509
108514
108455
108462
108464
109193
108461
108462
107797
109175
109202
108430
108501
108432
109120
109180
108432
108408
108432
108192
108182
108922
108411
108457
108408
108034
108771
107999
108535
108364
108513
108433
108570
108569
108375
108456
108369
108439
108424
108396
108527
108580
108608
108562
108391
108599
107898
108501
108269
108500
108575
108477
108460
108417
108561
108515
108461
108611
108460
108294
108440
108400
108460
108451
108527
108464
108405
108525
108416
108440
108454
108433
108522
108494
108284
108476
108608
108228
108173
108748
108463
109315
109122
109313
109061
108890
109244
107625
108589
109197
108590
108478
108494
108535
108610
108497
108586
108469
108453
108433
108437
108449
108447
108473
108454
108539
108425
108436
108447
108456
108451
108427
108464
108452
108458
108569
108566
108457
108558
108415
108460
108461
108439
108552
108470
108422
108442
108549
108476
108402
108404
108423
108456
108414
108413
108409
108460
108445
108535
108412
108406
108462
108435
108444
108417
108438
108438
109262
108555
108449
108449
109069
109186
108576
108509
108461
108460
108463
108450
108472
108502
108461
108505
108451
108403
108462
108422
108425
108399
109196
108451
108488
108472
108446
108399
108431
109138
108488
108479
108461
108481
108536
108460
108460
109190
108489
108460
109176
108489
108460
109195
109201
109187
109184
108534
112157
108653
108529
109155
109192
108238
108725
108881
110000
107664
107850
108319
108440
108503
108418
108396
108407
108453
108470
108437
108548
108469
108438
108490
108460
108460
108467
108465
108412
108603
108469
108460
108460
108464
108580
108412
108655
108458
108700
108652
108425
108284
108370
108384
108454
108256
108372
108496
108412
108516
108454
108587
108471
108629
108590
108500
108411
108478
108489
108459
108497
108416
108439
108479
108443
100852
108381
108465
108490
108468
109072
108547
108728
108415
108405
108404
108381
108403
108442
108547
108407
108447
108510
108521
108460
108691
108422
108221
108182
108455
108452
108446
108457
108472
108452
108611
108451
108501
108444
108413
108574
108538
108419
108499
108433
108443
108450
108414
108449
108525
108907
108904
108923
108597
108532
108441
109188
108491
108763
109024
109031
108771
108427
108466
108487
108455
108447
109164
108187
109161
108201
108335
108492
109003
108613
108484
108393
108466
108445
108565
108402
108590
108534
108516
108657
108530
109192
108638
)
;

boundaryField
{
    outershell
    {
        type            fixedFluxPressure;
        gradient        uniform 0;
        value           nonuniform List<scalar> 
1712
(
108602
108630
108482
108411
108444
108468
108549
108444
108622
108452
108389
108470
108428
108439
108392
108650
108463
108443
108456
108583
108451
108476
108478
108494
108464
108434
108413
108431
108456
108418
108544
108461
108432
108470
108502
108585
107350
107730
107799
107297
107141
107594
107702
107907
108446
108458
108460
108460
108460
108459
108455
108450
108443
108435
108424
108408
108388
108339
108231
108115
108177
107999
105505
105846
106333
106460
108162
108611
108679
109312
109118
109062
109128
109020
109331
109228
109208
109200
109201
109201
109201
109201
109201
109201
109200
109211
109110
109063
109169
107144
105886
106207
104186
107094
107406
107749
107775
107632
108402
108383
108445
108489
108460
108459
108460
108460
108460
108460
108461
108461
108461
108460
108461
108461
108461
108460
108460
108460
108460
108460
108459
108459
108458
108458
108456
108456
108453
108455
108450
108451
108447
108448
108444
108444
108440
108442
108435
108437
108428
108433
108423
108427
108415
108421
108407
108413
108399
108403
108387
108393
108364
108378
108336
108360
108299
108332
108219
108286
108085
108179
107565
107106
107963
107273
107209
107583
107588
107649
108241
108080
108490
108352
108559
108540
108584
108583
108578
108578
108585
108578
108585
108583
108584
108591
108589
108599
108595
108606
108603
108611
108608
108614
108612
108615
108614
108614
108614
108612
108613
108609
108611
108606
108607
108601
108603
108595
108600
108590
108595
108584
108590
108580
108584
108581
108584
108582
108585
108584
108585
109287
109316
108132
107526
108357
108585
108562
108075
108025
108034
107583
108459
108456
107216
108478
108459
106811
108459
108460
108460
108460
108457
108454
108447
108440
108429
108415
108397
108367
108307
108332
108459
108255
107868
108445
109203
109201
109201
109201
109206
109199
109201
109201
109201
109201
109201
109201
109200
109198
108356
109244
108555
108109
107782
107713
107735
107659
107999
107778
107838
108543
108413
108426
108437
107941
108584
108460
108460
108460
108458
108454
108448
108442
108432
108422
108404
108378
108334
107726
109201
109201
109201
109201
109200
109204
109197
108393
108358
108284
108452
108460
108457
108460
108464
107745
108460
108460
108982
109216
109199
109201
109201
109201
109201
109201
109201
108791
108460
108334
108426
109201
108458
108191
108456
108457
109114
108460
108460
108459
108460
108460
108439
108458
108454
108460
108460
108449
108460
108459
108441
109178
108432
108231
108421
108439
108435
108405
108425
108431
108425
108376
108359
108285
108452
108451
108401
108455
108446
108455
109201
109201
109199
109201
109150
109156
109201
109201
109201
109201
109201
109201
109201
109201
109201
109201
109201
109202
109201
109201
109201
109191
109201
109201
109199
109198
109191
108750
109262
108832
109235
109163
108101
107732
108398
108399
108419
108437
108452
108459
108459
108460
108460
108460
108460
108461
108460
108461
108461
108461
108461
108461
108461
108461
108460
108461
108460
108461
108458
108460
108456
108459
108454
108456
108450
108453
108448
108452
108444
108447
108440
108445
108435
108441
108433
108435
108428
108428
108421
108423
108413
108415
108404
108407
108392
108397
108377
108384
108357
108369
108328
108346
108284
108311
108192
108229
108037
108132
107949
107999
108409
108386
108554
108548
108574
108573
108575
108579
108580
108589
108588
108597
108595
108608
108600
108613
108608
108615
108612
108613
108614
108611
108612
108610
108610
108606
108608
108601
108603
108590
108599
108590
108592
108583
108586
108578
108579
108573
108575
108576
108579
108583
108580
108583
108414
108409
107964
108157
108709
109470
108446
108444
108886
109142
109204
108265
108392
108399
108386
108431
107778
108558
108261
109112
109132
109115
109128
108321
108260
108213
108460
109122
108416
108460
108545
108509
108560
108360
108457
108448
108460
108441
108310
108545
108488
108781
108351
108330
108371
108316
108454
108458
108460
109098
109195
109122
108460
109189
109201
109202
108397
108352
109201
109117
108278
108165
109148
109142
108095
108077
107934
108073
108568
108581
108584
108380
108262
108313
108994
109691
107997
108076
109173
108456
109200
108111
108180
109201
109200
108448
109304
108460
108417
109099
108457
108435
109197
109200
108463
108455
108455
108372
108431
108476
108492
109141
108327
108453
108461
108459
108458
108460
109200
109247
109155
108442
108440
109201
109202
108361
108585
108433
108420
108452
108442
108458
108458
108459
108459
108460
108459
108460
108460
108461
108460
108460
108463
108460
108464
108460
108465
108459
108465
108457
108463
108459
108458
108456
108455
108453
108452
108449
108449
108446
108446
108442
108442
108438
108439
108434
108435
108428
108430
108423
108424
108416
108420
108408
108414
108398
108405
108385
108393
108369
108378
108346
108360
108315
108334
108264
108287
108181
108664
108460
108352
108372
108348
108547
108569
108590
108576
108597
108578
108603
108594
108606
108600
108607
108605
108608
108606
108606
108606
108603
108604
108599
108599
108593
108594
108584
108587
108576
108577
108566
108566
108555
108557
108563
108544
108549
108143
108821
108679
108461
108458
108445
108444
109171
109341
108439
109474
109201
109201
108388
108454
108455
108461
109142
108425
108418
108457
108458
108384
108460
108460
108459
109192
109201
109201
108458
108449
109201
109201
109057
109351
108449
108431
108430
108457
108453
108451
108313
108300
108446
108460
109201
108205
108447
108244
108324
108212
109199
109200
109201
109202
108500
109201
109201
108544
108513
109201
109201
109201
109201
108421
108465
108359
109187
109192
109182
108459
108189
108131
108184
108464
109201
108434
108414
108576
108568
108553
108419
108410
108413
109272
108404
108397
108406
108176
109202
109223
109401
108390
108449
108197
108288
108465
108547
109225
109202
108456
108432
108718
109129
108454
108589
108936
108503
108458
108453
108258
108261
108824
108416
108430
108562
108452
108487
108463
108470
108463
108467
108463
108465
108462
108466
108460
108466
108464
108461
108463
108459
108463
108459
108464
108458
108461
108463
108460
108466
108458
108465
108455
108462
108452
108458
108449
108455
108446
108452
108442
108448
108439
108444
108433
108439
108426
108433
108415
108428
108414
108417
108406
108409
108397
108402
108385
108392
108370
108384
108354
108367
108331
108353
109201
108464
108560
108548
108595
108567
108604
108590
108606
108595
108608
108600
108606
108602
108604
108600
108600
108594
108583
108589
108588
108579
108558
108566
108546
108546
108260
108465
108458
108460
108434
108436
108446
108449
108444
108457
108450
109195
109203
109208
108863
109122
108407
109202
109203
108341
108301
108456
108422
108420
108464
108425
108385
108462
108457
109201
109201
108533
108457
108489
108521
108497
108426
108423
108462
108494
108464
108447
109204
109203
108440
108327
109204
109201
109206
108269
109200
109201
109201
109209
108461
108457
108398
108377
108310
108623
108412
109201
109201
109199
108448
108372
108384
108377
108388
108523
108887
108532
108432
108455
109495
108951
108483
109209
109206
108515
108464
108509
108335
108418
109322
109157
109258
109222
108459
108519
109254
109217
108332
108412
108451
109202
109201
109196
108487
108378
108458
108460
108459
108400
108472
108466
108476
108414
108552
108646
108510
108583
108482
108523
108475
108490
108469
108478
108471
108469
108469
108468
108467
108477
108466
108475
108467
108472
108470
108456
108464
108461
108460
108460
108457
108455
108455
108452
108451
108447
108447
108445
108445
108441
108440
108441
108435
108436
108429
108433
108425
108428
108418
108425
108415
108423
108408
108414
108398
108408
108388
108401
108379
108394
108375
108394
108506
108442
108441
108459
109051
108568
108520
108567
108551
108580
108562
108590
108576
108590
108580
108586
108582
108586
108582
108578
108576
108566
108566
108555
108551
108529
108343
108361
108399
108451
108443
108472
108451
108440
108427
108395
108530
109315
108447
108527
108413
108485
108444
109201
109197
109240
108460
109205
109204
109205
109203
108434
108416
108361
108466
108468
108482
108413
108392
108728
108402
109220
108468
108386
108437
108462
109066
108586
109232
108440
108428
108422
108428
108417
108475
108386
109089
108457
108467
108463
108384
108405
108431
108700
108422
109201
108456
108448
109372
108418
108544
109204
108569
108497
108493
108475
108428
108445
108433
109330
109197
109240
108501
108484
109224
109187
109220
108480
109209
109211
109206
108522
108487
108527
109249
109265
109095
108520
108409
108668
108748
108580
108613
108525
108559
108503
108515
108484
108506
108478
108481
108476
108483
108472
108479
108462
108476
108466
108472
108474
108476
108469
108473
108461
108470
108459
108464
108454
108460
108452
108453
108451
108451
108449
108449
108443
108447
108440
108445
108431
108434
108426
108422
108422
108423
108416
108420
108409
108417
108410
108416
108405
108408
108412
108430
108419
108448
108448
108439
108455
108419
108551
108577
108548
108569
108556
108574
108566
108570
108563
108573
108562
108559
108535
108540
108684
108484
108401
108410
108587
108411
108426
108433
108452
108472
108481
109314
109188
109220
109261
108507
108635
108551
109147
109184
108426
108425
108439
108431
109190
108478
108527
108485
108877
109203
109192
109237
108475
108415
108409
109086
108431
108813
109085
108972
108420
108421
108609
108300
108453
108471
108467
109171
109179
109162
108461
108464
109161
108440
108457
108484
108466
108438
108481
108467
108456
108487
108914
109061
108519
108448
108421
108413
108420
108433
108499
108470
108460
108471
108738
108803
108623
108710
108536
108637
108534
108564
108492
108526
108501
108490
108497
108494
108467
108488
108457
108490
108484
108469
108472
108460
108455
108468
108450
108468
108457
108449
108437
108451
108460
108436
108453
108437
108444
108438
108441
108446
108435
108450
108419
108450
108435
108438
108432
108434
108426
108431
108426
108430
108428
108430
108523
108429
108434
108430
108440
108447
108426
108552
108497
108551
108529
108556
108532
108546
108531
108452
108507
109111
109157
108473
108496
108456
109031
108923
109113
108458
108464
108445
108536
108538
108490
108471
108537
108457
108487
108448
108789
108432
108425
108427
108430
108437
108434
108443
108453
108437
108438
108499
108531
108443
108467
108637
109099
108478
108467
108511
108445
108437
109190
109186
108813
108430
108480
108496
109153
108530
108490
108436
108444
108443
108489
108612
108492
109192
108436
108444
108778
108874
108653
108730
108626
108624
108530
108579
108513
108546
108542
108470
108453
108549
108470
108480
108507
108485
108483
108481
108472
108472
108454
108471
108455
108486
108443
108468
108490
108422
108462
108433
108449
108452
108446
108440
108433
108448
108426
108448
108441
108456
108430
108438
108435
108433
108433
108433
108437
108432
108414
108443
108430
108541
108537
108499
108535
108504
108420
109062
108446
108488
108472
108454
108585
108484
108487
109028
108486
108471
108638
108452
108456
108439
108981
108910
109003
108445
108655
108632
108402
108445
108434
108448
108426
108855
108444
108409
108434
108522
108419
108443
108446
108535
108506
108502
109138
108472
108469
108458
109135
108521
108382
108499
108487
108691
108455
108442
108715
108498
108923
108886
108498
108842
108480
108443
108465
108491
108545
108405
108439
108771
108728
108516
108457
108521
108411
108488
108495
108445
108484
108464
108458
108419
108499
108474
108463
108462
108442
108430
108470
108428
108440
108446
108451
108438
108439
108446
108444
108455
108501
108466
108637
108614
108819
108445
108452
108440
108593
108501
108440
108681
108461
108459
108454
108557
108486
108444
108590
108575
108445
108490
108449
108447
108476
108421
108441
108438
108706
108464
108545
108516
108487
108486
108494
108353
108446
108932
108546
108485
108546
108378
108834
108413
108468
108426
108476
108484
108445
108502
108530
108446
108462
108449
108499
108497
108472
108330
108456
108434
108435
108435
108426
108436
108451
108452
108442
108442
108499
108471
108463
)
;
    }
    shellend1
    {
        type            fixedFluxPressure;
        gradient        uniform 0;
        value           nonuniform List<scalar> 
107
(
109316
109241
109197
109180
109197
109199
109200
109201
109201
109201
109201
109201
109201
109201
109201
109201
109201
109201
109200
109196
109192
109184
109178
109190
109226
109319
109351
109228
109208
109201
109200
109201
109201
109201
109201
109201
109201
109201
109201
109201
109201
109201
109200
109200
109198
109211
109244
109302
109301
109221
109184
109195
109191
109198
109199
109201
109201
109201
109201
109201
109201
109201
109201
109201
109201
109201
109201
109198
109199
109199
109194
109190
109182
109184
109220
109269
109335
109190
109200
109334
109188
109192
109198
109199
109200
109201
109201
109201
109201
109201
109201
109198
109195
109184
109287
109201
109201
109201
109201
109201
109191
109290
109245
109201
109201
109209
109201
)
;
    }
    shellend2
    {
        type            fixedFluxPressure;
        gradient        uniform 0;
        value           nonuniform List<scalar> 
107
(
108581
108576
108571
108567
108567
108570
108573
108584
108596
108605
108611
108614
108615
108615
108613
108611
108607
108603
108597
108591
108584
108576
108585
108571
108569
108573
108577
108580
108582
108584
108583
108578
108578
108583
108591
108599
108606
108611
108614
108615
108614
108612
108609
108606
108601
108595
108590
108584
108580
108581
108582
108584
108585
108574
108570
108584
108575
108595
108604
108609
108613
108616
108615
108615
108613
108611
108606
108602
108597
108592
108573
108579
108575
108576
108579
108580
108583
108581
108583
108577
108577
108579
108581
108591
108600
108614
108615
108615
108610
108608
108603
108584
108582
108577
108578
108585
108578
108610
108613
108596
108590
108583
108608
108614
108581
108601
108581
)
;
    }
    inletshell
    {
        type            fixedFluxPressure;
        gradient        uniform 0;
        value           nonuniform List<scalar> 
62
(
109459
110089
110052
109314
109656
109351
109636
109426
109478
110184
110161
109484
109557
110216
109771
109574
109647
109626
109490
110340
109279
109611
109316
110216
110065
109340
109793
109281
109937
109300
110039
110247
109555
109329
109571
110220
109754
109185
109308
109776
110051
109392
109291
109362
109129
109401
110248
109247
109756
109700
109615
109515
109579
110260
110322
109410
109709
109733
109548
109309
109869
109715
)
;
    }
    outletshell
    {
        type            fixedFluxPressure;
        gradient        uniform 0;
        value           nonuniform List<scalar> 
62
(
99889.7
99280.1
95541.5
97309.1
99293.1
99441.8
100299
99050.2
99777.9
98178
98833.1
99163.2
96359.2
99809.1
100269
100682
98915.2
100064
100017
99968
100677
98947.5
98461.3
99548
98504.3
99446
99999.9
97927.1
101031
98708.1
100858
100286
99396.1
100587
99011.2
99899.4
99536.2
101035
100223
100652
99273.6
100402
99772.6
101019
100833
100187
100175
99474
100042
97967.2
100683
100919
99209
100834
100007
98905.7
100231
99714.2
99855.8
100053
100051
101152
)
;
    }
    inlet
    {
        type            fixedFluxPressure;
        gradient        nonuniform List<scalar> 
24
(
0
0
2.87718e-08
0
3.95993e-08
3.32486e-08
3.38973e-08
0
2.88387e-08
0
3.19045e-08
0
0
0
0
3.66292e-08
0
3.29475e-08
0
0
0
0
3.12952e-08
3.7153e-08
)
;
        value           nonuniform List<scalar> 
24
(
109329
109484
109569
109557
109571
109819
109771
109574
109863
109647
109776
109873
109626
109490
109910
109308
109508
109603
109634
109606
109707
109724
109706
109663
)
;
    }
    outlet
    {
        type            fixedValue;
        value           uniform 100000;
    }
    shell_to_copper
    {
        type            fixedFluxPressure;
        gradient        uniform 0;
        value           nonuniform List<scalar> 
2820
(
109193
108579
108581
108567
108433
108460
108403
108471
108513
108429
109202
108630
109200
108653
108454
109972
108511
108460
108502
108432
108444
108477
108480
108379
108453
108477
108303
108447
109195
108603
108533
108466
108454
108597
108613
108559
108431
110477
108318
109170
108606
108605
108445
108313
109198
108303
108185
108497
109201
108193
108572
108392
108381
108318
108439
108446
109199
108412
108433
108420
108408
109201
108432
108600
108453
108469
108419
108596
108478
108430
108446
108498
108557
108434
108537
108532
108299
109200
107562
108597
108461
108298
108457
108027
108440
108515
108370
111239
109201
108435
108436
107582
109201
108460
108602
108374
108460
108177
108477
108460
108779
108424
109466
108605
108459
108716
108575
109024
109435
108546
108469
109390
108242
108389
108460
107912
108575
108432
108460
108458
109197
108453
108359
108385
109201
108419
108481
108444
108442
108567
108479
108561
108425
109200
108101
108426
108469
108380
108473
108462
108418
108284
108561
108463
108449
108383
108429
108157
108418
108439
108469
108453
108415
108457
108444
108483
108460
108560
108447
108427
108460
108367
108434
108417
108454
109201
110119
108435
108370
108459
108453
108459
108464
108445
109168
108583
108499
108472
108460
108444
108624
108588
108506
109396
109120
109185
109074
108270
109201
109175
109201
109201
109173
109200
108448
108263
108462
108363
108074
108154
108445
108428
108435
108577
108427
108447
108419
108449
108473
107697
108507
108446
108523
108615
108495
108545
108467
108478
109410
108854
108417
109194
108916
109201
108419
109200
109206
108402
108318
108303
109155
109164
108574
109201
108432
108294
108444
108535
108468
108582
108453
108428
108408
109201
108465
108459
108460
108460
108581
108578
108468
108584
109198
108118
108460
108450
110350
112124
108463
108445
108471
108444
108531
108462
108413
108415
111184
108611
108459
108460
108459
108453
108463
108845
108432
109202
108452
109193
108460
108412
108459
108591
108611
108434
108449
108556
108554
108356
108399
108260
108388
108417
109177
108391
108794
108460
108460
108484
111614
108602
108569
108430
108447
108438
108452
108489
108459
108137
108456
108435
108430
108595
108466
108437
108472
108482
108457
109198
108957
108446
108441
108439
108410
108537
108392
108488
108478
109201
108447
108352
108393
109179
108364
108633
108408
108610
108497
109181
108455
108431
109200
109170
108445
108401
108467
108586
108360
108599
108460
107719
108475
108534
108989
108523
108632
108384
108410
108449
108337
108434
108490
108558
108538
108465
108447
108443
108490
108468
108453
108455
108509
108419
108462
108557
108435
108487
108433
108346
108427
109069
109200
109189
108449
108557
108457
108366
108601
108410
108113
108626
108609
109201
109175
108329
108405
108429
108455
108458
109201
109201
108504
108448
108458
109201
108428
108445
108135
108440
109197
108785
108389
108341
109201
108423
108420
108603
108577
108542
108453
108466
108431
108492
108470
109123
108529
108425
108408
107998
108392
108412
109118
108422
108443
108388
108450
108483
108460
108498
108477
108453
108454
108537
108438
108586
108561
108441
108452
108450
108437
108430
108620
108548
108417
108449
108452
108552
108455
108449
108557
108460
108414
108423
108418
108399
108467
108425
109175
108211
108567
109163
108419
108454
109201
107881
108461
108419
109202
108458
108108
108423
108432
108476
108428
108453
108424
109864
108440
109842
108494
108458
108468
108428
108460
108460
108460
108423
109201
108446
108458
108402
108459
108450
108442
108999
108613
108353
109082
108460
108436
108505
108439
108437
108597
108584
109097
108492
109136
109137
107532
108512
109055
108449
107807
108434
108436
108461
108430
108427
108444
108475
108562
108461
109003
108460
108450
108457
108481
108502
108789
108458
108447
108429
108438
108443
108438
108448
108603
108309
108439
108459
108366
108454
108320
108433
108448
108403
108421
108424
108360
108429
108444
108607
108444
108410
108413
108442
108372
108467
108364
108367
108419
108582
108006
108456
108855
108525
108533
108489
108404
108396
108419
109201
108464
108464
108403
108494
108515
108460
108450
108436
109377
108448
108388
108562
108596
109201
108440
108412
108337
108310
108454
108436
108239
109272
108460
108440
108460
108467
108450
108448
108461
108457
108487
108585
108437
108500
108459
108510
108759
108457
108421
108428
108569
108356
108454
107820
108422
108054
107654
108438
108603
109101
109201
109176
109200
108572
108627
108238
108461
109106
108460
108456
108652
108466
108460
108438
108565
108369
108561
108419
109200
108012
109201
109201
109201
108582
109051
108448
108401
108492
108506
108407
108445
108416
108431
109991
108596
108428
108407
108595
108417
108440
108428
108460
108931
108445
109201
108472
109201
108459
108501
108319
109245
108504
108498
108514
108448
109193
108220
108601
108597
108390
109133
108464
108437
108575
108460
108440
108585
108706
108480
108435
108397
108407
108411
108366
108607
108580
108514
108468
108533
108459
108570
108439
108428
108364
108314
109192
108420
108570
108415
108404
108459
108457
108612
108605
108504
108476
108927
108416
109036
108584
108459
108460
107759
108151
108405
108429
108452
108478
108452
108453
108452
108464
108456
109201
108591
108460
108454
108414
108464
108445
108468
109078
108430
108424
108473
108495
108250
107692
107899
108377
108328
108201
108466
108339
109199
109174
108403
108460
108459
108435
108597
108453
108365
108455
108605
108460
108693
108491
108425
108406
108365
108490
108707
109111
109269
108475
108428
108513
108453
108478
108650
108588
108486
108468
108459
108396
108450
108333
108427
108281
108344
108593
108494
108489
108772
108401
108571
108435
108460
108576
108787
108332
108461
108462
108460
108454
108452
108482
108445
108615
108423
108567
108432
108450
108461
108580
108336
108562
108580
108404
107536
108431
108317
108460
108475
110215
108570
108616
108410
108403
108460
108509
108561
108563
108527
108443
108460
108460
108429
108449
108452
108432
108403
108322
108464
108492
108433
108393
108460
108372
108583
108418
109075
108951
108414
108909
107809
108445
108432
108404
108613
109073
108363
109130
108281
109201
109201
109201
108449
108751
108421
108460
108460
108466
108456
109201
108518
108432
108435
109201
108435
108460
108460
108448
108445
108463
108433
108599
108589
109199
108363
108459
108451
108488
108489
109200
109200
108570
108421
108561
109205
108562
108427
108427
108448
108440
108448
108488
108572
108456
108414
108471
108459
108413
108458
108460
108449
109201
109201
109145
108367
108445
108461
108474
108557
108457
108460
108459
108456
108405
107898
108187
108174
108748
108279
109215
108460
109201
109190
108522
109195
108414
108490
108584
108460
108460
108597
108112
108412
108673
108457
108459
108446
108537
108442
108460
108873
108496
108433
108568
108425
108612
108442
108426
108460
108463
109024
108365
109127
108564
108480
108232
108031
108390
108448
108778
108319
108461
108373
109158
109293
108573
108609
109020
109228
108476
108417
108457
109000
108294
109192
109201
108469
109291
108529
108560
108461
108460
108276
108458
108473
109201
108457
109201
108408
107927
108439
108414
108425
108405
108802
109201
109093
109201
108446
108501
111115
108460
108557
108459
108454
108455
108459
108370
108457
108484
108320
108603
108375
108445
108461
108415
109201
109184
108455
108250
108351
109200
108435
108455
108432
108431
108438
108386
108389
109144
108458
108447
108567
109201
108415
108481
108416
108469
108404
108345
109201
108170
108425
108490
108560
108465
108305
108457
108467
109184
108423
108520
108470
108463
108462
109163
108811
108511
109167
108826
108457
108450
108609
109156
109199
108456
108457
108488
108460
107970
108463
108798
108524
109134
108459
108458
108428
108487
108152
108465
108487
108474
108468
108599
107885
108576
108548
108511
108721
109201
108217
109103
109155
109155
108444
108617
108438
108023
108464
108461
108472
108455
108427
108428
108505
108458
108459
108422
108456
108461
108427
108500
108460
108405
108455
108598
108453
108461
108574
108421
108460
108321
108418
108457
108464
108427
109200
108460
109154
109189
108384
109201
108405
108373
109201
109226
109316
108478
108386
108461
108390
109334
108547
108460
108444
108460
108460
108452
108371
108456
108461
108353
108328
108439
108462
112108
108412
109197
108465
108531
108305
108435
108525
108421
108496
108454
108587
108286
108598
109201
108567
108461
108964
108515
108454
108460
108458
108457
108441
108438
108355
108430
108399
108462
108180
108461
108173
108456
108392
108405
109197
109193
109185
109201
109199
109858
109128
108538
108452
108459
108526
108990
108456
108904
108446
108466
108460
108446
111342
109179
108388
108460
108335
108449
108335
108460
108329
108501
108433
108587
108461
108282
109201
108458
108456
108451
108525
108438
108364
108556
109201
108478
108471
108462
108593
108495
108489
110840
108460
108636
107845
109319
109155
108498
108438
108450
108615
108427
109201
109201
108581
108489
108645
108538
108460
108444
108459
108446
108404
108411
108567
107990
108829
108433
108452
108457
108539
108434
108455
108452
107995
108596
108388
108469
108400
108448
108399
108460
108472
108603
108255
108990
108495
108512
108436
108458
108481
108415
108458
108455
108610
108433
109201
108900
109198
108443
108560
108578
108449
108464
108513
108340
108552
108799
108529
108460
108561
108458
108450
108452
108424
108333
109201
109196
109197
109183
108393
108419
108384
108414
108429
109194
108387
108579
108606
109115
108256
109095
108419
108416
108452
108615
108459
108483
108461
108461
108463
108895
108441
108454
108560
109201
108450
108446
108461
108462
108472
108445
108471
108593
108436
108231
108450
108459
108536
108478
108440
108432
108434
108605
108558
108455
108526
108943
108476
108479
108461
108449
108472
108445
109192
108540
108447
108475
108519
108481
108461
108448
108472
108812
108466
108417
108460
108483
108462
108451
108452
109221
108577
108365
107739
108594
108817
108560
108397
108523
108486
108433
109851
108612
109194
108494
108497
108542
108926
108492
108464
108458
108347
109201
108479
108358
108412
108426
108566
108468
108897
108470
108511
109196
108453
108402
109167
108465
108455
108423
108440
108517
108574
108445
108441
108435
108533
108436
108532
109201
108442
108533
108474
108470
108478
108418
108441
108415
108428
108404
108916
108566
109201
108471
108460
108563
108610
108603
108541
108578
108357
109217
109201
108434
109191
108463
108515
112022
109164
108461
108460
109050
108510
108513
108526
108428
108456
108431
108420
108458
108436
108415
108447
108420
108459
108465
108453
108411
108461
108447
108511
108383
107778
107878
107568
109201
109201
108002
108615
108584
108482
108476
108571
108569
108462
109201
109201
109201
108452
108469
109201
109313
108440
108443
108729
108563
108434
108164
108182
108442
108496
108483
108460
108461
108461
108458
108566
109233
108460
108443
108454
108452
108445
108332
108472
108505
108405
108491
108407
108477
108464
108460
108309
108476
108467
108472
108314
108600
108463
108485
108461
109201
109219
109207
108437
109119
108458
108532
108462
108459
108373
108451
108450
108448
108576
108420
108419
108424
108406
108420
108585
108496
109196
108989
108423
112157
108583
109108
108450
108451
108612
108269
108076
108610
108611
108611
108284
108498
109098
108798
108439
108565
108442
108460
108460
108487
109325
108449
108265
108293
111766
109197
109201
109201
107947
109161
108442
108573
108459
108458
108600
108442
108414
108425
108379
108902
108422
108462
108460
108445
108421
108430
108458
111092
108406
108460
108434
108577
109201
109103
108517
109200
108446
108465
109120
108461
108135
108446
108461
108387
108459
108414
108371
108645
110000
108766
107882
108509
108567
108480
108484
108516
108452
108460
109201
108569
108465
108480
108230
108449
108605
108606
108373
108383
108413
108609
108407
109201
108629
108461
108642
109201
108578
108460
108586
108459
108584
108480
108416
108359
108456
108467
108440
109202
108576
108328
108297
108444
109201
109201
108438
108429
108612
108508
108571
108468
108977
108882
108537
108458
108457
108487
108453
108454
108460
108458
108439
108557
108442
108473
108525
108573
108467
108467
108448
108399
108512
107521
108528
108459
108452
108608
108453
108418
108460
108462
108596
108604
108612
108428
108951
108763
108040
108697
108436
108450
108462
109201
108460
109201
108446
108479
108454
108457
108464
108492
108386
108366
109151
109195
109201
108496
108458
108585
108576
108426
108444
108433
108532
108352
108449
108428
108473
108442
108584
108608
108467
108289
109200
108377
108229
108456
108491
109201
109200
108461
108700
108427
108407
109201
108472
108456
109198
108474
108460
108505
108514
108460
108436
108436
108452
109201
107783
108445
109181
108440
108408
108403
108517
108406
108456
108424
108458
108458
108634
108465
108861
108486
108441
108504
108129
108459
108478
109163
108406
108463
108953
108395
108604
108953
108505
108538
108588
109201
108547
108546
108464
108447
108462
108379
109201
108347
108461
108613
108552
108928
108396
108460
108610
108563
108602
108415
108469
108461
108607
108452
108457
108432
108461
108374
108376
108317
108503
108577
108402
108334
108458
108522
108340
108455
109129
108500
108405
108613
109184
108435
108492
108397
108460
108444
108439
108472
108585
108481
109098
108600
108419
108471
108463
108405
108404
108681
108417
108400
108476
108393
108520
108446
108529
108502
108188
108450
108526
109104
108588
108990
108468
108405
108605
108444
108550
108390
108443
108455
108555
108435
108084
108501
108472
108453
108449
108341
108567
108416
108562
108438
108501
108464
108339
108424
108565
108412
108421
108457
108453
108463
108456
108552
108291
109125
109159
108495
108435
108537
108509
108405
108407
109193
109213
109199
109192
109199
108463
108474
108428
108455
108430
108472
108418
108606
108564
108602
108599
108442
108433
108416
108513
108484
108474
108460
108435
108474
108455
109198
108424
108467
108613
108474
108473
108443
108392
108434
109120
109186
109019
108437
109149
108398
108393
108768
108448
108521
108419
108511
108460
108296
108458
108498
109095
109136
109154
108997
108402
108456
109165
111056
108357
108461
109038
108462
108458
108431
108476
108459
108468
108459
108586
108400
108506
108456
108484
108455
108471
108454
108433
108546
108494
108524
108455
108303
108499
108435
108202
109827
109192
108460
108434
108450
108574
108470
108460
108569
108479
108469
108489
108325
108342
108444
108419
108458
108479
108232
108503
108215
108108
108531
108534
108381
108541
108569
108455
108443
108469
108285
108462
108422
108506
108535
108502
108457
108426
108460
108460
108422
109150
109129
108490
109072
108567
108425
108461
108461
108470
108347
108350
108438
108538
108580
108404
108358
108420
108377
108463
109182
108461
108338
108459
108455
108449
108411
108388
108435
107755
108424
108338
108356
108407
108577
108584
108575
108445
108610
108570
109163
108467
108465
109182
109111
108508
108471
108424
108446
107847
107592
108376
109201
108476
108458
108612
108448
108461
108582
108464
108462
109161
108451
108461
109196
109191
109200
108458
108459
108460
108584
109107
108460
108450
108453
108452
108535
108469
108453
108421
108434
108419
108424
108407
108402
108448
108366
108222
108362
108170
107655
107735
109201
109202
108611
108488
108419
108464
108575
111635
109176
108460
108461
108460
108423
108551
108455
108457
108374
108438
109282
108409
108404
108285
108324
108460
108559
108459
108389
108449
109201
108461
108460
108449
108369
108346
108347
107790
107797
107913
108445
108445
109201
108569
108436
108423
108487
108646
108448
108566
108613
108491
108463
108455
108387
108463
108453
108584
108460
108071
108440
108449
108445
108474
107664
108473
108445
108433
108552
108475
108439
108377
109195
109191
109201
108613
108459
108579
108493
108448
108647
108454
107768
109201
108435
108565
108361
108415
108288
108416
108558
108392
108573
108451
108420
108397
108426
108432
108555
108464
108172
108482
108549
108553
108592
108569
108596
108489
108558
108531
109203
108469
108447
108459
108431
109126
108456
109201
109201
108698
108512
109200
108939
108450
108478
108456
108440
108440
108018
108456
108428
108395
108435
108456
108458
108531
108462
108394
108341
108435
108417
108459
108563
108462
108555
108454
108566
108400
108463
108462
108510
108587
108609
109199
108335
108542
108535
108585
108602
108586
108567
108573
108574
109140
108481
108589
108450
108450
108411
107810
108462
108473
108500
109201
109201
108483
108460
108462
108456
108396
108478
108451
108451
109201
109201
108455
108436
108435
108888
108429
108478
108771
108411
108420
108398
108394
108591
108436
108500
108495
108446
108462
108182
108396
108423
108445
108231
108464
108469
108411
108227
108484
108557
108375
108568
108569
108471
108537
108427
108439
108574
108169
108417
108458
108458
109167
109201
108483
109198
109199
108449
108569
109240
108102
109220
108478
108682
108460
108617
108430
108583
108438
108434
108424
108429
108228
109201
109196
109115
108847
108470
108478
108473
108448
108460
108455
108321
108458
108407
108460
109199
108536
109126
108417
108579
108464
108457
108591
108461
108455
108453
108460
108460
108450
108366
108569
108397
109187
108376
108337
108473
108455
109194
107946
108448
108442
108457
108343
107950
108475
108569
108462
108515
108593
109201
108840
108518
108611
108803
108539
107856
108476
108162
108514
108256
108461
108456
108462
108386
108608
108596
108309
109142
108600
109201
109201
109121
109201
108457
108461
108461
108460
108705
108460
108408
108638
108414
108460
108252
108453
108482
108407
108453
108399
108454
108431
108433
108397
108429
109201
108383
108455
108403
108382
107963
107917
108725
108448
108574
108576
108715
108448
108609
108380
108467
108443
108473
108471
108420
109118
108888
108575
108391
108570
108469
108446
108457
108562
108577
108419
109181
108613
108512
108599
108422
108464
108449
109180
108482
108572
108469
108460
108429
108506
108425
108515
108452
108534
108511
108650
108460
108461
108481
108584
108500
108455
108457
108454
109200
108430
108409
108544
108479
108338
108524
109201
109200
108565
108852
112316
108460
108511
109146
108564
108530
108452
108456
108434
108461
108422
108451
108418
108449
108157
108519
108440
108399
109197
108458
108426
108579
109927
108085
108434
108460
108608
108575
108320
108291
108400
108455
109178
108460
110838
108433
108430
108460
108460
108430
108444
108431
108231
108129
108545
108393
108472
108367
108377
108550
108401
108392
108403
109197
108406
108336
108464
108585
108595
108458
108602
108438
108625
108346
108332
108384
108350
108381
108381
109201
108197
108503
108603
108338
108353
108457
108595
108475
108615
108455
108484
108428
108550
108460
108479
108433
108313
108237
108913
108482
108535
108453
108309
108585
109180
108461
108462
109241
108447
108446
108434
108595
109133
109039
109024
109058
109155
108433
108460
108460
108460
108444
108517
108606
108447
108581
108407
108460
108642
108612
108468
108424
109102
108438
108444
108465
108393
108460
108596
108418
108424
108458
108424
108532
108614
108614
109182
108599
108576
108456
108613
108593
108461
108422
108457
108639
108548
108449
108383
108582
108442
108408
108374
108342
108486
108551
108493
108557
108462
108460
108459
108460
108456
108460
108449
109312
108460
108455
109179
108484
108401
108412
108375
108460
108365
108608
108534
109201
108381
109202
109196
108594
108481
108613
108468
108457
108418
108426
108493
108406
108399
108560
108575
108461
108604
108458
108459
108505
108451
108409
108452
108457
108452
108447
108465
108501
108186
108504
108433
108280
108427
109201
109193
108409
108475
108544
108574
108566
108430
108464
109199
109201
109025
109200
109199
109202
109201
108428
108407
108481
108490
108437
108722
108892
)
;
    }
}


// ************************************************************************* //
