/*--------------------------------*- C++ -*----------------------------------*\
| =========                 |                                                 |
| \\      /  F ield         | OpenFOAM: The Open Source CFD Toolbox           |
|  \\    /   O peration     | Version:  2312                                  |
|   \\  /    A nd           | Website:  www.openfoam.com                      |
|    \\/     M anipulation  |                                                 |
\*---------------------------------------------------------------------------*/
FoamFile
{
    version     2.0;
    format      ascii;
    arch        "LSB;label=32;scalar=64";
    class       labelList;
    location    "constant/tube/polyMesh";
    object      faceRegionAddressing;
}
// * * * * * * * * * * * * * * * * * * * * * * * * * * * * * * * * * * * * * //


11689
(
1
2
3
5
6
7
8
9
10
11
12
13
14
15
17
18
19
21
22
23
25
26
27
29
30
31
32
41
42
43
44
52
53
54
56
57
58
60
61
62
67
68
69
70
71
72
73
75
76
77
78
79
80
82
83
84
85
86
87
88
90
91
92
105
106
107
109
110
111
113
114
115
116
117
118
119
120
121
122
123
125
126
127
128
129
130
131
136
137
138
144
146
147
148
149
150
151
152
153
157
158
159
160
161
162
163
164
165
166
167
168
169
170
172
173
174
176
177
178
179
180
181
182
183
187
188
189
190
191
192
193
195
196
197
199
200
201
203
204
205
206
207
208
209
210
211
212
213
214
215
217
218
219
220
221
222
223
224
225
229
230
231
232
233
234
235
236
237
238
239
245
246
247
248
249
250
251
256
257
258
259
260
261
262
264
265
266
267
268
269
271
272
273
274
279
280
281
283
284
285
286
287
288
289
290
291
292
293
294
295
296
297
299
300
301
302
303
304
305
306
307
308
309
310
311
312
313
319
320
321
322
327
328
329
330
335
336
337
338
339
340
341
342
343
344
345
346
347
348
349
350
351
352
353
354
355
356
357
358
359
360
361
362
363
364
366
367
368
370
371
372
373
374
376
377
378
380
381
382
384
385
386
387
388
389
390
391
392
393
394
395
396
397
398
399
400
401
402
403
404
405
406
411
412
413
415
416
417
419
420
421
422
423
424
425
427
428
429
430
431
432
434
435
436
437
438
439
440
442
443
444
445
446
447
448
449
450
451
452
454
455
456
458
459
460
462
463
464
465
466
467
468
470
471
472
474
475
476
477
478
479
480
481
482
483
484
485
486
487
488
489
490
491
492
494
495
496
498
499
500
502
503
504
506
507
509
510
511
512
513
515
516
517
518
519
520
521
522
523
524
525
526
527
528
529
530
531
532
533
538
539
540
541
542
543
544
545
546
547
548
549
550
551
553
554
555
556
557
558
559
564
565
566
575
576
577
579
580
582
583
584
585
586
587
588
589
590
591
593
594
595
596
597
598
599
600
605
606
607
608
609
610
611
613
614
615
617
618
619
621
622
623
624
625
626
627
628
629
630
631
633
634
635
636
637
638
639
640
641
643
644
645
650
651
652
653
658
659
660
666
667
668
670
671
672
673
678
679
680
681
682
683
684
685
686
688
689
690
691
692
693
694
696
697
698
699
700
701
702
707
708
709
710
711
712
713
714
715
716
717
718
719
720
721
722
723
724
725
726
727
728
729
731
732
733
734
735
736
738
739
740
741
742
743
745
746
747
748
749
750
751
752
756
757
758
759
764
765
766
768
769
770
771
772
773
774
776
777
778
779
780
781
782
783
784
785
786
787
788
789
790
792
793
794
795
800
801
802
804
805
806
807
808
809
811
812
813
814
815
816
817
818
819
820
821
823
824
825
826
827
828
829
830
831
832
833
834
835
836
837
838
839
840
841
843
844
845
847
848
849
850
851
852
853
854
855
856
857
858
859
860
861
862
863
864
865
866
867
868
870
871
872
873
877
878
879
880
881
882
883
884
889
890
891
892
893
894
895
897
898
899
900
901
902
903
908
909
910
912
913
914
915
920
921
922
923
924
925
926
927
928
929
930
931
933
934
935
937
938
939
940
941
942
943
944
945
946
947
948
953
954
955
957
958
959
960
961
963
964
965
966
967
968
969
971
972
973
975
976
977
978
991
992
993
995
996
997
998
999
1000
1001
1002
1003
1004
1005
1006
1007
1008
1009
1011
1012
1013
1014
1015
1016
1017
1018
1019
1020
1026
1027
1028
1030
1031
1032
1033
1034
1035
1036
1037
1038
1039
1040
1044
1045
1046
1048
1049
1050
1051
1052
1053
1054
1055
1056
1057
1058
1059
1060
1061
1063
1064
1065
1066
1067
1068
1069
1071
1072
1073
1074
1075
1076
1077
1078
1079
1080
1081
1082
1083
1084
1085
1086
1087
1088
1089
1090
1091
1092
1093
1094
1095
1096
1097
1098
1099
1101
1102
1103
1105
1106
1107
1108
1109
1110
1111
1113
1114
1115
1117
1118
1119
1120
1121
1122
1123
1124
1129
1130
1131
1132
1133
1134
1135
1140
1141
1142
1152
1153
1154
1156
1157
1158
1159
1160
1161
1162
1163
1164
1165
1166
1167
1172
1173
1174
1175
1176
1177
1178
1179
1180
1181
1182
1183
1187
1188
1189
1190
1191
1192
1193
1194
1195
1197
1198
1199
1201
1202
1203
1204
1205
1206
1207
1208
1209
1210
1211
1212
1213
1214
1215
1224
1225
1226
1227
1228
1229
1230
1231
1232
1233
1234
1235
1240
1241
1243
1244
1245
1246
1247
1248
1253
1254
1255
1256
1257
1258
1259
1260
1261
1262
1264
1265
1266
1267
1268
1269
1270
1275
1276
1277
1278
1283
1284
1286
1287
1288
1290
1291
1293
1294
1295
1297
1298
1300
1301
1302
1303
1304
1305
1306
1307
1308
1309
1310
1316
1317
1318
1319
1320
1321
1322
1323
1324
1325
1326
1327
1328
1329
1330
1331
1332
1333
1335
1336
1337
1339
1340
1341
1343
1344
1345
1347
1348
1349
1350
1351
1352
1353
1354
1355
1356
1357
1359
1360
1361
1362
1363
1364
1365
1367
1368
1369
1375
1376
1379
1380
1381
1382
1383
1384
1385
1391
1392
1393
1394
1395
1396
1397
1398
1399
1400
1401
1402
1403
1404
1405
1407
1408
1410
1411
1412
1413
1414
1415
1416
1417
1425
1426
1427
1429
1430
1431
1432
1437
1438
1439
1440
1441
1442
1444
1445
1446
1447
1448
1449
1450
1451
1455
1456
1457
1458
1459
1460
1461
1462
1463
1464
1474
1475
1476
1477
1478
1479
1480
1481
1489
1490
1492
1493
1494
1496
1497
1498
1500
1501
1502
1503
1504
1505
1506
1507
1508
1509
1511
1512
1513
1514
1515
1516
1517
1519
1520
1521
1522
1523
1525
1526
1527
1528
1529
1530
1535
1536
1537
1542
1543
1544
1545
1546
1547
1548
1549
1550
1551
1552
1553
1554
1555
1556
1557
1558
1559
1560
1561
1562
1563
1564
1565
1566
1567
1568
1569
1570
1571
1572
1573
1574
1576
1577
1578
1579
1580
1581
1587
1588
1589
1591
1592
1593
1598
1599
1600
1601
1602
1603
1605
1606
1607
1608
1609
1610
1611
1612
1613
1614
1615
1616
1617
1618
1619
1621
1622
1623
1624
1625
1626
1627
1628
1630
1631
1632
1633
1634
1635
1636
1637
1638
1639
1640
1641
1643
1644
1645
1646
1647
1648
1649
1651
1652
1653
1655
1656
1657
1659
1660
1661
1663
1664
1665
1666
1667
1668
1669
1670
1671
1672
1673
1674
1675
1676
1677
1678
1679
1684
1685
1687
1688
1689
1690
1691
1692
1693
1699
1700
1701
1702
1703
1704
1705
1707
1708
1709
1711
1712
1713
1714
1718
1719
1720
1722
1723
1724
1725
1726
1727
1728
1729
1730
1731
1732
1733
1734
1735
1736
1737
1738
1739
1740
1741
1742
1743
1745
1747
1748
1749
1751
1752
1753
1754
1755
1756
1757
1759
1760
1762
1763
1764
1765
1770
1771
1772
1774
1775
1776
1777
1778
1779
1781
1782
1783
1784
1785
1786
1788
1789
1790
1794
1795
1796
1797
1798
1799
1801
1802
1803
1804
1805
1806
1807
1808
1809
1810
1811
1812
1813
1814
1815
1816
1817
1818
1819
1820
1821
1822
1823
1824
1825
1826
1827
1828
1829
1831
1832
1833
1834
1835
1836
1837
1838
1842
1843
1844
1845
1846
1847
1848
1849
1850
1851
1852
1853
1854
1856
1857
1858
1859
1864
1865
1866
1867
1868
1869
1870
1871
1880
1881
1882
1884
1885
1886
1887
1889
1890
1891
1893
1894
1895
1896
1897
1898
1899
1900
1901
1902
1904
1905
1906
1908
1909
1910
1911
1912
1913
1914
1915
1916
1917
1918
1919
1920
1921
1922
1923
1924
1925
1926
1927
1929
1931
1932
1933
1934
1935
1937
1938
1939
1941
1942
1944
1945
1946
1952
1953
1954
1955
1956
1957
1958
1959
1960
1961
1962
1963
1964
1965
1966
1968
1969
1970
1971
1972
1973
1978
1980
1981
1982
1984
1985
1986
1987
1988
1989
1990
1991
1992
1993
1994
1995
1996
1997
1998
1999
2000
2001
2002
2007
2008
2009
2010
2011
2012
2013
2019
2020
2021
2022
2023
2024
2025
2030
2031
2032
2033
2034
2035
2037
2038
2039
2040
2041
2042
2043
2045
2046
2047
2048
2049
2051
2052
2056
2057
2059
2060
2061
2062
2063
2064
2065
2070
2071
2073
2074
2075
2077
2078
2079
2080
2081
2082
2087
2088
2089
2090
2091
2092
2093
2094
2095
2096
2097
2098
2099
2100
2101
2103
2104
2105
2106
2107
2108
2109
2110
2111
2112
2117
2118
2119
2120
2121
2122
2123
2124
2125
2126
2127
2128
2129
2130
2131
2132
2133
2134
2135
2136
2137
2138
2139
2140
2141
2142
2143
2145
2146
2147
2149
2150
2151
2152
2153
2155
2156
2157
2159
2160
2162
2163
2165
2166
2167
2169
2170
2172
2173
2174
2175
2176
2177
2178
2179
2180
2181
2182
2183
2184
2185
2187
2188
2189
2190
2191
2192
2193
2194
2195
2196
2201
2202
2203
2204
2205
2206
2207
2209
2210
2211
2215
2216
2217
2218
2219
2221
2222
2223
2224
2225
2226
2227
2228
2229
2230
2231
2232
2234
2235
2236
2238
2239
2240
2241
2244
2245
2246
2248
2249
2250
2251
2252
2253
2254
2256
2257
2258
2260
2261
2263
2264
2266
2267
2268
2269
2274
2275
2277
2278
2279
2280
2281
2282
2283
2284
2285
2286
2287
2288
2291
2292
2293
2294
2295
2296
2297
2298
2299
2300
2301
2303
2304
2305
2306
2307
2308
2309
2310
2311
2312
2313
2314
2315
2316
2317
2318
2323
2324
2325
2326
2327
2328
2329
2330
2343
2344
2345
2347
2348
2349
2354
2355
2356
2358
2359
2360
2361
2362
2363
2364
2365
2366
2367
2368
2369
2370
2371
2373
2374
2375
2377
2378
2379
2380
2381
2382
2383
2384
2385
2386
2388
2389
2390
2391
2392
2393
2395
2396
2397
2398
2399
2400
2401
2407
2408
2409
2410
2416
2417
2418
2419
2420
2421
2423
2424
2425
2426
2433
2434
2435
2436
2437
2438
2439
2440
2441
2443
2444
2446
2447
2448
2449
2450
2451
2452
2453
2455
2456
2457
2458
2459
2460
2461
2463
2464
2465
2466
2467
2468
2469
2470
2472
2473
2474
2475
2479
2480
2481
2482
2483
2484
2485
2486
2487
2488
2489
2490
2491
2492
2493
2494
2495
2496
2498
2499
2500
2502
2503
2504
2505
2506
2507
2508
2510
2511
2512
2514
2515
2517
2518
2519
2520
2524
2525
2526
2528
2529
2530
2531
2532
2533
2535
2536
2537
2539
2540
2541
2543
2544
2545
2546
2547
2548
2549
2550
2551
2552
2553
2554
2555
2556
2557
2558
2559
2560
2561
2563
2564
2566
2567
2569
2570
2571
2572
2573
2574
2575
2576
2577
2579
2580
2581
2582
2583
2584
2585
2586
2587
2589
2590
2591
2593
2594
2595
2596
2597
2598
2599
2600
2601
2602
2604
2605
2607
2608
2610
2611
2615
2616
2617
2618
2619
2620
2621
2622
2623
2624
2625
2626
2627
2628
2629
2630
2631
2632
2633
2634
2635
2637
2638
2639
2640
2641
2642
2643
2644
2645
2646
2648
2649
2650
2652
2653
2654
2656
2657
2658
2660
2661
2662
2663
2667
2668
2674
2675
2676
2677
2678
2679
2680
2681
2682
2683
2684
2685
2686
2687
2688
2689
2690
2691
2692
2694
2695
2696
2697
2698
2699
2700
2701
2702
2703
2704
2705
2706
2707
2712
2713
2714
2715
2720
2721
2722
2723
2724
2725
2726
2727
2728
2729
2730
2731
2732
2733
2734
2735
2737
2738
2739
2740
2741
2743
2744
2745
2747
2748
2750
2751
2757
2758
2759
2760
2761
2762
2763
2764
2765
2766
2768
2769
2770
2771
2772
2773
2774
2779
2780
2781
2783
2784
2785
2786
2787
2788
2789
2790
2791
2792
2793
2794
2795
2797
2798
2799
2800
2801
2802
2803
2805
2806
2807
2808
2809
2814
2815
2816
2818
2819
2820
2822
2823
2824
2830
2831
2832
2833
2834
2835
2836
2837
2838
2839
2840
2841
2842
2844
2845
2846
2847
2848
2849
2850
2855
2857
2858
2859
2860
2861
2862
2863
2864
2865
2869
2870
2872
2873
2874
2875
2876
2877
2879
2880
2881
2882
2883
2884
2885
2886
2887
2888
2889
2890
2891
2892
2893
2895
2896
2897
2898
2899
2900
2901
2902
2903
2904
2906
2907
2909
2910
2912
2913
2914
2916
2917
2918
2919
2923
2924
2926
2928
2929
2930
2932
2933
2934
2935
2937
2938
2939
2941
2942
2943
2945
2946
2951
2952
2953
2954
2955
2956
2957
2958
2959
2960
2961
2962
2963
2964
2965
2970
2971
2972
2973
2974
2975
2976
2981
2982
2984
2985
2987
2988
2989
2991
2992
2993
2994
2995
2996
2997
2999
3000
3001
3002
3003
3004
3005
3006
3007
3009
3010
3011
3012
3013
3015
3016
3017
3018
3019
3020
3022
3023
3025
3026
3027
3033
3034
3035
3036
3037
3038
3039
3041
3042
3043
3044
3045
3047
3048
3049
3051
3052
3053
3054
3059
3060
3061
3062
3063
3065
3066
3067
3068
3069
3070
3071
3072
3073
3074
3075
3077
3078
3079
3080
3081
3082
3083
3084
3085
3086
3087
3088
3089
3091
3092
3094
3095
3096
3098
3099
3100
3101
3102
3103
3104
3105
3107
3108
3109
3110
3111
3112
3113
3114
3115
3122
3124
3125
3126
3127
3128
3129
3130
3131
3132
3133
3134
3135
3136
3137
3139
3140
3141
3142
3143
3144
3145
3146
3147
3158
3159
3160
3162
3163
3164
3165
3166
3168
3169
3170
3171
3172
3173
3174
3175
3176
3185
3186
3187
3188
3189
3190
3191
3192
3193
3194
3195
3196
3197
3198
3199
3208
3209
3210
3212
3213
3214
3215
3216
3217
3218
3219
3220
3222
3223
3224
3225
3226
3227
3228
3229
3230
3231
3232
3233
3234
3236
3237
3239
3240
3241
3243
3244
3245
3246
3247
3248
3249
3250
3251
3252
3254
3255
3256
3257
3258
3260
3261
3262
3263
3264
3265
3266
3267
3268
3269
3270
3271
3277
3278
3279
3280
3281
3282
3287
3288
3289
3291
3295
3296
3297
3298
3299
3301
3302
3303
3304
3305
3306
3307
3310
3311
3312
3313
3314
3315
3317
3318
3323
3324
3325
3326
3327
3328
3329
3330
3331
3332
3333
3334
3336
3337
3338
3347
3348
3349
3350
3351
3352
3353
3354
3355
3356
3357
3358
3359
3360
3361
3366
3367
3368
3369
3370
3374
3375
3376
3377
3378
3379
3380
3381
3382
3384
3385
3386
3387
3388
3389
3390
3391
3393
3395
3396
3398
3399
3400
3401
3402
3403
3408
3409
3415
3416
3417
3418
3419
3420
3421
3422
3423
3424
3425
3426
3427
3429
3430
3432
3433
3434
3436
3437
3439
3440
3441
3442
3447
3448
3449
3450
3451
3452
3454
3455
3456
3458
3459
3460
3461
3462
3463
3464
3465
3466
3467
3472
3474
3475
3476
3478
3479
3480
3481
3482
3495
3496
3497
3498
3499
3500
3501
3506
3507
3508
3509
3510
3511
3520
3521
3522
3523
3524
3525
3526
3532
3533
3534
3535
3536
3537
3539
3540
3541
3543
3544
3545
3546
3547
3548
3550
3551
3552
3553
3554
3555
3556
3557
3558
3559
3560
3561
3562
3563
3564
3565
3566
3567
3568
3573
3574
3575
3576
3577
3578
3579
3580
3581
3582
3583
3585
3586
3587
3588
3589
3590
3592
3593
3595
3596
3597
3598
3599
3601
3602
3603
3605
3606
3607
3608
3609
3610
3614
3615
3617
3618
3619
3620
3621
3623
3624
3625
3626
3627
3628
3629
3630
3631
3632
3633
3634
3635
3636
3638
3639
3640
3641
3642
3643
3644
3645
3646
3647
3648
3649
3653
3654
3655
3656
3657
3658
3659
3665
3666
3672
3673
3674
3675
3676
3677
3678
3679
3681
3682
3683
3685
3686
3687
3689
3690
3691
3693
3694
3695
3696
3697
3698
3699
3700
3702
3703
3704
3705
3706
3707
3708
3712
3713
3714
3715
3716
3717
3718
3719
3720
3721
3722
3723
3724
3725
3727
3728
3729
3730
3731
3733
3734
3735
3736
3737
3738
3739
3741
3742
3743
3744
3745
3746
3747
3748
3749
3750
3751
3752
3753
3754
3755
3756
3758
3759
3761
3762
3763
3766
3768
3769
3770
3771
3772
3773
3774
3775
3776
3777
3778
3779
3780
3782
3783
3784
3785
3786
3788
3789
3790
3791
3792
3793
3794
3798
3799
3801
3802
3804
3805
3806
3807
3808
3809
3810
3811
3812
3813
3814
3815
3816
3817
3818
3819
3820
3821
3826
3827
3833
3834
3835
3841
3842
3844
3845
3846
3847
3848
3849
3850
3852
3853
3854
3855
3856
3858
3859
3860
3861
3862
3863
3864
3865
3866
3867
3868
3869
3870
3871
3873
3874
3875
3876
3877
3878
3879
3880
3881
3883
3884
3885
3886
3887
3888
3889
3894
3895
3900
3902
3903
3904
3905
3906
3908
3909
3910
3911
3912
3913
3914
3916
3918
3919
3920
3921
3922
3924
3925
3926
3927
3928
3930
3931
3932
3934
3935
3936
3937
3938
3939
3940
3941
3942
3943
3944
3945
3947
3949
3950
3951
3952
3953
3954
3955
3960
3961
3962
3963
3964
3968
3969
3971
3972
3973
3974
3978
3979
3980
3982
3983
3984
3986
3987
3988
3989
3990
3991
3992
3993
3994
3999
4000
4001
4003
4004
4005
4007
4008
4010
4011
4012
4013
4015
4016
4017
4019
4020
4021
4027
4028
4029
4030
4031
4032
4034
4035
4036
4037
4039
4040
4042
4043
4044
4045
4046
4048
4049
4050
4052
4053
4054
4055
4056
4057
4058
4059
4060
4061
4063
4064
4066
4067
4068
4069
4070
4071
4072
4073
4074
4075
4076
4077
4078
4079
4080
4081
4082
4083
4084
4085
4086
4087
4088
4089
4090
4091
4092
4093
4094
4095
4096
4102
4103
4104
4106
4107
4108
4109
4110
4111
4112
4113
4114
4116
4117
4119
4120
4122
4123
4124
4125
4126
4127
4128
4129
4130
4131
4132
4133
4134
4135
4136
4137
4139
4140
4141
4142
4143
4144
4146
4147
4148
4150
4151
4152
4153
4154
4156
4157
4158
4159
4160
4161
4162
4163
4164
4165
4166
4167
4168
4169
4170
4171
4173
4174
4175
4176
4177
4178
4179
4185
4186
4187
4188
4189
4195
4196
4197
4198
4199
4200
4206
4207
4208
4209
4210
4211
4213
4214
4216
4217
4218
4220
4221
4222
4224
4225
4226
4227
4229
4230
4231
4232
4233
4234
4235
4237
4238
4239
4241
4242
4243
4245
4246
4247
4248
4249
4250
4252
4253
4254
4255
4256
4258
4259
4260
4261
4262
4264
4265
4266
4268
4269
4270
4271
4272
4273
4274
4275
4277
4278
4279
4280
4281
4282
4283
4284
4285
4286
4287
4289
4290
4291
4292
4293
4294
4295
4297
4298
4299
4300
4301
4302
4303
4304
4305
4306
4307
4308
4309
4310
4311
4312
4313
4314
4315
4316
4317
4318
4319
4320
4322
4323
4324
4325
4326
4327
4328
4329
4330
4332
4333
4334
4335
4336
4341
4342
4343
4344
4345
4353
4354
4355
4356
4357
4358
4359
4360
4361
4362
4363
4364
4365
4366
4367
4369
4370
4371
4372
4373
4374
4376
4377
4378
4379
4380
4382
4383
4384
4385
4386
4387
4388
4389
4390
4391
4392
4393
4394
4395
4396
4397
4399
4400
4401
4402
4403
4404
4405
4407
4408
4409
4410
4411
4412
4413
4415
4416
4418
4419
4420
4421
4422
4423
4424
4429
4430
4431
4433
4434
4435
4436
4438
4439
4440
4446
4447
4448
4449
4450
4452
4453
4454
4455
4456
4458
4459
4461
4462
4464
4465
4466
4467
4468
4469
4470
4471
4472
4473
4474
4475
4476
4477
4478
4479
4481
4482
4483
4484
4485
4487
4488
4489
4490
4491
4492
4493
4494
4495
4497
4498
4499
4501
4502
4503
4505
4506
4507
4508
4509
4510
4511
4512
4513
4516
4517
4518
4519
4520
4521
4522
4523
4524
4525
4526
4527
4531
4532
4533
4534
4535
4536
4537
4539
4541
4542
4543
4544
4545
4547
4548
4549
4550
4551
4552
4554
4555
4557
4558
4559
4561
4562
4563
4564
4565
4567
4568
4569
4571
4572
4573
4575
4581
4582
4583
4584
4585
4586
4587
4591
4592
4594
4595
4596
4597
4599
4600
4602
4604
4605
4606
4607
4608
4609
4611
4612
4613
4619
4620
4622
4623
4624
4625
4626
4628
4629
4630
4631
4632
4633
4634
4635
4637
4638
4639
4640
4641
4642
4643
4644
4645
4646
4647
4648
4649
4650
4651
4652
4654
4656
4657
4658
4660
4661
4663
4665
4666
4668
4669
4670
4672
4674
4675
4676
4677
4678
4679
4680
4682
4683
4684
4685
4686
4687
4688
4689
4690
4691
4692
4693
4697
4699
4700
4701
4703
4704
4705
4710
4711
4712
4713
4714
4715
4716
4717
4718
4719
4721
4722
4723
4724
4725
4727
4729
4730
4731
4733
4735
4736
4737
4738
4739
4740
4741
4742
4743
4744
4748
4749
4751
4752
4753
4754
4755
4756
4757
4758
4759
4760
4761
4762
4763
4764
4766
4767
4768
4769
4770
4771
4777
4778
4783
4784
4785
4787
4788
4789
4790
4791
4792
4793
4794
4795
4796
4797
4799
4800
4801
4802
4803
4804
4805
4811
4812
4813
4814
4815
4816
4817
4822
4823
4824
4825
4826
4827
4828
4829
4830
4831
4832
4833
4834
4839
4840
4842
4843
4845
4846
4847
4848
4849
4850
4851
4852
4854
4855
4856
4858
4859
4861
4862
4863
4864
4865
4866
4868
4869
4870
4874
4875
4877
4878
4880
4881
4882
4888
4889
4890
4891
4892
4893
4895
4896
4897
4898
4899
4900
4901
4903
4904
4905
4906
4907
4909
4910
4911
4912
4914
4915
4917
4918
4919
4920
4921
4922
4923
4924
4925
4926
4927
4928
4929
4930
4931
4932
4934
4935
4936
4937
4938
4939
4940
4942
4943
4944
4945
4946
4947
4948
4950
4951
4952
4954
4955
4957
4958
4959
4960
4961
4963
4965
4967
4969
4970
4971
4972
4973
4974
4979
4980
4981
4982
4983
4984
4985
4986
4987
4988
4989
4991
4992
4994
4995
4996
4997
4998
4999
5000
5002
5003
5004
5005
5006
5008
5009
5010
5011
5012
5014
5015
5017
5019
5020
5026
5027
5028
5029
5030
5036
5037
5038
5040
5042
5043
5044
5045
5046
5047
5048
5050
5051
5057
5058
5059
5060
5061
5062
5064
5065
5066
5067
5068
5069
5070
5075
5076
5081
5082
5083
5087
5088
5090
5091
5092
5094
5096
5097
5098
5100
5101
5102
5103
5105
5106
5107
5108
5109
5110
5111
5112
5113
5115
5116
5117
5119
5120
5122
5123
5124
5125
5126
5127
5128
5129
5130
5135
5136
5137
5138
5139
5140
5141
5142
5143
5145
5146
5147
5148
5149
5150
5151
5152
5153
5155
5156
5157
5158
5159
5160
5161
5162
5163
5164
5166
5167
5168
5169
5170
5171
5172
5173
5174
5175
5176
5177
5178
5179
5180
5182
5183
5184
5185
5186
5187
5188
5189
5190
5192
5193
5194
5195
5196
5198
5199
5200
5202
5203
5209
5210
5212
5213
5214
5216
5217
5219
5220
5221
5222
5223
5227
5228
5229
5231
5232
5234
5235
5236
5237
5238
5240
5241
5242
5247
5248
5249
5251
5252
5253
5255
5257
5258
5259
5260
5261
5263
5264
5266
5267
5269
5270
5271
5272
5273
5274
5275
5276
5277
5278
5284
5285
5286
5288
5289
5290
5291
5296
5297
5299
5300
5302
5303
5304
5306
5307
5308
5313
5314
5315
5316
5317
5318
5319
5320
5321
5322
5323
5324
5325
5326
5327
5329
5330
5332
5334
5335
5336
5337
5338
5340
5341
5343
5344
5345
5346
5347
5348
5352
5353
5354
5359
5360
5361
5363
5364
5365
5366
5367
5368
5369
5370
5371
5373
5374
5375
5376
5377
5378
5379
5383
5384
5385
5386
5387
5388
5389
5390
5391
5392
5393
5394
5395
5396
5397
5398
5399
5400
5402
5403
5404
5405
5406
5407
5408
5409
5410
5411
5412
5414
5415
5417
5419
5421
5423
5424
5425
5426
5427
5428
5429
5430
5431
5433
5434
5435
5436
5437
5439
5440
5441
5442
5443
5444
5446
5447
5448
5449
5450
5451
5452
5453
5454
5455
5456
5458
5459
5460
5461
5464
5465
5466
5468
5469
5470
5472
5473
5474
5475
5476
5477
5478
5479
5481
5482
5484
5485
5487
5493
5494
5495
5496
5497
5499
5500
5502
5503
5504
5505
5506
5508
5509
5510
5511
5512
5513
5514
5515
5516
5517
5518
5520
5521
5522
5523
5524
5525
5530
5531
5532
5533
5538
5539
5540
5542
5543
5545
5546
5547
5548
5549
5550
5551
5552
5554
5555
5556
5557
5558
5559
5560
5561
5562
5563
5564
5565
5567
5568
5569
5570
5571
5576
5577
5578
5579
5580
5581
5583
5584
5586
5587
5588
5589
5590
5592
5593
5594
5595
5596
5597
5598
5599
5600
5601
5602
5603
5604
5605
5607
5608
5610
5611
5612
5613
5614
5616
5617
5618
5619
5621
5622
5624
5625
5630
5632
5633
5635
5636
5638
5640
5641
5642
5643
5645
5647
5648
5649
5650
5651
5652
5653
5655
5656
5657
5658
5659
5660
5662
5663
5664
5666
5667
5668
5670
5671
5673
5674
5675
5677
5678
5679
5681
5682
5684
5685
5687
5688
5689
5690
5691
5693
5694
5696
5697
5699
5700
5701
5703
5704
5705
5706
5707
5708
5709
5710
5712
5713
5714
5715
5723
5725
5726
5727
5733
5734
5735
5736
5737
5738
5739
5740
5741
5743
5744
5745
5746
5747
5748
5749
5751
5752
5753
5754
5760
5761
5762
5764
5765
5766
5767
5769
5770
5771
5772
5774
5775
5777
5778
5780
5781
5782
5783
5785
5786
5787
5789
5790
5791
5792
5793
5795
5796
5798
5799
5801
5802
5803
5804
5805
5806
5807
5815
5816
5817
5818
5819
5820
5821
5822
5823
5824
5825
5826
5827
5829
5830
5831
5832
5833
5835
5836
5837
5838
5839
5844
5845
5846
5847
5849
5850
5851
5852
5853
5855
5857
5858
5860
5861
5862
5864
5865
5866
5867
5868
5870
5871
5872
5873
5874
5876
5877
5879
5880
5881
5883
5884
5886
5887
5888
5890
5891
5892
5894
5895
5897
5898
5899
5900
5901
5902
5903
5904
5905
5910
5911
5920
5921
5923
5924
5926
5927
5928
5929
5930
5931
5932
5941
5942
5943
5945
5946
5947
5948
5949
5951
5952
5953
5955
5956
5957
5959
5960
5962
5963
5965
5966
5968
5969
5970
5971
5972
5977
5978
5979
5982
5983
5984
5985
5986
5987
5994
5995
5996
5997
5998
6000
6001
6003
6004
6006
6007
6008
6010
6011
6012
6013
6014
6020
6021
6022
6024
6026
6028
6029
6030
6031
6032
6033
6034
6035
6036
6037
6043
6044
6045
6047
6048
6050
6051
6053
6054
6055
6056
6057
6058
6060
6061
6062
6063
6064
6065
6067
6068
6070
6071
6072
6074
6075
6076
6077
6078
6079
6084
6085
6086
6087
6088
6089
6090
6092
6093
6095
6096
6097
6098
6099
6100
6101
6102
6103
6104
6105
6106
6107
6109
6110
6111
6112
6113
6114
6116
6117
6118
6119
6120
6121
6122
6123
6124
6125
6127
6128
6129
6130
6132
6133
6135
6137
6138
6139
6140
6141
6142
6143
6144
6146
6147
6149
6150
6151
6152
6153
6154
6155
6156
6157
6158
6159
6161
6162
6163
6164
6165
6167
6168
6170
6171
6172
6174
6175
6176
6178
6181
6182
6183
6184
6185
6186
6187
6188
6189
6190
6191
6192
6193
6195
6196
6197
6198
6199
6201
6202
6204
6205
6206
6211
6213
6214
6215
6216
6217
6222
6224
6225
6226
6227
6228
6229
6230
6231
6232
6233
6235
6236
6237
6238
6239
6240
6241
6242
6247
6248
6249
6250
6251
6252
6253
6254
6255
6256
6258
6260
6261
6263
6264
6265
6274
6275
6276
6277
6278
6279
6280
6281
6282
6284
6285
6286
6287
6288
6289
6290
6291
6296
6297
6302
6303
6304
6305
6306
6307
6308
6309
6311
6312
6313
6314
6315
6318
6319
6320
6321
6322
6324
6325
6327
6328
6329
6330
6331
6333
6335
6336
6338
6339
6340
6341
6342
6343
6344
6345
6346
6347
6348
6349
6351
6352
6353
6354
6355
6357
6358
6359
6360
6361
6362
6366
6367
6368
6370
6371
6372
6374
6376
6377
6378
6380
6381
6382
6383
6384
6387
6388
6389
6391
6392
6393
6394
6395
6396
6397
6398
6400
6401
6402
6403
6404
6409
6410
6411
6413
6414
6415
6416
6417
6418
6421
6422
6423
6424
6425
6427
6428
6429
6430
6431
6432
6433
6434
6437
6439
6441
6442
6443
6444
6445
6446
6447
6449
6450
6451
6456
6457
6458
6460
6462
6463
6464
6465
6466
6468
6469
6470
6472
6473
6474
6475
6476
6478
6479
6480
6481
6482
6483
6484
6486
6487
6488
6489
6491
6492
6493
6499
6500
6501
6506
6507
6509
6510
6511
6512
6513
6514
6515
6519
6520
6521
6522
6523
6524
6525
6526
6527
6529
6530
6531
6532
6534
6535
6540
6541
6542
6543
6545
6546
6548
6549
6551
6552
6553
6555
6556
6558
6559
6560
6562
6564
6565
6566
6567
6568
6570
6571
6572
6573
6574
6575
6576
6577
6578
6581
6582
6584
6585
6586
6587
6588
6589
6590
6592
6593
6594
6595
6597
6598
6599
6600
6601
6602
6608
6609
6611
6612
6614
6615
6617
6618
6620
6621
6622
6623
6629
6631
6632
6634
6635
6638
6639
6641
6642
6643
6645
6646
6647
6648
6649
6650
6655
6656
6657
6658
6659
6668
6669
6671
6672
6673
6675
6677
6678
6679
6680
6682
6683
6684
6685
6686
6687
6688
6689
6690
6691
6692
6693
6694
6695
6696
6697
6698
6699
6700
6702
6703
6706
6708
6709
6711
6712
6714
6715
6717
6718
6720
6721
6722
6728
6729
6730
6731
6732
6733
6734
6735
6736
6737
6739
6740
6741
6742
6743
6744
6745
6746
6747
6753
6754
6755
6756
6758
6759
6761
6762
6763
6766
6767
6768
6769
6770
6772
6773
6774
6775
6776
6777
6778
6779
6780
6781
6782
6783
6784
6786
6787
6788
6790
6791
6793
6794
6796
6797
6798
6799
6800
6801
6809
6811
6812
6815
6816
6817
6818
6819
6820
6822
6823
6824
6825
6826
6827
6829
6830
6831
6832
6834
6835
6836
6837
6838
6839
6840
6842
6844
6845
6846
6847
6848
6849
6852
6854
6856
6858
6859
6860
6862
6864
6865
6867
6868
6870
6871
6872
6873
6874
6875
6876
6877
6878
6880
6881
6882
6883
6884
6885
6886
6887
6888
6889
6890
6891
6892
6893
6894
6895
6896
6897
6898
6899
6900
6901
6902
6903
6904
6905
6906
6907
6908
6909
6910
6912
6913
6915
6916
6917
6918
6919
6921
6922
6923
6924
6926
6927
6929
6930
6931
6932
6933
6935
6936
6938
6939
6940
6942
6944
6945
6947
6948
6949
6951
6953
6954
6955
6956
6957
6958
6959
6960
6961
6962
6963
6965
6969
6970
6971
6972
6974
6975
6976
6978
6979
6980
6981
6982
6984
6986
6987
6988
6989
6990
6991
6997
6998
6999
7000
7001
7002
7003
7004
7005
7006
7007
7008
7010
7011
7012
7013
7014
7015
7017
7018
7019
7020
7021
7022
7023
7024
7025
7026
7027
7028
7029
7030
7031
7032
7033
7034
7035
7036
7037
7038
7039
7041
7042
7044
7045
7047
7048
7049
7051
7053
7054
7055
7056
7057
7058
7059
7061
7062
7064
7065
7066
7067
7068
7069
7070
7071
7073
7074
7075
7076
7077
7078
7079
7080
7081
7085
7086
7087
7091
7092
7093
7094
7095
7097
7098
7099
7104
7105
7107
7109
7110
7111
7112
7113
7115
7116
7117
7118
7119
7120
7121
7126
7127
7128
7129
7130
7132
7133
7134
7135
7136
7137
7139
7141
7147
7149
7150
7151
7153
7154
7155
7156
7157
7158
7159
7160
7162
7163
7171
7172
7177
7178
7179
7180
7181
7182
7183
7184
7185
7186
7188
7189
7190
7191
7192
7193
7194
7195
7196
7197
7198
7199
7200
7201
7202
7203
7204
7205
7206
7207
7209
7210
7211
7212
7213
7219
7220
7221
7222
7224
7225
7226
7228
7229
7230
7231
7232
7233
7234
7235
7237
7238
7239
7241
7242
7244
7245
7246
7247
7248
7250
7251
7252
7253
7254
7255
7256
7258
7259
7260
7261
7262
7263
7264
7265
7266
7268
7269
7270
7271
7276
7278
7279
7280
7282
7283
7284
7285
7290
7291
7292
7293
7294
7296
7297
7298
7299
7301
7302
7303
7304
7305
7306
7307
7312
7313
7314
7315
7316
7317
7318
7319
7321
7322
7323
7324
7325
7326
7327
7328
7329
7334
7335
7336
7337
7338
7339
7340
7342
7344
7345
7346
7347
7348
7351
7352
7357
7358
7359
7360
7361
7362
7363
7364
7365
7366
7367
7368
7370
7371
7372
7373
7374
7378
7379
7380
7381
7383
7384
7386
7387
7388
7389
7390
7391
7394
7395
7397
7398
7399
7400
7401
7403
7404
7406
7407
7409
7410
7411
7412
7413
7414
7415
7416
7417
7418
7419
7420
7421
7422
7423
7424
7426
7427
7428
7429
7431
7432
7433
7434
7438
7439
7440
7441
7442
7444
7445
7446
7451
7452
7454
7455
7457
7459
7460
7462
7463
7464
7466
7468
7469
7470
7471
7472
7476
7477
7479
7481
7483
7484
7485
7486
7487
7488
7489
7490
7491
7496
7497
7501
7503
7504
7505
7510
7512
7513
7514
7515
7517
7518
7519
7520
7521
7522
7524
7525
7526
7527
7529
7530
7531
7532
7533
7534
7535
7537
7538
7539
7540
7541
7542
7543
7544
7545
7547
7548
7550
7556
7558
7559
7564
7565
7566
7568
7569
7571
7572
7574
7575
7576
7577
7578
7580
7581
7582
7584
7586
7587
7591
7592
7594
7595
7597
7598
7599
7600
7601
7602
7603
7604
7606
7607
7608
7609
7610
7611
7612
7613
7615
7616
7617
7618
7619
7624
7625
7626
7627
7628
7631
7632
7633
7634
7636
7637
7638
7639
7641
7643
7645
7646
7647
7648
7649
7650
7651
7652
7653
7654
7655
7663
7664
7666
7667
7668
7669
7670
7673
7674
7675
7676
7677
7678
7679
7680
7681
7682
7683
7684
7685
7686
7687
7688
7693
7694
7696
7698
7699
7700
7701
7702
7703
7705
7706
7708
7709
7710
7711
7712
7713
7719
7720
7721
7722
7723
7724
7725
7726
7727
7729
7730
7731
7732
7733
7734
7737
7738
7747
7748
7749
7750
7751
7752
7753
7754
7755
7756
7757
7758
7761
7762
7763
7764
7773
7774
7775
7780
7781
7782
7787
7788
7790
7791
7792
7793
7794
7795
7796
7798
7799
7800
7801
7802
7803
7804
7805
7806
7807
7815
7816
7817
7818
7819
7820
7821
7823
7824
7825
7830
7831
7832
7833
7835
7836
7837
7840
7841
7842
7843
7844
7846
7847
7852
7853
7854
7855
7857
7858
7859
7860
7862
7863
7864
7865
7866
7867
7868
7869
7873
7874
7876
7877
7879
7880
7881
7882
7883
7884
7885
7887
7888
7889
7890
7891
7893
7894
7898
7899
7900
7901
7902
7903
7904
7906
7907
7908
7909
7914
7915
7916
7919
7920
7921
7922
7923
7925
7926
7927
7928
7933
7935
7936
7941
7942
7943
7944
7946
7947
7948
7949
7950
7951
7952
7953
7955
7956
7958
7959
7960
7961
7962
7963
7964
7965
7970
7971
7972
7973
7974
7979
7980
7981
7986
7987
7988
7989
7990
7991
7993
7995
8000
8001
8002
8003
8004
8005
8006
8007
8010
8011
8013
8014
8015
8016
8017
8019
8020
8022
8023
8024
8025
8027
8028
8030
8032
8033
8034
8035
8036
8045
8046
8047
8049
8051
8052
8054
8055
8056
8058
8059
8060
8061
8066
8067
8068
8069
8070
8071
8072
8073
8076
8077
8079
8081
8082
8083
8085
8086
8087
8088
8089
8090
8091
8092
8093
8094
8095
8096
8097
8099
8100
8101
8102
8104
8105
8106
8107
8109
8110
8111
8117
8118
8120
8127
8130
8131
8135
8137
8138
8139
8140
8141
8146
8147
8148
8149
8150
8151
8152
8158
8159
8160
8161
8162
8163
8165
8166
8167
8169
8170
8171
8179
8180
8182
8183
8185
8186
8187
8192
8193
8194
8195
8196
8197
8198
8199
8200
8202
8203
8206
8208
8209
8211
8212
8213
8215
8216
8218
8219
8221
8222
8223
8226
8228
8229
8230
8231
8233
8234
8235
8241
8242
8243
8244
8245
8247
8248
8249
8250
8251
8253
8254
8255
8257
8259
8260
8261
8266
8267
8268
8269
8270
8272
8274
8275
8277
8279
8281
8283
8284
8285
8286
8287
8289
8290
8291
8293
8294
8296
8297
8298
8299
8300
8302
8303
8305
8306
8307
8308
8309
8310
8311
8312
8313
8314
8317
8318
8320
8321
8322
8323
8325
8326
8327
8328
8329
8330
8331
8333
8334
8335
8336
8341
8342
8343
8345
8347
8348
8349
8350
8351
8352
8353
8354
8355
8356
8357
8358
8359
8360
8362
8363
8365
8366
8368
8369
8373
8375
8376
8377
8382
8383
8384
8385
8387
8389
8390
8391
8392
8393
8394
8396
8397
8398
8400
8401
8403
8405
8406
8408
8409
8410
8411
8412
8414
8415
8416
8418
8419
8420
8422
8423
8425
8426
8428
8429
8431
8433
8434
8436
8437
8439
8440
8441
8443
8444
8449
8450
8452
8453
8454
8455
8458
8459
8460
8461
8462
8464
8466
8467
8468
8469
8470
8472
8473
8474
8475
8476
8477
8478
8479
8480
8481
8482
8483
8484
8486
8487
8488
8489
8490
8496
8501
8502
8504
8506
8507
8508
8509
8510
8511
8512
8514
8515
8516
8518
8519
8520
8521
8522
8523
8524
8529
8530
8531
8532
8533
8535
8536
8537
8538
8539
8541
8542
8544
8545
8546
8547
8549
8550
8551
8553
8556
8557
8558
8559
8560
8561
8563
8564
8565
8567
8568
8569
8570
8572
8573
8575
8576
8578
8580
8585
8587
8589
8590
8591
8592
8594
8596
8597
8598
8599
8600
8601
8602
8603
8604
8605
8606
8607
8609
8610
8612
8614
8615
8616
8617
8619
8620
8622
8623
8624
8625
8626
8627
8628
8630
8631
8633
8634
8635
8636
8637
8638
8639
8641
8643
8645
8646
8647
8648
8649
8650
8651
8652
8653
8655
8656
8661
8662
8663
8664
8665
8666
8667
8668
8670
8671
8672
8674
8675
8676
8677
8678
8679
8681
8682
8683
8684
8685
8687
8688
8689
8691
8692
8696
8697
8698
8699
8701
8702
8703
8704
8705
8707
8708
8709
8715
8716
8717
8718
8721
8722
8728
8729
8731
8732
8733
8734
8735
8736
8741
8742
8744
8745
8747
8748
8750
8751
8752
8754
8755
8756
8757
8758
8759
8762
8763
8764
8765
8767
8769
8771
8772
8774
8775
8777
8778
8779
8780
8781
8783
8785
8789
8790
8791
8792
8796
8797
8802
8803
8804
8806
8807
8808
8809
8810
8814
8818
8819
8821
8823
8825
8826
8827
8831
8833
8835
8839
8840
8841
8843
8844
8846
8848
8850
8852
8853
8854
8855
8856
8858
8859
8861
8862
8869
8870
8871
8873
8874
8876
8878
8880
8882
8883
8885
8886
8889
8890
8893
8894
8895
8900
8901
8903
8905
8906
8907
8908
8910
8911
8912
8913
8914
8916
8917
8918
8919
8920
8921
8922
8923
8924
8927
8928
8929
8930
8931
8933
8935
8936
8938
8939
8940
8941
8942
8943
8945
8947
8948
8949
8954
8956
8958
8959
8960
8962
8963
8964
8965
8967
8968
8969
8971
8972
8974
8975
8976
8977
8978
8979
8981
8982
8983
8984
8985
8986
8987
8988
8989
8991
8992
8993
8998
9000
9001
9002
9003
9004
9006
9007
9010
9011
9013
9014
9015
9016
9017
9018
9019
9021
9022
9023
9024
9026
9027
9028
9030
9031
9034
9035
9036
9037
9040
9041
9043
9044
9045
9046
9047
9049
9050
9052
9053
9064
9065
9068
9069
9070
9071
9073
9074
9075
9076
9078
9079
9080
9081
9082
9083
9084
9085
9087
9088
9092
9093
9094
9095
9096
9097
9098
9100
9101
9103
9105
9111
9112
9113
9114
9116
9117
9118
9119
9120
9121
9126
9127
9128
9130
9131
9132
9133
9136
9137
9138
9143
9144
9145
9147
9153
9154
9155
9156
9157
9158
9160
9161
9162
9163
9164
9165
9166
9167
9168
9169
9170
9171
9172
9174
9175
9177
9178
9179
9180
9181
9182
9183
9185
9186
9187
9188
9189
9190
9192
9193
9194
9197
9203
9204
9205
9206
9207
9208
9209
9211
9212
9213
9215
9216
9217
9218
9220
9221
9226
9227
9228
9230
9231
9233
9234
9235
9236
9237
9238
9239
9241
9242
9243
9244
9245
9247
9248
9249
9250
9251
9253
9254
9255
9256
9257
9258
9259
9260
9261
9262
9263
9264
9266
9268
9269
9270
9271
9272
9273
9274
9275
9277
9278
9283
9285
9286
9287
9288
9289
9292
9293
9294
9295
9297
9298
9303
9304
9305
9310
9311
9312
9314
9315
9316
9317
9318
9326
9327
9332
9333
9340
9341
9342
9347
9349
9350
9351
9352
9353
9354
9355
9356
9357
9359
9361
9362
9363
9364
9365
9367
9368
9369
9370
9371
9372
9377
9379
9380
9382
9383
9384
9385
9386
9387
9389
9390
9392
9393
9394
9395
9397
9398
9399
9400
9401
9403
9404
9405
9406
9408
9409
9410
9411
9413
9414
9415
9416
9417
9418
9420
9421
9422
9424
9431
9432
9434
9436
9437
9438
9439
9440
9442
9444
9446
9447
9448
9450
9451
9459
9461
9462
9468
9469
9471
9472
9473
9474
9476
9477
9479
9480
9481
9491
9492
9493
9494
9496
9497
9502
9504
9505
9506
9507
9508
9509
9510
9511
9517
9519
9520
9521
9522
9523
9524
9525
9526
9527
9528
9529
9535
9536
9537
9539
9540
9541
9542
9544
9545
9547
9548
9549
9552
9553
9554
9555
9557
9558
9559
9560
9562
9563
9564
9565
9566
9568
9569
9575
9576
9578
9580
9581
9582
9583
9584
9585
9590
9591
9592
9593
9595
9596
9598
9599
9602
9603
9604
9605
9606
9607
9608
9609
9614
9615
9617
9618
9620
9621
9622
9623
9628
9629
9630
9641
9646
9647
9648
9650
9651
9652
9654
9655
9656
9657
9659
9660
9661
9663
9664
9665
9666
9668
9669
9671
9673
9680
9681
9685
9688
9689
9694
9695
9696
9697
9698
9699
9701
9702
9703
9708
9709
9710
9713
9715
9716
9717
9718
9719
9720
9721
9722
9724
9726
9728
9730
9731
9734
9735
9736
9737
9740
9741
9743
9744
9746
9747
9748
9750
9751
9752
9754
9755
9756
9757
9758
9759
9765
9766
9767
9768
9769
9771
9773
9774
9780
9781
9782
9783
9784
9785
9786
9788
9789
9790
9791
9793
9794
9797
9798
9800
9802
9803
9804
9805
9806
9808
9810
9812
9813
9816
9818
9820
9821
9822
9827
9828
9833
9835
9836
9837
9838
9839
9841
9842
9844
9845
9849
9850
9855
9857
9858
9859
9860
9861
9862
9863
9868
9870
9871
9873
9874
9875
9878
9879
9883
9884
9886
9887
9889
9890
9891
9895
9896
9897
9902
9903
9914
9920
9921
9922
9924
9928
9929
9932
9933
9935
9937
9938
9939
9940
9942
9943
9945
9946
9947
9948
9949
9951
9952
9953
9955
9956
9959
9960
9961
9962
9963
9964
9969
9970
9971
9972
9976
9977
9978
9983
9984
9986
9987
9989
9990
9992
9994
9999
10001
10002
10003
10004
10006
10007
10008
10009
10014
10015
10016
10020
10021
10022
10024
10025
10033
10035
10036
10037
10039
10041
10043
10044
10045
10047
10053
10054
10059
10060
10062
10063
10066
10067
10068
10069
10070
10072
10073
10074
10075
10076
10078
10080
10082
10083
10085
10087
10088
10090
10091
10092
10093
10095
10096
10098
10099
10100
10101
10106
10107
10108
10112
10113
10114
10115
10117
10118
10119
10127
10129
10130
10132
10134
10135
10137
10138
10139
10140
10142
10143
10144
10145
10146
10148
10150
10151
10153
10154
10156
10157
10158
10159
10161
10163
10164
10165
10171
10173
10174
10175
10176
10177
10178
10180
10181
10186
10188
10189
10190
10191
10194
10195
10197
10198
10199
10200
10201
10202
10203
10205
10206
10208
10210
10211
10213
10214
10217
10218
10220
10221
10222
10224
10226
10228
10229
10230
10232
10234
10235
10236
10240
10241
10242
10243
10249
10255
10256
10262
10263
10264
10266
10267
10268
10269
10270
10271
10275
10276
10277
10278
10279
10280
10281
10283
10284
10288
10293
10295
10296
10297
10298
10304
10305
10307
10308
10310
10313
10320
10321
10322
10324
10325
10326
10334
10336
10337
10338
10339
10341
10342
10344
10346
10347
10348
10354
10359
10360
10361
10362
10363
10364
10365
10369
10374
10375
10376
10377
10379
10381
10382
10388
10389
10390
10392
10393
10394
10396
10397
10402
10408
10409
10411
10413
10414
10415
10416
10418
10420
10421
10422
10423
10428
10429
10430
10432
10433
10435
10436
10438
10440
10441
10442
10444
10445
10446
10448
10449
10451
10452
10453
10454
10455
10456
10457
10459
10460
10461
10462
10464
10465
10467
10468
10470
10472
10479
10480
10481
10482
10487
10493
10494
10495
10496
10497
10499
10501
10502
10503
10504
10505
10507
10508
10514
10515
10517
10520
10522
10527
10530
10531
10537
10539
10540
10541
10543
10544
10546
10547
10553
10555
10556
10557
10561
10568
10569
10570
10572
10573
10575
10576
10580
10581
10582
10584
10586
10587
10589
10591
10592
10593
10595
10597
10599
10601
10604
10605
10606
10607
10608
10610
10611
10613
10614
10619
10621
10624
10625
10627
10628
10629
10632
10633
10634
10635
10636
10639
10640
10642
10643
10644
10646
10647
10649
10651
10652
10654
10655
10656
10657
10658
10659
10660
10661
10663
10664
10665
10667
10668
10669
10671
10672
10676
10678
10679
10680
10686
10687
10688
10690
10694
10695
10696
10697
10698
10699
10700
10701
10702
10703
10709
10710
10711
10712
10713
10714
10715
10716
10717
10718
10720
10722
10730
10731
10732
10733
10735
10736
10738
10739
10741
10743
10745
10746
10750
10751
10753
10754
10760
10761
10762
10764
10765
10766
10769
10770
10771
10773
10777
10778
10780
10785
10787
10789
10791
10792
10801
10803
10804
10805
10807
10808
10809
10814
10815
10816
10818
10819
10820
10822
10824
10825
10826
10827
10828
10830
10831
10832
10833
10834
10835
10836
10837
10838
10839
10840
10842
10843
10844
10846
10847
10849
10850
10852
10854
10855
10857
10858
10859
10860
10861
10863
10864
10865
10871
10873
10874
10875
10876
10877
10878
10879
10880
10881
10883
10884
10887
10888
10889
10890
10891
10892
10893
10896
10897
10899
10900
10902
10904
10905
10906
10908
10910
10911
10912
10917
10918
10924
10925
10926
10927
10930
10932
10933
10935
10936
10937
10939
10941
10943
10944
10945
10947
10948
10950
10952
10953
10954
10955
10956
10957
10958
10959
10960
10961
10963
10965
10971
10972
10973
10974
10975
10976
10978
10979
10980
10981
10982
10983
10984
10985
10986
10987
10988
10989
10991
10993
10996
10997
10999
11000
11001
11007
11008
11009
11010
11011
11012
11014
11015
11016
11017
11018
11019
11021
11022
11026
11027
11032
11033
11034
11035
11037
11038
11040
11042
11043
11044
11046
11048
11052
11054
11055
11056
11057
11059
11064
11065
11066
11067
11069
11070
11071
11073
11074
11075
11080
11082
11083
11084
11085
11087
11088
11089
11090
11092
11093
11094
11095
11096
11097
11098
11100
11101
11103
11104
11106
11108
11109
11110
11111
11113
11115
11116
11117
11118
11119
11121
11122
11123
11124
11125
11126
11127
11128
11129
11130
11132
11133
11134
11135
11136
11137
11138
11139
11140
11141
11142
11144
11145
11146
11147
11149
11150
11151
11156
11158
11160
11161
11162
11164
11165
11166
11168
11169
11170
11171
11172
11174
11175
11177
11178
11180
11184
11185
11187
11194
11195
11196
11197
11198
11199
11200
11201
11202
11203
11204
11205
11206
11207
11208
11209
11212
11213
11215
11216
11218
11219
11220
11223
11225
11227
11228
11230
11231
11236
11240
11241
11247
11252
11254
11259
11260
11261
11263
11265
11266
11268
11270
11272
11273
11274
11275
11277
11279
11280
11283
11284
11286
11287
11289
11291
11292
11294
11295
11296
11298
11299
11300
11301
11302
11303
11304
11306
11307
11309
11311
11313
11315
11321
11330
11331
11333
11335
11339
11340
11341
11342
11344
11345
11346
11347
11348
11350
11352
11354
11355
11356
11357
11359
11360
11361
11363
11364
11365
11366
11367
11368
11371
11372
11373
11374
11375
11376
11378
11380
11381
11382
11387
11389
11394
11399
11402
11404
11405
11407
11408
11409
11410
11411
11413
11414
11418
11419
11421
11422
11423
11424
11425
11427
11429
11431
11433
11434
11438
11444
11449
11450
11454
11455
11456
11457
11458
11464
11465
11466
11471
11472
11474
11476
11477
11478
11482
11484
11485
11486
11492
11493
11494
11495
11497
11498
11499
11500
11501
11502
11504
11506
11507
11509
11510
11512
11519
11520
11521
11523
11525
11526
11527
11529
11530
11536
11537
11539
11546
11548
11550
11553
11555
11556
11557
11559
11560
11562
11564
11565
11566
11567
11568
11569
11570
11572
11582
11583
11584
11585
11586
11587
11588
11589
11590
11591
11592
11594
11603
11608
11609
11610
11616
11617
11624
11625
11627
11628
11629
11630
11632
11634
11636
11637
11638
11639
11640
11641
11642
11643
11648
11650
11651
11653
11659
11660
11664
11665
11666
11667
11668
11669
11670
11672
11673
11674
11679
11680
11681
11682
11684
11686
11687
11691
11692
11693
11694
11696
11699
11702
11707
11708
11710
11711
11712
11714
11715
11717
11719
11720
11736
11737
11738
11740
11742
11743
11744
11745
11747
11748
11749
11750
11752
11754
11755
11756
11758
11760
11761
11763
11764
11765
11766
11768
11769
11775
11776
11777
11778
11780
11788
11789
11790
11791
11792
11793
11794
11799
11800
11801
11803
11804
11805
11806
11807
11808
11809
11810
11811
11812
11813
11814
11816
11817
11818
11819
11837
11838
11849
11850
11852
11853
11854
11857
11859
11861
11862
11863
11864
11866
11870
11871
11872
11873
11874
11875
11877
11878
11879
11880
11881
11882
11883
11884
11885
11886
11887
11888
11889
11893
11894
11898
11899
11900
11901
11903
11907
11908
11909
11914
11917
11918
11920
11925
11926
11927
11929
11931
11933
11935
11937
11938
11942
11944
11950
11951
11961
11967
11969
11970
11971
11984
11985
11986
11989
11990
11992
11994
11996
12002
12003
12005
12006
12010
12011
12012
12018
12020
12021
12022
12023
12026
12027
12028
12029
12030
12031
12036
12037
12038
12039
12040
12045
12046
12047
12050
12051
12053
12054
12056
12062
12063
12064
12065
12066
12067
12072
12073
12075
12076
12085
12090
12091
12093
12097
12098
12099
12102
12103
12104
12107
12108
12110
12111
12118
12119
12121
12123
12124
12126
12127
12130
12131
12132
12133
12135
12138
12143
12144
12150
12151
12152
12160
12161
12162
12164
12166
12167
12168
12170
12171
12172
12173
12174
12175
12176
12177
12178
12180
12182
12183
12185
12192
12204
12206
12216
12217
12238
12239
12240
12245
12246
12248
12249
12250
12251
12262
12264
12265
12270
12271
12273
12275
12277
12279
12280
12293
12294
12295
12296
12297
12299
12300
12301
12306
12307
12309
12310
12311
12313
12318
12319
12320
12321
12322
12327
12328
12330
12338
12339
12340
12341
12342
12344
12346
12347
12348
12349
12350
12352
12353
12355
12359
12360
12361
12362
12363
12364
12365
12372
12374
12375
12379
12381
12382
12387
12389
12393
12398
12400
12414
12415
12427
12429
12435
12438
12440
12441
12442
12446
12447
12454
12455
12462
12464
12465
12466
12467
12469
12470
12471
12476
12481
12483
12486
12488
12489
12497
12503
12504
12505
12509
12510
12511
12512
12515
12517
12522
12523
12530
12531
12532
12534
12535
12536
12537
12538
12540
12542
12544
12545
12546
12547
12549
12550
12551
12552
12553
12555
12556
12558
12559
12560
12561
12563
12565
12567
12568
12571
12573
12574
12579
12580
12581
12583
12586
12587
12589
12590
12593
12595
12597
12598
12605
12606
12607
12608
12611
12612
12614
12615
12617
12618
12619
12623
12624
12626
12627
12628
12629
12630
12631
12632
12633
12634
12635
12636
12638
12639
12640
12641
12647
12648
12649
12650
12651
12652
12653
12654
12655
12657
12658
12660
12661
12664
12665
12668
12670
12672
12674
12675
12676
12677
12679
12680
12682
12683
12684
12685
12686
12687
12693
12694
12697
12698
12700
12702
12712
12713
12714
12716
12717
12718
12720
12721
12723
12724
12725
12727
12733
12734
12735
12737
12738
12747
12749
12750
12751
12752
12753
12754
12755
12756
12761
12769
12770
12772
12774
12777
12780
12783
12795
12796
12798
12799
12800
12802
12803
12806
12807
12808
12809
12810
12815
12816
12817
12822
12824
12827
12829
12837
12838
12844
12845
12846
12851
12852
12854
12855
12856
12857
12858
12859
12860
12861
12863
12864
12865
12869
12871
12872
12873
12878
12880
12881
12882
12883
12885
12894
12895
12896
12897
12903
12904
12906
12916
12922
12924
12925
12927
12933
12938
12939
12940
12941
12943
12944
12946
12947
12948
12955
12956
12957
12958
12959
12962
12964
12965
12966
12968
12973
12978
12984
12986
12987
12999
13001
13002
13003
13004
13009
13011
13014
13017
13020
13021
13023
13024
13025
13026
13027
13028
13029
13032
13034
13036
13037
13039
13042
13045
13053
13060
13063
13064
13065
13066
13075
13077
13078
13079
13084
13085
13087
13092
13093
13095
13099
13101
13102
13104
13105
13106
13107
13108
13110
13111
13116
13117
13119
13120
13122
13125
13126
13127
13133
13135
13136
13141
13142
13144
13147
13148
13153
13162
13164
13165
13166
13175
13179
13180
13182
13184
13186
13187
13189
13190
13192
13193
13194
13196
13197
13205
13206
13211
13217
13219
13220
13223
13224
13225
13232
13237
13238
13239
13245
13250
13252
13253
13254
13260
13272
13273
13274
13275
13281
13296
13301
13311
13312
13314
13319
13329
13330
13348
13350
13352
13353
13358
13360
13367
13373
13374
13387
13388
13392
13393
13395
13396
13397
13398
13399
13400
13401
13402
13403
13405
13407
13408
13410
13411
13413
13415
13416
13417
13431
13432
13434
13435
13445
13446
13448
13449
13450
13456
13469
13476
13477
13479
13480
13481
13482
13483
13498
13500
13501
13507
13509
13510
13511
13513
13518
13523
13524
13526
13529
13531
13533
13534
13543
13544
13548
13551
13555
13556
13558
13560
13563
13583
13590
13592
13600
13614
13615
13621
13622
13625
13626
13641
13647
13649
13650
13653
13654
13656
13657
13658
13661
13662
13668
13669
13672
13676
13677
13688
13689
13690
13691
13692
13709
13711
13721
13723
13731
13732
13734
13738
13739
13740
13742
13745
13759
13765
13781
13782
13783
13784
13786
13789
13790
13791
13801
13802
13803
13804
13806
13807
13808
13813
13816
13820
13821
13822
13828
13829
13830
13832
13844
13846
13858
13869
13872
13877
13878
13879
13880
13881
13883
13890
13892
13896
13898
13900
13932
13933
13934
13935
13937
13942
13943
13957
13974
13976
13982
13984
13987
13998
14006
14007
14024
14027
14028
14029
14038
14039
14041
14042
14043
14044
14049
14050
14060
14074
14075
14078
14079
14083
14090
14097
14106
14111
14113
14120
14123
14126
14132
14134
14144
14148
14149
14151
14153
14156
14157
14158
14161
14162
14175
14191
14206
14208
14211
14216
14235
14236
14238
14239
14240
14248
14249
14250
14256
14266
41531
41532
41533
41534
41535
41536
41537
41538
41539
41540
41541
41542
41543
41544
41545
41546
41547
41548
41549
41550
41551
41552
41553
41554
41555
41556
41557
41558
41559
41560
41561
41562
41563
41564
41565
41566
41567
41568
41569
41570
41571
41572
41573
41574
41575
41576
41577
41578
41579
41580
41581
41582
41583
41584
41585
41586
41587
41588
41589
41590
41591
41592
41593
41594
41595
41752
41753
41754
41755
41756
41757
41758
41759
41760
41761
41762
41763
41764
41765
41766
41767
41768
41769
41770
41771
41772
41773
41774
41775
41776
41777
41778
41779
41780
41781
41782
41783
41784
41785
41786
41787
41788
41789
41790
41791
41792
41793
41794
41795
41796
41797
41798
41799
41800
41801
41802
41803
41804
41805
41806
41807
41808
41809
41810
41811
41812
41813
41814
41815
41816
41817
41818
41819
41820
4
16
20
24
28
55
59
63
74
81
89
93
108
112
124
139
145
171
175
194
198
202
216
226
240
252
263
270
282
298
314
-315
365
369
375
379
383
407
414
418
426
433
441
453
457
461
469
473
493
497
501
505
508
514
552
578
581
592
612
616
620
632
642
646
661
669
687
695
730
737
744
767
775
791
803
810
822
842
846
869
896
911
932
936
956
962
970
974
994
1010
1021
1029
1047
1062
1070
1100
1104
1112
1116
1143
1155
1196
1200
1242
1249
1263
1285
1289
1292
1296
1299
1311
1334
1338
1342
1346
1358
1366
1370
1377
1378
1386
1406
1409
1428
1443
1465
1491
1495
1499
1510
1518
1524
1531
1575
1582
1590
1604
1620
1629
1642
1650
1654
1658
1662
1686
1694
1706
1710
1721
1744
1746
1750
1758
1761
1773
1780
1787
1800
1830
1855
1883
1888
1892
1903
1907
1928
1930
1936
1940
1943
1947
1967
1974
1979
1983
2014
2026
2036
2044
2050
2053
2058
2072
2076
2083
2102
2113
2144
2148
2154
2158
2161
2164
2168
2171
2186
2197
2208
2220
2233
2237
2247
2255
2259
2262
2265
2276
2302
2319
2346
2350
2357
2372
2376
2387
2394
2402
2411
2422
2442
2445
2454
2462
2497
2501
2509
2513
2516
2527
2534
2538
2542
2562
2565
2568
2578
2588
2592
2603
2606
2609
2612
2636
2647
2651
2655
2659
2669
2693
2736
2742
2746
2749
2752
2767
2782
2796
2804
2810
2817
2821
2825
2843
2851
2856
2871
2878
2894
2905
2908
2911
2915
2925
2927
2931
2936
2940
2944
2947
2983
2986
2990
2998
3008
3014
3021
3024
3028
3040
3046
3050
3064
3076
3090
3093
3097
3106
3116
3123
3138
3161
3167
3211
3221
3235
3238
3242
3253
3259
3290
3300
3316
3319
3383
3392
3394
3397
3410
3428
3431
3435
3438
3453
3457
3468
3473
3477
3483
3512
3527
3538
3542
3549
3584
3591
3594
3600
3604
3616
3622
3637
3660
3667
3680
3684
3688
3692
3701
3726
3732
3740
3757
3760
3764
3765
3767
3781
3787
3795
3800
3803
3822
3828
3836
3843
3851
3857
3872
3882
3901
3907
3915
3917
3923
3929
3933
3946
3948
3970
3981
3985
3995
4002
4006
4009
4014
4018
4022
4033
4038
4041
4047
4051
4062
4065
4097
4105
4115
4118
4121
4138
4145
4149
4155
4172
4180
4190
4201
4212
4215
4219
4223
4228
4236
4240
4244
4251
4257
4263
4267
4276
4288
4296
4321
4331
4368
4375
4381
4398
4406
4414
4417
4425
4432
4437
4441
4451
4457
4460
4463
4480
4486
4496
4500
4504
4514
4515
4538
4540
4546
4553
4556
4560
4566
4570
4574
4576
4593
4598
4601
4603
4610
4614
4621
4627
4636
4653
4655
4659
4662
4664
4667
4671
4673
4681
4698
4702
4706
4720
4726
4728
4732
4734
4750
4765
4772
4786
4798
4806
4818
4835
4841
4844
4853
4857
4860
4867
4876
4879
4883
4894
4902
4908
4913
4916
4933
4941
4949
4953
4956
4962
4964
4966
4968
4975
4990
4993
5001
5007
5013
5016
5018
5021
5031
5039
5041
5049
5052
5063
5089
5093
5095
5099
5104
5114
5118
5121
5144
5154
5165
5181
5191
5197
5201
5204
5211
5215
5218
5230
5233
5239
5250
5254
5256
5262
5265
5268
5279
5287
5298
5301
5305
5328
5331
5333
5339
5342
5362
5372
5401
5413
5416
5418
5420
5422
5432
5438
5445
5457
5462
5463
5467
5471
5480
5483
5486
5488
5498
5501
5507
5519
5541
5544
5553
5566
5582
5585
5591
5606
5609
5615
5620
5623
5626
5631
5634
5637
5639
5644
5646
5654
5661
5665
5669
5672
5676
5680
5683
5686
5692
5695
5698
5702
5711
5716
5724
5728
5742
5750
5755
5763
5768
5773
5776
5779
5784
5788
5794
5797
5800
5828
5834
5840
5848
5854
5856
5859
5863
5869
5875
5878
5882
5885
5889
5893
5896
5906
5912
5913
5922
5925
5944
5950
5954
5958
5961
5964
5967
5980
5981
5988
5999
6002
6005
6009
6015
6023
6025
6027
6038
6046
6049
6052
6059
6066
6069
6073
6080
6091
6094
6108
6115
6126
6131
6134
6136
6145
6148
6160
6166
6169
6173
6177
6179
6194
6200
6203
6207
6212
6223
6234
6243
6257
6259
6262
6283
6298
6310
6316
6323
6326
6332
6334
6337
6350
6356
6369
6373
6375
6379
6390
6399
6405
6412
6426
6438
6440
6448
6459
6461
6467
6471
6477
6485
6490
6494
6508
6528
6533
6536
6544
6547
6550
6554
6557
6561
6563
6579
6580
6583
6591
6596
6603
6610
6613
6616
6619
6624
6630
6633
6636
6637
6640
6644
6660
6670
6674
6676
6681
6701
6704
6705
6707
6710
6713
6716
6719
6723
6738
6748
6757
6760
6764
6765
6771
6785
6789
6792
6795
6810
6821
6828
6833
6841
6843
6850
6851
6853
6855
6857
6861
6863
6866
6869
6879
6911
6914
6920
6925
6928
6934
6937
6941
6943
6946
6950
6952
6964
6973
6977
6983
6985
6992
7009
7016
7040
7043
7046
7050
7052
7060
7063
7072
7082
7096
7106
7108
7114
7122
7131
7138
7140
7142
7148
7152
7161
7164
7187
7208
7214
7223
7227
7236
7240
7243
7249
7257
7267
7277
7281
7295
7300
7320
7341
7343
7349
7350
7353
7369
7382
7385
7392
7393
7396
7402
7405
7408
7425
7430
7443
7453
7456
7458
7461
7465
7467
7478
7480
7482
7492
7498
7502
7511
7516
7523
7528
7536
7546
7549
7551
7557
7560
7567
7570
7573
7579
7583
7585
7593
7596
7605
7614
7620
7635
7640
7642
7644
7656
7665
7671
7672
7695
7697
7704
7707
7714
7728
7735
7736
7739
7759
7760
7765
7776
7789
7797
7822
7834
7845
7848
7856
7861
7875
7878
7886
7892
7905
7910
7917
7918
7924
7934
7937
7945
7954
7957
7992
7994
7996
8008
8009
8012
8018
8021
8026
8029
8031
8037
8038
8048
8050
8053
8057
8062
8074
8075
8078
8080
8084
8098
8103
8108
8112
8119
8121
8128
8129
8136
8142
8153
8157
8164
8168
8172
8181
8184
8201
8204
8205
8207
8210
8214
8217
8220
8224
8225
8227
8232
8236
8246
8252
8256
8258
8262
8271
8273
8276
8278
8280
8282
8288
8292
8295
8301
8304
8315
8316
8319
8324
8332
8344
8346
8361
8364
8367
8374
8386
8388
8395
8399
8402
8404
8407
8413
8417
8421
8424
8427
8430
8432
8435
8438
8442
8445
8451
8456
8457
8463
8465
8471
8485
8491
8503
8505
8513
8517
8525
8534
8540
8543
8548
8552
8554
8555
8562
8566
8571
8574
8577
8579
8586
8588
8593
8595
8608
8611
8613
8618
8621
8629
8632
8640
8642
8644
8654
8657
8669
8673
8680
8686
8690
8700
8706
8710
8719
8720
8723
8730
8737
8743
8746
8749
8753
8760
8761
8766
8768
8770
8773
8776
8782
8784
8805
8815
8820
8822
8824
8832
8834
8836
8838
8842
8845
8847
8849
8851
8857
8860
8863
8864
8872
8875
8877
8879
8881
8884
8887
8888
8891
8892
8902
8904
8909
8915
8925
8926
8932
8934
8937
8944
8946
8955
8957
8961
8966
8970
8973
8980
8990
8994
8999
9005
9008
9009
9012
9020
9025
9029
9032
9033
9038
9039
9042
9048
9051
9054
9055
9066
9072
9077
9086
9099
9102
9104
9106
9115
9129
9134
9135
9146
9148
9159
9173
9176
9184
9191
9195
9196
9198
9210
9214
9219
9229
9232
9240
9246
9252
9265
9267
9276
9279
9284
9290
9291
9296
9306
9313
9319
9324
9325
9334
9335
9343
9348
9358
9360
9366
9378
9381
9388
9391
9396
9402
9407
9412
9419
9423
9425
9430
9433
9435
9441
9443
9445
9449
9452
9460
9463
9470
9478
9482
9495
9503
9512
9518
9530
9538
9543
9546
9550
9551
9556
9561
9567
9570
9577
9579
9586
9594
9597
9600
9601
9610
9616
9619
9627
9631
9640
9642
9643
9644
9645
9649
9653
9658
9662
9667
9670
9672
9674
9675
9686
9687
9700
9704
9711
9712
9714
9723
9725
9727
9729
9732
9733
9738
9739
9742
9745
9749
9753
9760
9770
9772
9775
9776
9787
9792
9795
9796
9799
9801
9807
9809
9811
9814
9815
9817
9819
9823
9824
9832
9834
9840
9843
9856
9864
9869
9872
9876
9877
9880
9885
9888
9904
9905
9915
9923
9930
9931
9934
9936
9941
9944
9950
9954
9957
9958
9979
9985
9988
9991
9993
9995
10000
10005
10010
10023
10026
10027
10028
10034
10038
10040
10042
10046
10048
10055
10061
10064
10065
10071
10077
10079
10081
10084
10086
10089
10094
10097
10116
10128
10131
10133
10136
10141
10147
10149
10152
10155
10160
10162
10166
10167
10172
10179
10182
10187
10192
10193
10196
10204
10207
10209
10212
10215
10216
10219
10223
10225
10227
10231
10233
10244
10250
10257
10265
10272
10273
10274
10282
10289
10294
10299
10306
10309
10311
10314
10315
10323
10327
10328
10329
10335
10340
10343
10345
10349
10355
10370
10378
10380
10383
10391
10395
10403
10410
10412
10417
10419
10431
10434
10437
10439
10443
10447
10450
10458
10463
10466
10469
10471
10473
10474
10483
10488
10498
10500
10506
10509
10516
10518
10521
10523
10528
10529
10532
10538
10542
10545
10548
10554
10558
10559
10560
10562
10563
10571
10574
10583
10585
10588
10590
10594
10596
10598
10600
10602
10603
10609
10612
10615
10620
10622
10626
10630
10631
10637
10638
10641
10645
10648
10650
10653
10662
10666
10670
10677
10685
10689
10691
10692
10693
10704
10719
10721
10734
10737
10740
10742
10744
10752
10755
10763
10767
10768
10772
10774
10775
10776
10779
10786
10788
10790
10802
10806
10817
10821
10823
10829
10841
10845
10848
10851
10853
10856
10862
10866
10872
10882
10885
10886
10898
10901
10903
10907
10909
10919
10928
10929
10931
10934
10938
10940
10942
10946
10949
10951
10962
10964
10966
10977
10990
10992
10994
10995
10998
11002
11006
11013
11020
11023
11024
11025
11036
11039
11041
11045
11047
11049
11050
11051
11053
11058
11060
11068
11072
11076
11081
11086
11091
11099
11102
11105
11107
11112
11114
11120
11131
11143
11148
11155
11157
11159
11163
11167
11173
11176
11179
11181
11182
11183
11186
11188
11189
11210
11211
11214
11217
11221
11222
11224
11226
11229
11242
11248
11253
11262
11264
11267
11269
11271
11276
11278
11281
11282
11285
11288
11290
11293
11297
11305
11308
11310
11312
11314
11316
11322
11332
11334
11336
11337
11338
11343
11349
11351
11353
11358
11362
11369
11370
11377
11379
11383
11388
11390
11395
11400
11401
11403
11406
11412
11420
11426
11428
11430
11432
11443
11451
11459
11473
11475
11483
11487
11496
11503
11505
11508
11511
11513
11522
11524
11528
11531
11538
11547
11549
11551
11552
11554
11558
11561
11563
11571
11573
11593
11604
11605
11611
11615
11626
11631
11633
11635
11649
11652
11654
11661
11671
11675
11683
11685
11695
11697
11698
11700
11701
11709
11713
11716
11718
11721
11722
11727
11735
11739
11741
11746
11751
11753
11757
11759
11762
11767
11770
11779
11795
11796
11802
11815
11824
11851
11858
11860
11865
11867
11876
11890
11891
11892
11902
11904
11915
11919
11921
11928
11930
11932
11934
11936
11939
11940
11941
11943
11952
11962
11968
11972
11973
11987
11988
11991
11993
11995
11997
12001
12004
12013
12019
12032
12041
12042
12048
12049
12052
12055
12057
12068
12074
12089
12092
12105
12106
12109
12112
12113
12114
12115
12116
12117
12120
12122
12125
12128
12129
12134
12136
12137
12139
12149
12163
12165
12169
12179
12181
12184
12186
12187
12207
12218
12219
12220
12224
12247
12263
12272
12274
12276
12278
12281
12286
12287
12288
12289
12298
12308
12312
12317
12329
12337
12343
12345
12351
12354
12373
12376
12380
12388
12390
12394
12399
12401
12402
12416
12417
12422
12428
12430
12436
12437
12439
12443
12444
12445
12456
12457
12458
12463
12468
12477
12478
12482
12484
12485
12487
12490
12491
12492
12498
12499
12506
12507
12508
12516
12521
12524
12533
12539
12541
12543
12548
12554
12557
12562
12564
12566
12569
12570
12572
12575
12582
12584
12585
12588
12591
12592
12594
12596
12609
12610
12613
12616
12620
12621
12622
12625
12637
12642
12656
12659
12662
12663
12666
12667
12669
12671
12673
12678
12681
12688
12689
12692
12695
12696
12699
12701
12703
12715
12719
12722
12726
12728
12736
12746
12748
12762
12771
12773
12775
12776
12778
12779
12781
12782
12784
12794
12797
12801
12804
12805
12814
12818
12819
12820
12821
12823
12825
12826
12828
12836
12839
12847
12853
12862
12866
12867
12868
12870
12874
12875
12879
12884
12890
12891
12892
12893
12898
12905
12907
12912
12917
12923
12926
12932
12934
12937
12942
12945
12949
12950
12954
12960
12961
12963
12967
12969
12970
12974
12983
12985
12988
12992
12993
12998
13000
13005
13010
13018
13019
13022
13030
13031
13033
13035
13038
13043
13044
13052
13054
13059
13061
13062
13067
13076
13080
13081
13086
13094
13100
13103
13109
13115
13118
13121
13123
13124
13132
13134
13143
13145
13146
13154
13163
13167
13174
13176
13181
13183
13185
13188
13191
13195
13207
13210
13212
13216
13218
13221
13222
13226
13227
13230
13231
13233
13240
13244
13246
13247
13248
13249
13251
13255
13256
13276
13277
13278
13279
13280
13282
13297
13302
13306
13307
13313
13315
13318
13320
13321
13322
13331
13332
13333
13347
13349
13351
13354
13359
13361
13368
13369
13375
13376
13386
13389
13390
13391
13394
13404
13406
13409
13412
13414
13418
13430
13433
13436
13437
13438
13439
13444
13447
13451
13457
13465
13470
13471
13478
13488
13489
13494
13497
13499
13502
13503
13508
13512
13514
13515
13519
13520
13525
13527
13528
13530
13532
13535
13540
13541
13542
13545
13546
13547
13549
13550
13552
13553
13554
13557
13559
13561
13564
13565
13573
13582
13584
13585
13591
13593
13594
13599
13604
13605
13606
13616
13620
13623
13624
13627
13636
13642
13648
13651
13652
13655
13659
13660
13663
13670
13671
13673
13678
13679
13680
13681
13693
13694
13695
13696
13697
13698
13699
13703
13704
13708
13710
13712
13713
13714
13722
13724
13725
13729
13730
13733
13735
13736
13737
13741
13743
13744
13746
13747
13752
13753
13754
13755
13758
13762
13763
13764
13766
13767
13776
13785
13787
13788
13792
13793
13794
13797
13798
13805
13809
13814
13815
13823
13831
13833
13840
13845
13847
13852
13857
13859
13860
13865
13870
13871
13882
13884
13889
13891
13893
13897
13899
13901
13902
13903
13923
13936
13938
13944
13945
13946
13947
13948
13952
13958
13963
13973
13975
13977
13981
13983
13985
13986
13988
13994
13997
14005
14008
14016
14021
14022
14023
14025
14026
14030
14040
14045
14051
14052
14053
14061
14062
14063
14064
14065
14072
14073
14076
14077
14080
14081
14082
14084
14085
14086
14091
14092
14093
14096
14099
14104
14105
14107
14112
14118
14119
14121
14122
14129
14133
14135
14136
14145
14146
14147
14150
14152
14154
14155
14159
14160
14163
14164
14165
14170
14171
14176
14181
14182
14186
14187
14196
14200
14204
14205
14207
14209
14210
14212
14217
14222
14226
14231
14237
14241
14242
14247
14254
14255
14257
14258
14259
14260
14261
14262
14263
14264
14265
14267
14268
14269
14270
14271
14276
14277
14278
14279
14280
14288
14293
14294
)


// ************************************************************************* //
