/*--------------------------------*- C++ -*----------------------------------*\
| =========                 |                                                 |
| \\      /  F ield         | OpenFOAM: The Open Source CFD Toolbox           |
|  \\    /   O peration     | Version:  2312                                  |
|   \\  /    A nd           | Website:  www.openfoam.com                      |
|    \\/     M anipulation  |                                                 |
\*---------------------------------------------------------------------------*/
FoamFile
{
    version     2.0;
    format      ascii;
    arch        "LSB;label=32;scalar=64";
    note        "nPoints:1623  nCells:5195  nFaces:11689  nInternalFaces:9091";
    class       labelList;
    location    "constant/tube/polyMesh";
    object      neighbour;
}
// * * * * * * * * * * * * * * * * * * * * * * * * * * * * * * * * * * * * * //


9091
(
2175
2550
4818
492
1603
2670
4302
226
730
1283
1435
1495
1640
1873
762
979
5058
2670
3004
3609
451
1461
2694
1206
3663
4017
4681
185
1207
3635
5177
128
264
550
2285
3513
4763
3654
4422
4546
436
934
2187
3789
15
1349
4479
746
2796
3227
4649
3269
5138
32
178
1298
4029
1938
2325
3363
329
774
2477
670
2736
4331
3414
3440
3793
25
2721
3142
4020
2869
3596
4987
5060
1354
2207
4573
365
1362
1635
2800
27
4338
4483
27
3836
4115
2236
1802
1849
1918
3737
1231
2531
3079
3713
635
2843
3971
4757
426
1068
1994
3312
1332
1351
4624
3020
3053
4204
522
1015
4712
906
1332
2740
3140
1425
1672
2528
4748
462
2292
2554
4048
1181
1638
2528
469
3062
3456
1320
1391
3759
42
46
610
1579
44
3513
4481
292
2216
3282
4326
46
482
3440
3452
4186
4325
1551
3388
777
1211
2634
497
684
1766
2095
3167
3345
4757
5104
113
899
1832
205
363
1491
5104
234
893
1492
3641
3654
4332
4422
538
4271
4514
842
2957
3676
1225
3675
4667
512
556
2059
2324
240
1780
3482
184
2181
2947
4049
74
2145
3453
5040
1426
4249
4259
4565
342
3395
3453
1654
3412
3422
3815
1726
2361
3631
4781
3304
4245
4268
4990
1698
2115
4686
1213
2116
3567
3608
636
4114
4514
4571
699
1892
4491
5119
214
1375
2113
4441
1125
1135
2476
3285
1904
3483
3858
5163
1439
1648
2950
2954
79
2205
3395
390
4056
4434
5102
782
3341
4096
79
2205
3421
598
663
3244
4266
946
1456
1718
3150
2254
4127
4174
207
2184
2848
3674
93
207
4058
4059
672
941
3929
4798
1617
1715
4283
5185
887
926
4550
4981
1994
5172
5173
3609
4303
4305
3410
4313
4418
665
4406
4417
4420
2157
2956
3468
2449
2473
2970
3791
308
3217
882
1288
1692
4897
1121
2892
5061
719
3131
3589
5149
112
1434
2105
4894
2833
3693
3966
2337
3212
5068
691
1690
3293
738
1720
1942
1951
2415
3190
3293
3139
3314
3576
184
2770
2947
5103
286
375
1300
4105
121
911
1538
1696
155
270
806
899
1412
2847
3515
407
1037
1042
766
1822
2775
284
1612
4414
3043
4385
116
407
4956
2880
4081
1938
2195
3546
5074
1832
2601
2890
508
1394
3233
3867
141
669
1454
4396
365
378
1500
1635
3413
3444
3446
4099
124
149
3838
357
3690
3788
3803
767
2552
3328
126
243
4489
520
559
1151
2860
141
149
4188
130
2921
3612
2752
3555
1597
2642
4446
4449
449
4006
4512
720
1752
5164
990
2394
3825
4915
1475
3182
3550
4805
3081
3198
4168
5043
1325
2902
4584
2864
4719
4721
1450
3150
3525
1072
2876
3852
4698
2740
4126
4625
4741
3642
5112
5176
1154
1892
2022
2294
2479
3835
201
736
3130
2826
3739
4730
3407
4010
4086
4919
1130
2407
3141
1101
2411
3222
841
1868
3791
4222
275
882
1063
4981
5058
5080
407
900
4956
1662
1683
3833
4175
976
1180
2583
1190
2976
4357
4887
773
1834
2575
2534
3361
4377
5018
2328
3319
4452
4454
162
420
3096
4658
510
2440
2899
4593
164
2612
3902
4787
468
1289
4436
1229
3316
5012
421
4707
4826
1669
2042
4591
467
1465
2279
2092
3092
3663
4035
738
3830
4101
4616
1415
2010
4392
4598
397
2502
4504
567
2044
4396
5118
823
3416
4687
1143
4578
4702
4706
491
3011
3026
4379
1360
1454
2338
5120
1768
3026
3954
2362
3140
4126
4646
688
1342
3756
977
3650
4624
1955
3664
4299
1298
1332
2656
3644
900
1064
1630
2745
3855
4765
4767
1185
4178
4986
5104
673
2940
1572
1586
2244
937
2883
2937
190
974
2247
4904
1179
3264
4744
320
4804
4854
2253
2917
4977
2640
2695
3177
4248
902
1633
1659
4746
1109
1272
1555
4290
471
2964
3540
3974
308
2184
4769
713
1243
1933
4905
1158
2751
4435
4944
788
1552
2820
3153
406
2763
2945
3745
296
1096
4021
714
2313
4101
3366
3393
3406
3446
923
1067
4883
556
644
3588
4682
367
1815
1986
2459
3238
3706
4279
308
1855
1733
4005
4560
870
2228
4865
296
2473
3732
4023
736
3040
3126
3128
2095
2331
3772
4831
274
1378
1888
2031
4445
710
4107
4548
1010
1468
3246
4268
509
2954
3109
552
3840
3976
1510
3962
4073
4776
753
942
1117
1325
2902
3017
4591
2684
3859
4467
4836
1124
1249
2028
2462
609
4126
4741
520
2409
2417
3788
1052
2602
5096
491
4725
4785
1471
3382
3433
230
747
798
3181
324
748
3182
3680
3854
4313
4371
338
798
1864
307
2145
2522
4567
918
1281
1895
1802
1890
2056
4499
3656
4828
5091
1493
1638
3442
4259
489
2299
2837
702
745
3541
3897
2396
2604
4513
881
2274
4279
4309
896
1901
2657
5015
1454
2195
2338
793
2272
3106
4877
342
2427
3927
5079
564
606
4219
3110
3258
5020
254
986
2779
4337
1440
3395
3399
2073
2190
3318
1247
1268
2354
2568
415
1599
2990
4499
1052
1217
3185
4302
332
3172
3491
2398
3237
4511
1472
4731
4826
566
592
1775
4797
809
1132
2209
4285
538
3199
4507
4743
1842
2151
3847
4142
1775
3492
3703
3996
263
414
2914
4027
294
500
646
732
1073
3702
1813
3588
3694
1636
4722
4747
514
1019
3692
4582
801
1401
3012
4768
2086
2868
2971
4928
956
1066
4634
294
1050
4027
4219
654
2286
3960
4628
279
2174
3382
4031
640
1823
783
1538
3762
277
280
4528
279
1242
4784
3590
3592
4906
5073
280
3519
4614
282
288
1407
4905
1050
3202
4352
842
951
2691
3677
3418
3645
379
3307
4037
3129
3253
1161
1623
4754
668
1016
2165
2858
2920
4868
377
393
3473
3619
2265
3236
5059
2348
3695
4724
340
1318
4526
5059
668
3208
1392
4257
4259
5053
1093
1690
1505
4910
4983
393
999
1681
1257
3477
4179
1657
1755
2600
1262
4054
5010
5165
362
2479
2697
3012
1683
4092
4177
878
1714
1826
4617
1566
2973
3132
1404
4100
5165
4829
5091
3304
3586
3876
4431
441
2381
3777
1643
2696
3342
4052
1184
2756
3509
4425
352
2516
3297
3802
315
3455
3688
810
3593
1206
4707
4817
5192
982
3768
4164
5182
2516
3271
4321
359
1350
2924
3078
3827
4853
5005
910
1902
4991
507
2132
2662
3146
1308
3923
4337
4933
338
724
5159
2151
2221
3991
5169
641
3610
4774
592
754
2934
3917
2558
2725
4080
4991
4588
4592
894
2046
2981
2097
2183
3209
2783
3703
4794
341
2091
2120
4469
2778
3173
4079
508
1790
3239
3242
3330
3703
4934
360
781
3732
4655
5164
1637
2206
3787
4535
3667
4329
859
2682
2750
694
734
1312
2879
3603
4579
513
514
1660
4281
474
658
1165
2458
561
2491
3351
3450
354
2555
2770
4986
2722
2850
3873
4843
1139
1446
2460
2531
1096
2314
3228
557
4243
4845
5184
1383
2435
809
1381
2209
2682
3509
3746
363
1970
3527
5143
858
2763
358
2455
3949
1512
2158
4835
1125
3476
3948
485
831
1090
1251
1867
2707
2698
2700
2842
1958
4039
1317
3174
4391
2068
4288
691
1093
1801
3286
2089
2869
4039
623
3440
5191
439
1039
1925
3831
784
2924
4381
1732
3002
4177
1604
2029
3892
429
2787
3850
675
860
3675
4848
1296
2845
3829
1264
4596
4620
4773
439
1479
4948
3011
3121
4099
2278
4295
2518
2717
4387
4568
2143
3323
4016
486
1799
2194
4380
1644
1796
1829
3718
4433
4595
426
1068
2000
4359
1236
3111
5033
1957
2413
3741
4205
782
1742
2214
3289
624
1749
1756
3962
3201
3214
3527
1196
1701
3254
5014
1413
3829
5014
1479
1272
1285
4465
639
2001
3408
4118
709
4678
5146
1411
2761
1410
1416
2841
4685
649
2807
4851
401
716
1192
4603
403
2712
2869
3216
4152
4974
404
499
1020
2110
2234
1487
2130
2546
2659
2691
4837
1259
2540
2981
3173
1389
2850
2944
4487
1065
1724
3880
4464
1343
2481
3648
4520
687
690
2278
2585
2206
3442
4262
4270
1744
2526
4750
1164
1167
437
1505
1811
4154
427
3841
4004
4528
472
494
2526
4975
676
3068
3086
3497
1233
1294
4657
1751
3162
443
2182
4532
4943
2260
3375
3742
4170
1498
4252
4501
4995
537
2299
5130
3353
3557
3378
4345
921
2864
3047
582
4734
5179
1470
1622
3383
4690
1502
4361
4955
1935
4432
4433
435
1806
2161
3502
493
2092
3844
4165
2553
2976
4357
3186
3794
4584
441
2055
3777
984
1230
4423
2320
1516
4490
4493
4963
4983
1702
1706
4732
2233
4911
3566
4554
4809
525
3665
3763
4622
1611
2302
3300
4029
1221
1961
3753
4644
1554
2715
4341
769
3113
3258
2504
2625
2630
1997
1378
2646
4265
544
1124
2274
4284
456
3747
3947
4425
2961
2975
3709
4885
1185
2239
3159
1184
2089
2242
2809
466
1095
3602
3928
920
1383
4365
2389
4122
4323
4997
912
1771
2071
2366
4717
4755
2292
3846
4843
521
846
1286
4927
2090
2114
3941
1486
1915
2056
2136
4075
2441
4989
3376
4291
742
2041
3325
4932
707
1733
3975
789
4523
1568
2737
4034
596
2251
2655
1398
2144
4161
1589
1590
2004
2893
1144
2089
2745
4152
491
3374
3625
4715
2138
4541
5161
486
1542
4016
4298
2112
2545
2815
2973
1287
2501
2098
3346
4058
4059
1446
4849
4899
5068
891
2711
2799
1885
4098
717
2011
2235
2418
1025
1739
2097
3210
2853
2867
5129
1607
3209
3565
496
1216
5069
2731
3663
4154
2529
3135
1127
4473
4474
3026
5161
2886
3888
613
817
1398
716
2235
1029
1035
3208
504
511
3415
3866
683
3969
4831
4833
1411
1705
4633
786
4266
4912
2007
3521
3624
4235
1787
3272
3714
1432
2664
3966
2176
3415
1648
2537
589
1841
3443
2582
4788
4968
2146
5144
877
2467
4576
750
3858
2397
2403
2417
3803
1683
2862
2863
967
2403
3720
2174
3099
3564
4002
1172
1520
3614
1762
2419
576
723
977
527
4920
781
2614
4901
1822
4641
682
3400
803
2170
4124
5154
1261
2107
1398
2144
2478
5025
627
657
2230
4713
1617
3570
4033
4758
988
1123
3725
4316
857
2442
3464
5138
4501
4782
4996
1518
2882
4782
4996
811
1290
3246
3526
3176
4260
4738
4745
3504
4619
5135
3191
592
1254
2429
3234
752
761
4797
4965
599
3581
4538
2149
2337
5067
1554
2480
2724
804
1402
2514
905
1663
3785
4228
1551
1675
2422
4475
2904
3838
4988
1244
1557
3385
1084
1310
2229
5133
1073
4596
4601
2645
5118
5121
567
3587
4396
1933
1946
3938
1608
2313
4392
4616
1380
2974
3100
1810
3694
3662
4241
1612
3087
3508
4550
815
2674
700
1516
2522
2817
562
2432
4490
2490
3730
4993
1280
2916
4167
1050
4643
698
1252
2609
3652
2062
2429
4965
969
1508
3093
3234
3725
1032
1241
2651
1819
1999
4112
5114
1194
1819
2289
4419
853
871
2247
4419
2263
3557
3679
4354
607
608
3679
4405
2821
3529
4314
4811
1298
3644
3757
839
2733
4034
1525
2631
2856
2158
3662
3672
4863
1079
1111
1160
1244
1700
2788
1382
3884
772
864
1392
3759
1099
3953
4808
776
2709
2944
643
2017
3510
944
2929
3060
825
3823
4775
1146
4542
4777
1992
3035
3499
4659
1092
1872
1951
2072
2166
1328
1351
3302
5037
1267
3054
3336
1825
3819
897
3998
601
627
4128
4737
1140
2101
4325
1015
2142
1300
3040
4320
4397
631
2858
4125
948
1145
1811
3091
3340
2436
2437
4708
4711
1550
2872
2876
3408
1741
5092
3229
3516
3832
4354
3143
4647
728
3265
4607
676
1423
4109
4729
1621
2922
3571
5190
2478
3084
3472
617
625
977
3650
2693
3325
4859
835
3135
4978
5042
3391
4355
5082
3909
4637
4806
1623
4631
5082
1231
2083
2678
1959
3435
4210
913
2172
2264
3044
1220
2515
1453
4776
4964
1623
4413
5109
977
2364
4413
4713
631
903
1824
2298
4368
4664
1453
1748
2116
2508
2724
3982
4483
1302
2172
1038
2424
2456
4722
678
1937
3291
4975
2287
2620
3311
4415
2889
2941
4766
653
3783
5038
751
917
4316
4877
1164
1250
1589
1599
1830
2003
1891
2611
2955
2933
5113
1662
2111
2135
3857
3884
3887
3895
1002
1745
2418
4238
1406
2504
2633
3779
3895
4426
1394
2173
2211
3243
1189
1223
3958
782
2100
3289
1337
1369
3696
3804
1191
2415
4598
4726
1601
5039
5163
1108
1874
1012
1639
3474
3926
888
1023
4697
1302
1850
2438
2367
2989
3266
4976
4977
1370
1578
3708
2520
2980
3605
820
1783
2211
2215
2515
2984
5191
2106
4010
4257
4498
710
2498
1765
2992
4083
4805
2994
3180
4179
1050
671
1738
4196
1329
2743
3249
4390
4969
5122
1448
2746
695
696
3855
955
3947
4425
951
1993
2940
1352
5111
906
1621
1704
4758
1235
4208
4903
1953
3317
4032
688
1342
2312
2343
2628
4362
4673
5183
2564
3749
1358
2291
2184
4936
1619
2371
2407
1080
2351
2915
5114
2336
5036
1954
1146
1742
1844
2164
2513
2656
3281
1334
2449
2970
2164
2343
2509
2839
3235
1060
1993
2846
964
1909
2790
1982
2683
4457
2933
3178
3335
1011
4587
4989
1814
2145
3337
2456
2582
2607
4150
703
1606
740
1094
2069
3820
5014
740
748
1661
3073
716
1002
4604
1774
3328
4560
1562
1703
3655
5177
3707
4544
3487
4406
1940
3575
5149
1979
2023
2246
4136
3939
3940
1801
2797
1826
2871
4735
2418
1133
1745
2721
1111
2321
3034
1940
2470
2519
1864
4322
952
1053
2749
1030
2653
3859
3880
1286
3637
4713
748
3074
1724
2706
2888
4473
1460
3201
3534
4551
1501
4224
4233
1533
1921
4480
2063
2108
4227
4401
2379
2642
2839
895
4562
4801
2074
2643
942
3611
4317
1440
2839
4449
2113
2663
2880
2986
4102
1323
2192
2699
4917
1335
2486
1781
1860
3241
3329
825
1760
3810
3823
1836
2332
2573
1210
4437
5045
5051
2496
4740
4876
747
3329
3334
1090
1942
1950
1598
3384
1598
4124
4853
4854
3698
3783
4509
1267
4880
3070
3309
4234
3607
4363
4447
3309
3920
4797
931
1348
1597
4823
798
1440
1652
4449
758
884
3967
4189
827
2191
5023
3081
5043
5159
778
779
2389
2401
2046
2272
4503
4753
5080
780
1863
4745
4906
840
1410
4678
5007
922
3447
3468
3930
3704
1076
1774
2390
3936
5000
2459
2467
4281
1338
1379
2273
2389
879
1605
2373
1575
1794
2469
806
2312
2267
3622
5021
1863
3723
3798
5072
1405
3874
950
2178
2758
1863
2152
4742
780
804
2177
990
2514
2472
1514
1150
2012
3970
3078
4250
2340
2644
4596
5041
935
3900
4585
2534
2604
4509
4510
4523
4903
2820
4750
1592
2935
3705
3915
937
945
3488
4337
1901
3531
3923
4931
2004
2269
2374
1278
2329
3099
4452
936
2082
4003
801
2188
4431
5051
2808
3138
3943
5033
3387
1107
1838
4287
4671
1232
1507
1531
4360
901
2697
1249
1602
2460
4117
4122
4123
2274
2401
1770
2396
3237
807
1342
4230
1038
1778
2965
4529
924
3183
922
4243
1845
2109
4857
1680
2106
4498
5089
1877
2542
2558
2016
2305
3277
2897
2898
1410
2844
4678
1263
3008
2138
2143
4568
5162
1251
1321
1530
3013
2521
3243
828
4432
4677
2494
3469
3929
4193
1695
2905
5120
1515
3303
3831
3704
969
2905
4798
884
2479
2697
3008
3472
1356
2883
4078
841
1701
2065
4239
2799
3780
4023
2345
4096
4375
2519
3131
3139
5153
1301
3299
4280
2353
2616
4307
1101
4649
4866
1157
1725
2448
2077
3959
4144
4461
1313
1315
4395
5013
5146
1191
3496
843
2962
3677
1839
4200
4477
5031
1093
1801
4021
4101
3436
3992
5057
1306
2253
2635
2914
1278
1884
4170
4172
852
1746
2431
2431
3497
4201
4729
2958
4347
857
3269
3148
3313
4028
1626
1905
2872
3050
5181
1558
3356
3679
5166
2431
2569
2703
2945
2091
2770
2940
953
2945
3749
3771
4194
4732
962
1982
2962
4049
1388
2604
4377
4378
1282
4011
871
1819
1999
4664
871
2245
3261
4663
1051
1054
1999
4650
1473
2829
3306
3876
953
1728
3745
1266
4862
1069
3279
3764
4390
4969
1784
2594
5002
905
2207
5071
1602
2028
2384
1000
4997
5000
3112
3827
4572
2849
4362
4690
2350
3706
1653
1918
3997
4563
3698
3825
4515
1671
4988
886
892
4002
4890
1689
2189
892
1107
4004
4036
1103
1242
3801
4881
5186
1469
1483
901
1401
2478
4599
1407
3068
3736
1614
1800
4864
1507
3564
1167
2963
4499
2140
2269
2272
1656
1736
4079
2049
3108
1022
3103
899
1066
4956
1040
2109
4857
1007
1373
2599
2230
3743
4128
1286
2175
4819
5107
3184
2364
4624
1782
3901
3955
957
2906
3984
5120
912
1119
3583
932
2132
3168
3838
987
2725
914
1147
3743
2264
2731
3914
1842
3065
3790
4151
925
1417
1418
1631
1250
3430
3599
4778
2609
2882
3681
968
1759
1615
1872
2486
2593
3460
1928
4884
1067
4183
4886
2002
3775
939
1611
4728
939
1066
1630
5056
1330
1365
3154
5048
1782
2617
4263
2877
2881
2979
4339
1486
1777
4446
2662
3403
1142
3164
4267
4968
935
1647
3900
1837
4788
3968
1588
2668
1325
3954
4379
956
3170
1089
2031
3102
2645
4193
3699
3964
4821
4824
2738
4272
1882
2937
4825
3913
5040
1276
2240
3069
1997
3676
2957
2962
3889
1161
2754
4299
1461
2686
2120
2762
3675
1568
2335
4034
4657
1031
1037
2243
2280
3300
1696
2475
4517
2888
2998
1357
3437
4937
4939
2547
3523
3959
3217
4765
4769
2940
3677
3860
972
1311
2850
2941
1060
2939
2036
4794
4795
974
3193
4904
1666
2397
2009
4365
4669
2645
974
2618
2826
1139
1381
2531
2649
3673
3689
1730
2812
4423
2623
1704
4211
4646
2612
3902
3677
3860
4837
2745
5056
1708
3045
3768
985
1174
1182
3092
1292
2162
2565
2925
3747
4427
1174
3343
1171
3161
4035
1588
2784
2785
1120
2883
4078
1219
1518
4255
991
1125
3945
3981
2177
2368
993
1041
3950
1438
2496
3455
3592
1926
2133
4583
1345
2565
4820
997
998
1627
1003
1009
2066
2257
2426
3861
4192
2747
4985
3063
4147
1361
2388
1151
1907
3015
4573
1758
5147
1012
3533
3926
2690
3956
4585
4787
1513
2176
3164
3250
3417
3764
4494
1932
4676
1742
4096
4542
1012
1039
1764
3260
4898
1153
3782
4689
1129
1213
1756
2705
4077
1083
1288
4073
5119
1689
3025
1406
2728
2610
4277
4443
5093
2749
2766
4651
1312
3001
4509
1349
2801
1436
2624
3857
3884
2404
2655
1029
1035
1483
1045
3392
4246
1355
3845
1112
3232
4127
1028
1036
3213
2351
4214
4703
2633
2951
3863
4467
1128
1962
3947
3863
2554
4716
4717
1976
3169
4985
2351
2915
1071
2351
4697
1040
1636
2423
1173
2319
2243
1143
1534
3833
1128
2601
1045
1046
1591
1458
2117
2941
3689
1255
3175
1873
3171
1431
1681
1791
3003
1881
2955
3610
4446
2723
3021
5065
2874
3230
4892
2610
2642
1858
2288
1072
1077
4202
1225
2180
2830
2836
1112
4174
5077
5155
1228
3067
4060
4985
1565
2623
2826
4730
1958
2025
3862
4042
1743
1062
1958
4060
5104
2483
3067
3298
3094
4229
2089
2243
3862
2948
3877
4630
2835
3183
2258
3668
1070
1077
2245
1080
2247
2623
1072
1080
4409
4950
1264
3166
1776
2552
3997
1364
2842
3524
4097
2310
3997
1080
1999
1196
1767
2250
2370
4484
4972
1091
1113
3791
4222
2600
2966
3186
4967
2608
4069
4608
2737
3027
2078
3382
3433
3522
1667
2051
2363
1255
2359
2793
4148
3681
4782
4829
1376
1825
1800
4654
1098
2799
3733
1971
2074
1949
1661
4852
1595
1915
3737
3732
2892
3616
4645
1113
1223
3033
2960
3584
1102
1736
3491
4569
2796
3101
4561
4004
4528
1339
2014
2216
5075
1981
2246
2819
3037
1110
3683
4700
4850
1853
3843
1334
2060
3050
3517
4133
1480
2789
1847
2370
3678
4133
1226
1747
1480
2538
3699
3445
3582
4157
1120
3977
4050
1248
1727
4447
1208
2005
2084
3368
1120
3105
1281
1777
4779
1309
1827
2161
2976
1890
3093
4500
1664
1923
4583
2713
2716
2900
3152
2952
3071
1966
1135
1639
4583
2622
4900
2164
2315
2343
4040
2592
2840
2236
2237
3231
3247
4892
1523
2319
3940
4030
4812
2045
3638
3842
2319
2476
4092
1924
1258
2983
3451
4012
4267
4967
4968
1861
3794
1926
4369
2809
2936
1989
2959
1841
1501
1955
2626
1941
2044
3983
1489
2377
3935
1538
4517
2111
4440
2700
3633
4855
1154
3983
4895
1939
3970
2357
2692
2902
3606
3608
3764
4077
1226
2108
4900
1625
3321
4057
1947
2286
4635
4799
1163
1619
4293
1961
4644
4739
2622
4972
1585
1896
3998
1498
3097
5066
3924
1170
1979
2245
4810
1244
1549
4810
1548
1565
2623
2232
3343
4982
1385
2532
2897
3002
3535
4092
4704
1629
3361
4377
1529
3185
4173
1182
2162
4731
4826
2456
4010
4086
4529
1391
4705
2102
3902
5085
1493
4720
1751
2410
3306
5008
2243
2747
4192
1500
1894
2018
2068
1188
1688
2048
5160
2805
2960
1208
3033
4851
1227
2329
3564
1868
3294
2798
3372
4851
1261
2968
3123
1927
3529
3640
1705
2333
2806
2065
2069
2853
5030
5129
1214
1692
1749
3986
1278
2333
2811
4172
1562
3547
5177
1685
3781
4522
4978
2761
2916
4204
1237
2328
3774
5033
1502
4421
5139
1491
1986
3674
4058
4358
4690
2632
3655
3987
1209
2544
2084
4072
3633
5049
4299
4411
1722
2705
4424
4670
1748
1795
3189
4595
1346
1449
4053
1603
2995
2670
3005
3425
1678
2904
3986
3995
4878
4992
1929
3793
1954
3752
1225
2939
4848
2063
2711
1678
2705
2908
4670
2060
2449
3295
4360
4404
1973
4532
2329
2333
3295
2054
2085
1618
2386
1462
5140
2019
3563
2578
2862
3981
4838
1937
2050
4001
1427
2226
3774
1313
2729
5030
1246
1531
4360
1278
1848
2855
3099
1503
1952
4890
1984
2764
4002
4783
2527
2616
3939
2813
4008
4009
2811
3022
1260
1270
1275
1606
4852
1664
1573
2037
2148
2671
2771
3054
4503
4880
1596
1901
2832
1591
1785
3142
3521
4020
4462
4557
4581
2510
3456
2122
2777
2778
2197
3132
4070
1688
2829
3306
5026
1829
4161
2208
4326
3707
4327
4684
1270
2911
3995
1846
2814
2228
2354
2570
4109
2568
3292
3514
5035
2413
2596
2884
3673
3874
2099
2462
4006
2197
2823
1458
2123
4760
2452
3000
3239
1596
1733
2279
4005
1285
4465
5077
1486
5061
1392
4044
4744
4322
5105
3000
3461
4011
3517
1850
2193
2571
3962
4188
3257
4913
1408
1831
3277
1297
2765
3494
3921
3768
3776
1444
2362
5036
3096
3946
1433
3095
3494
2223
2322
5106
2365
3095
4660
4024
2318
3094
4229
4752
1608
2217
3155
3573
1525
4708
1545
2256
3344
4647
2873
2929
4478
1386
1477
4366
4885
2820
4750
4977
3658
3685
5157
1737
1879
4476
3660
4887
5134
1806
2638
2737
2709
2944
4458
2534
5070
5034
2833
4373
4960
3027
4034
4527
2921
3113
3537
1371
3620
4919
2103
4270
1350
4329
4383
2680
4043
3009
4179
2116
3631
3636
4680
4920
1368
1969
2300
4780
3789
2002
2160
4554
4318
4960
1332
2572
2656
2495
5121
1717
1721
4533
1839
2715
3479
1336
2676
2677
4274
3126
3282
4320
1666
4575
1409
1706
2388
2591
2746
3459
3929
2358
2849
3055
4817
2220
4107
4269
2356
1846
5032
1600
1912
2433
3215
3435
5182
3324
4566
1878
1883
4478
1773
2992
4166
2590
2912
2169
4384
2302
4813
1569
2492
4865
1451
3634
4791
5122
1650
4883
1359
2391
4641
2732
4046
4435
3157
3437
2727
4508
1695
3028
4773
2152
2390
4244
1900
2805
5160
1786
3620
4580
2188
2212
2214
1460
3527
4728
1750
3740
4294
1876
1878
3964
4824
1377
1419
3922
2421
2628
3767
1373
2359
4104
3174
4108
4947
1898
2306
4143
4875
4084
4111
3821
4561
4562
2986
3818
2031
3821
4801
1887
2139
1823
2379
1821
4323
1382
4734
4886
3104
3937
1397
3188
3214
5047
1520
1650
4883
2975
4324
1982
2944
4487
1632
2396
1396
1405
3873
1445
1632
1770
1392
4249
1644
1935
2608
4432
2520
3226
2721
3628
4275
4488
4832
2053
4530
2225
2250
3885
1685
3205
3251
3545
4677
1446
3079
4849
1990
3841
4614
2194
4098
1906
1946
4030
2013
3245
4054
1711
3696
2224
2918
1428
1443
4408
2322
3254
1416
4397
5028
5075
2710
3820
5014
1459
2414
2999
4537
2002
2053
4551
2878
3869
3964
1423
1579
4521
5111
2252
2301
5044
2791
4662
1497
2442
1478
1489
2349
2673
4256
5088
4094
4540
4557
1430
2262
3187
1430
2619
2847
2103
3442
4841
1436
5011
3458
4086
4529
3145
3146
1887
3964
2104
2580
1527
4265
2619
3104
1699
2619
3857
2395
3271
4745
2186
2953
4114
1864
2432
3114
3116
3333
1452
2123
3152
1699
2854
1450
2572
3140
4088
5018
2156
2643
3166
4615
2803
4798
1488
3221
3151
2220
4792
1458
4840
3879
1740
1456
4301
4758
3151
3435
3528
4210
4212
2949
3253
4685
4232
4555
1993
2946
1507
3843
3460
3686
3711
1560
3247
4703
1733
2008
1943
3549
4694
1567
3640
3994
1645
1831
3739
4410
1707
1714
5134
3292
3432
4820
5128
2380
3875
2212
2385
5050
1476
1661
2344
1727
2538
4852
2592
3184
4122
4225
4997
1791
4850
1596
2279
4931
1516
3211
3337
3421
3206
3381
1496
4808
4973
2539
2658
3333
3409
3891
2490
3438
2052
2387
4560
5000
1494
3536
3565
3345
5143
2033
5061
4540
4841
3210
5102
1860
4248
2972
3584
1579
1675
3427
1504
1856
4437
4781
2577
4925
2185
2271
2271
1531
3220
4139
4315
3091
4165
2627
3565
4534
5110
4890
2429
3106
3728
1684
2144
4065
4599
2361
2525
3304
2348
4724
5027
3937
4383
4384
1934
3239
3341
4429
4807
2782
4588
3351
1521
1524
3275
2771
4500
2252
2270
3996
1928
1566
2545
2187
3018
3794
2070
2134
4047
1797
2196
1537
2548
2579
3682
4563
2602
4448
2033
2963
4695
1629
4312
2037
3180
4369
1570
2492
2913
2503
3390
1908
3010
3117
1536
1867
3013
3805
1539
2439
1540
4869
2265
3009
2436
4708
1545
2437
4125
4733
3367
3967
4189
2445
3457
3760
3127
3469
3760
5167
4693
1559
2436
3042
2151
3847
5032
3193
4810
2819
3037
3192
3852
2501
4335
2635
4727
4903
1554
2508
3479
1981
2413
2726
4121
4453
5126
2287
3261
3311
1983
3848
1854
4869
3213
4893
3522
3561
4408
1580
4216
2507
3296
3542
1898
2167
4318
4118
2196
1927
3642
5180
2553
3946
2913
3735
4862
2353
3939
2167
2300
3705
3462
4611
1577
2374
2457
2641
3951
4150
2267
3759
2453
2965
3003
4653
1589
2004
2363
2595
3781
1582
1820
1648
1904
2537
3886
1587
4217
1610
1646
2150
2370
2081
3252
4892
2584
2661
3021
4611
5065
1820
3247
4703
2667
2669
2584
1653
2317
2579
2687
1865
1897
2126
2432
2491
3912
1595
3326
3737
3817
1652
3386
2832
3181
4083
3329
1890
3430
1604
3541
4443
5038
1618
2061
4319
1912
3891
1609
2273
2400
3898
1753
4534
3765
4105
2032
2386
2401
2719
4800
5064
4232
4550
1613
4534
4550
5186
2711
3223
1694
2314
2222
2720
4486
4301
5189
2531
3523
3027
4527
5130
5133
2488
4211
1838
2376
3844
3751
2602
5096
5194
3167
3278
4709
1817
2360
1976
3861
2094
4059
5100
5194
1972
4956
1995
4041
4555
4377
2424
2582
4012
3256
3267
4014
5078
4388
4889
1778
1639
2067
4250
1672
3621
2454
1870
3241
3407
4496
4556
4896
1799
2142
2192
2699
1899
2718
3008
4160
5008
2005
4144
5064
1669
3011
3789
3204
1845
2829
4297
4431
2898
2011
2058
3521
4803
2330
3387
2310
2893
2375
3221
2558
3870
4063
1886
2372
3865
1659
2464
2065
2250
2866
3626
2599
2497
3886
5154
3196
2863
2660
3010
2156
2838
2866
2971
5098
1754
2102
2793
2924
3285
3714
4846
1837
4787
1693
2446
4066
4587
1686
3762
4256
4257
3003
4082
4495
3905
4341
4342
4475
2447
3061
2021
2022
4015
3002
3535
4588
2523
2397
2417
2541
2104
4247
5084
2969
4082
2201
4606
5019
3981
2441
4066
4587
2201
3427
3985
4897
2354
3065
4201
4729
4712
2192
4920
2473
1738
2494
2743
4403
3471
3718
1698
1796
1829
1872
4536
2810
4798
2338
2342
2587
2590
2815
4847
2446
3883
2772
2819
2827
2010
2402
1711
3771
1820
5112
5114
3140
3151
3316
2421
2161
3383
5135
1835
3777
2171
3096
3317
2813
4165
4952
5142
4349
2549
2566
2919
3773
3396
3429
3572
2871
4984
3396
4627
3429
3665
4622
2182
3154
4042
4809
5185
3493
3697
3761
4623
2208
3282
4618
1958
2483
3527
2708
3546
3641
2292
2366
3872
2952
3687
1729
2108
3082
4430
3550
3699
2654
2750
1735
2614
2085
2163
1758
3588
5147
1789
4702
1735
2448
2473
2472
4062
4562
2928
3107
4660
1740
2987
2391
4434
5102
2195
3551
3548
4609
1993
4848
2504
2629
3938
1761
3628
4071
4858
2058
2463
2804
1756
2523
3189
2316
2438
5081
3161
4443
5094
2183
3669
2390
4244
2595
3708
2523
1761
1813
3369
1761
2435
3077
2785
3101
2578
2861
2544
3368
4227
2257
3532
4442
3001
3692
4319
1988
2181
3889
2059
3254
3955
4388
3712
3809
4511
3539
2725
3864
3968
4661
1777
3896
4305
2308
3540
2127
4933
1918
3420
3890
4303
3359
4095
1782
4808
4889
4925
2398
3191
1783
2639
1929
2678
4113
2793
5083
4147
4947
3285
4838
1792
2045
4600
2066
3002
4592
3000
3360
4014
4045
4948
2757
2907
1814
3737
3815
4879
4095
4254
5021
4332
4424
2608
3985
1798
2823
3031
3134
2016
4594
4649
1915
1917
2696
3240
3323
1871
2218
3260
4268
3031
3034
3134
4142
2553
3851
2171
2536
3946
1809
2141
2525
3136
3250
3887
5144
3044
3098
2150
2622
3960
4972
2225
2817
3602
2242
4986
5103
1830
3036
4290
1906
3873
4843
1922
4278
4364
1927
2505
2273
2373
2667
1881
3411
1922
3680
4371
3821
3578
2335
3339
4527
3326
3386
5090
5181
3245
1834
1934
2452
3119
2303
1857
1965
2383
3325
3796
4585
3048
4036
2221
3991
2508
4958
5168
1843
4156
3989
4138
1844
2332
5024
2214
3524
4054
4380
3648
3847
2321
3523
3959
1952
1987
4002
1889
1890
2893
2202
4207
3502
4035
4688
4982
1911
4345
5183
2199
4004
1857
1965
3916
2094
4497
3082
4966
5051
2055
2852
4651
3944
4020
4338
5123
2640
3164
3758
2640
3585
3793
5187
2300
2878
3806
4374
4872
3806
3190
3910
3137
3417
4330
5095
2580
2641
4391
3136
3248
1971
2641
3175
2286
2474
3529
4213
4314
2082
4003
4478
1903
2132
2932
1882
2057
4559
2833
4656
4875
2642
3005
2895
3870
1897
2929
4272
2260
4452
4636
4538
4594
1967
2406
4450
2930
1891
2430
3093
3728
4879
2427
3659
4188
4969
2450
2546
2659
2935
3350
3443
5024
2056
3599
4499
2458
2540
3173
2932
4961
4656
3342
4376
2800
4185
2166
2035
4075
3146
1944
3207
1906
2958
1920
2135
3010
2135
3833
1991
2180
5103
2360
4832
4834
4362
4617
1915
1916
4130
4344
4545
5128
2239
2556
3691
1917
3890
4668
1918
2034
3827
4572
4804
2596
2958
3872
3288
3507
4368
2099
2605
4284
2209
4899
3303
4442
4948
2781
3533
2298
5002
2215
2640
2020
3581
4185
3195
4352
5111
5137
2259
4495
2728
4267
3085
3047
4615
4721
3784
4923
2198
2870
3976
3983
4396
3887
3122
3782
2203
3780
1944
1968
4850
2344
3483
2910
3034
4142
4221
2504
2474
4110
4929
2260
2974
3100
4636
3496
3830
4023
1951
2072
3227
2073
3220
5171
3052
3941
4909
2509
2754
4296
1959
2549
3773
3053
3742
4465
2165
2233
3320
4943
2517
4625
1966
2025
3159
2836
2936
2938
1965
2859
3042
4868
3032
2367
2979
4438
2344
2538
2139
2167
4822
4039
4728
4881
2309
3170
3862
4042
2025
3032
3671
3067
3165
4532
2679
2887
4473
4474
2293
4471
4474
4760
1988
1996
2957
2959
3037
4118
2064
4215
5171
3036
3577
3229
3679
2651
3745
4836
2078
2855
3375
4405
3596
5103
3356
3848
5171
1998
2647
1996
2865
2875
4984
2790
3596
5060
2788
2827
3503
2081
2874
4037
4537
5048
1998
2946
2886
4648
5125
5155
3853
4730
3038
4118
4000
2058
2150
2799
3733
3978
5150
2804
4110
4222
3090
3975
2409
2412
2541
3496
3700
3142
5063
3719
3931
2016
2194
2043
2348
3766
3729
4103
4333
3431
5126
2041
5023
5024
2502
2918
2138
2143
2107
3630
2107
3123
2245
4202
4659
2709
2716
3673
3874
4060
2120
2749
2766
4466
2942
2996
3618
5020
2038
4668
2048
3584
3837
4586
2113
2350
2384
3618
2773
2040
2891
4668
3403
4931
3492
3703
2210
3405
4695
2040
2891
3682
4563
2972
3837
2051
2603
4675
2746
3083
4790
4687
2540
4140
2931
3488
4825
2960
2968
2560
4061
3299
4208
3902
2658
3404
4493
3039
2076
2088
4683
3098
2671
2621
3338
4482
3033
3885
3960
4900
2248
3609
2270
2964
3996
2392
3958
3731
3942
5098
3622
4578
4047
4381
4525
3370
3834
5097
3285
4846
4078
4531
2074
3702
2225
3369
3626
2636
2978
2084
2547
3319
4454
2086
2866
3626
3019
4206
4278
3312
2765
3494
2386
2400
4144
2088
3424
3624
2088
2093
2114
4688
2090
4909
2684
4184
3661
4688
2163
3661
4691
5101
3816
3888
2682
2750
4667
5100
5101
2652
5100
5143
4999
5017
2380
4429
3444
3629
3900
5009
2266
2105
2106
4370
4256
4920
3141
4245
4431
2712
2714
4856
2860
2587
4071
2406
4691
4891
3719
3985
2843
4129
4756
2450
2613
4141
4261
2405
2738
2755
3309
4470
2293
2598
3861
4129
2268
5044
4471
2125
2408
3495
4662
2894
4339
2597
4237
2540
4106
4797
3331
4145
4875
2248
2792
2992
4319
2131
3225
3448
2567
3441
2558
2781
3476
3949
2320
3619
2666
3090
2895
4559
4796
2800
3338
2159
2168
4793
3248
3304
3365
4594
4064
2487
2323
3701
2204
2990
3599
2204
3335
3599
2334
3932
2463
2748
2388
3716
2814
3031
3847
3484
3485
3489
3991
2676
3613
4260
5187
2460
3212
2337
3930
5068
2455
4845
2269
4000
3150
3525
4809
5133
3092
4300
4910
2278
3144
4125
2934
3923
2306
2268
2301
2927
4365
2179
2275
3706
3052
2548
2858
2639
5087
3319
3660
2277
3397
3866
3867
4122
4309
2564
4293
2373
4117
2938
2939
2184
2647
3671
4911
4871
2856
4224
4421
2393
2950
3792
4785
2191
2697
2192
4380
4857
2786
3227
4297
4590
4306
4481
4054
2708
2197
4394
4597
5074
4345
4666
3615
3764
4406
4548
3390
4708
5107
2470
3568
3589
2672
3337
3908
3474
4556
2835
3785
3702
3839
2660
3980
2639
4264
4097
5052
2304
2402
3568
3700
4590
2515
4912
4613
5028
2304
4320
4616
3257
4491
5095
2342
2475
2757
4330
2767
3904
4116
4637
2304
2323
4395
2443
5193
2730
2847
2231
2535
2912
4479
2568
3163
3377
3751
4413
2237
2511
3160
3161
4038
2235
2912
5029
2237
2721
3055
3696
4545
3747
2949
3861
3689
4756
4844
2830
3509
5176
5177
2726
3499
2253
2648
4305
2873
4339
4451
2881
2989
3492
2915
3357
3731
2258
2876
3232
4171
3637
4693
4741
2451
4253
4136
4648
4084
4089
2262
2403
2674
2897
3375
4454
2296
5175
4154
4195
4581
5054
5059
4043
2981
2297
4793
2626
4965
2588
3618
2461
4854
2731
3844
4665
4673
2563
4412
4693
2425
3308
4926
2284
2453
3056
2681
3082
4966
2341
2444
4064
2574
2782
3203
4611
4806
2788
4663
2852
3072
3746
2635
4001
4416
3149
3153
4727
2637
3772
4762
4015
4674
3854
4351
4367
4351
4354
4090
4564
4213
5180
3504
4793
3302
4232
2575
2739
5013
2699
3715
3705
4482
2310
2317
4564
2310
3728
3826
2643
3047
4097
4855
5049
2346
2797
3765
2484
2425
2656
4553
2631
4224
3999
3219
4751
2320
3224
2323
2324
2402
3254
2327
2870
2769
3251
5042
2896
3168
3023
3339
4455
3399
3817
2339
4067
2776
3348
3022
2605
3808
3811
2976
4455
2513
3569
2340
3800
2342
2870
3526
3961
3168
2346
3179
2688
3366
4542
2562
2398
3712
4507
4915
3083
4225
4998
3238
2355
4024
4752
4924
2492
5042
3648
2356
4553
4634
4230
5055
2603
2967
4282
4771
2363
3957
2524
4430
3569
4675
2922
3993
2931
3818
4441
4844
2372
2394
2673
4738
2927
3714
4669
4221
2547
3368
2458
4079
4877
3324
3817
3048
3502
4688
2673
4738
2560
3333
3911
3235
4265
2681
3049
3776
4780
4822
2698
2857
2386
2681
3289
2543
4005
2389
2676
4994
4401
4901
4168
4571
3199
4570
3176
4740
4575
4513
3480
4378
5093
4113
3079
3978
2532
2405
3066
2885
3070
2663
4801
2622
3368
2791
2986
3965
2578
3945
3365
3876
2796
3576
3779
3272
4669
4407
4393
5075
3281
2447
2535
4861
5076
2419
4803
2674
2536
2636
3851
2634
2758
2501
2734
5076
2424
4746
3119
3300
3302
3069
3691
2430
4828
3075
3497
4068
2964
3235
4815
3438
3814
3890
2441
4065
4913
3979
2563
3506
2631
4207
3236
4863
3349
4589
4777
2447
4729
3129
4685
3715
5025
4331
4949
4689
4519
2449
2597
3532
3786
5053
4722
4524
2689
3476
4526
3301
3805
3360
2607
4247
4264
4106
2465
3110
3259
3706
5020
3960
4799
4012
4967
2468
3259
4146
4149
5029
5064
2468
3113
4572
4095
4747
3779
3895
3554
3761
4403
4546
3732
4274
2907
3981
4838
2574
2782
5021
4018
4679
2734
4343
2570
2824
2486
2864
3126
3130
2753
4764
2489
4021
2551
2613
4315
2489
3652
5079
5091
3571
4758
3130
4101
2551
4141
4074
2493
2769
4865
3551
3761
3487
4792
5122
3454
2537
4124
4853
4398
4547
2673
2953
4998
2502
2808
3138
4636
3265
4606
3231
5112
2701
3545
4768
4962
2723
3299
3484
2517
4291
4325
2571
4115
2570
2615
3276
2517
4625
4007
4906
2521
3688
3446
4099
4288
3579
3243
3605
3351
4830
2525
3636
3606
2529
4902
2529
3938
3466
2616
2969
4093
4147
4947
3717
3722
3454
3590
4311
3358
2571
4605
2553
3052
3549
2560
3600
3077
4080
2658
2832
3600
3958
3470
3225
3044
3916
3024
4412
4644
4993
4566
2559
2889
4178
4191
2685
2925
4833
4834
2732
4944
4717
4755
4945
2575
4040
4711
4732
4731
3041
3143
3448
3449
4610
4640
5076
2585
5037
3348
3582
3754
3308
3582
4386
4932
3121
4593
4930
3272
2584
3241
4247
3079
3080
3713
4742
4111
2901
3591
3307
5036
2590
3269
4858
4858
2591
4113
3723
3930
4849
4906
2801
2594
5071
3686
3799
4243
3076
2967
2649
4347
2935
2843
4757
4761
3708
2692
2967
2650
4312
4591
3480
2838
3352
2792
4696
4700
3360
3415
4897
3178
3684
3001
4083
2933
3918
2617
4930
3919
4401
2769
3205
4109
3202
4935
2917
3556
4251
4340
2664
3595
3649
4120
5011
2629
4026
3664
5108
4816
5188
2634
3646
4750
3206
3381
3195
4902
4923
3206
4419
4683
2848
3437
4508
3160
3851
4247
3174
2870
4394
3423
4448
3064
4769
3006
3543
3872
4844
2890
3032
2654
4467
4638
4874
4881
3863
4786
4469
2755
3058
3448
4061
4145
4490
2934
4141
3117
3682
3924
3597
4438
3870
3330
3977
4223
3105
3583
4075
2668
2775
4439
2883
4050
4641
3602
4500
2771
3727
2716
3878
3881
3936
3613
3979
4882
2706
3881
4459
2985
2993
4249
2762
2768
3860
2768
3860
2852
4191
4468
2691
2694
2945
3156
4672
4539
5132
2781
4558
4565
3413
3444
4589
2966
3837
4586
4679
2703
3585
3721
3963
4298
4859
4918
4158
4159
5045
3249
4398
4403
4949
2752
3315
4597
4489
4492
3120
3980
2987
4489
3878
3828
4392
4901
3372
3673
4840
4842
3498
4072
4146
5031
3062
3240
3376
3240
4292
3903
4138
4221
3481
5168
3157
3846
4937
3296
4001
3822
3836
4063
4205
4648
3437
4046
4905
3339
4527
5129
3514
3774
5035
4017
4048
3563
3943
3822
2887
2996
3882
3457
4193
2885
3332
2890
4911
3637
3644
3801
4153
4639
3364
4231
4355
4193
5121
4924
4927
5057
3159
4060
2910
5169
3675
3439
4428
4394
3016
3165
4533
3743
3751
3060
3920
2926
4155
5041
4198
4732
3854
4313
5175
3853
4409
4410
4730
4504
4633
3746
3750
3750
2873
4451
2952
3071
4200
5032
4460
4472
2889
2882
2774
2787
3405
4645
5061
2795
2819
2785
3810
2857
3524
3492
4795
5044
4062
2783
2784
3977
3473
3619
4047
3013
3303
3330
4050
2796
3314
3500
4251
2792
3699
4317
4767
4081
3543
2860
2861
2863
3577
3850
3287
2807
4602
4541
4856
4137
4146
4461
4847
2810
3083
3521
4799
3953
3849
4172
4633
3223
3023
3563
2831
3416
3695
2828
3220
3049
4910
4983
4691
2823
4137
4151
3177
3951
4585
4912
4500
4963
3450
3925
4830
4976
4276
4280
3035
4121
4350
4367
3088
4520
3148
3313
4612
3499
3500
3051
3942
4429
2831
4667
2836
3108
3595
3332
4272
4961
4574
4883
2867
2875
3932
4322
2961
4285
4885
2844
5167
2857
4855
4755
3748
3129
5106
2946
3855
4497
4936
3559
3578
4766
3059
4980
5080
2925
3292
3856
4408
3356
4170
3044
3340
4195
3144
4868
2862
2867
3660
4031
3432
3424
4051
3158
2875
3504
3232
2877
3668
5173
4136
4076
4660
2932
2921
3358
3102
3058
2943
4347
5066
2997
3881
3687
4180
3671
2963
4695
3896
3728
2979
3965
4825
2908
3362
4440
3349
3445
4157
2903
2942
3445
4386
4930
4842
2908
3587
2907
4687
3838
2910
4629
4802
3734
4070
3990
3940
2915
4416
4456
3381
4026
4658
3041
3197
5190
3435
4197
5182
3770
4413
3218
3346
4987
2927
3072
3746
3915
3920
4076
4076
3338
4559
4796
2955
3915
3273
4152
4063
4974
4180
3152
4842
3676
3674
4766
3880
4786
4129
3952
4466
4470
4570
4998
3927
2977
3711
3064
3676
2977
3924
3826
3056
3478
4584
4675
4586
4087
4108
3190
3293
3263
4932
4973
4071
4201
3020
3053
3710
4907
3052
4909
2989
2982
3867
3354
3871
3244
5116
3605
3871
2988
4578
4710
4081
4390
4402
2994
4706
3726
3683
3827
4226
3550
2994
3477
4085
4696
2997
3152
4471
3882
4473
3016
3039
4722
4302
4045
3005
3610
3411
3007
3611
3896
4305
3013
4581
3015
3629
4674
4918
3061
3088
3427
5019
3785
3788
4764
3901
4263
3758
3792
3503
4251
4504
4025
3295
4452
4455
3518
4210
3581
4189
4718
4388
3551
3929
4613
3030
3313
4811
3311
4382
4803
3380
4359
3038
3038
3188
3046
4102
4211
3506
4888
4894
4868
5182
3057
4397
4357
4891
4423
4704
4290
3560
4172
5174
3741
3103
3558
3359
3766
5027
3060
3216
4153
4076
4342
4477
4387
3473
4580
3855
4765
3648
4519
3070
3103
3336
3169
4352
4922
4190
5062
4182
4714
4427
3074
3379
3081
3086
3734
3614
3716
5002
4575
4329
4526
3798
4183
4518
3586
3124
3630
3718
4897
3735
3736
3364
4981
3276
3090
3105
4223
5142
4704
4963
3364
4231
4559
4796
4995
5062
3916
3319
3187
3769
3491
4503
3187
3977
3725
4965
3865
4106
4933
3600
4123
4225
3238
3187
3769
4576
4577
3441
3911
3116
3327
3421
3912
4369
3226
4908
5087
4012
3806
4324
4366
3413
4787
4163
4791
3835
3472
4015
3139
5152
5153
4719
3744
3748
3761
4719
5027
3839
4684
4068
4201
3485
4802
5169
3224
3275
3505
4921
3634
4491
4969
3769
3310
4227
4400
4646
4733
3693
3332
4139
5066
3149
4904
3266
4976
3170
4926
4276
4727
3171
4947
3969
4153
4639
4987
3377
3162
4131
5192
4619
4942
5135
3866
4943
3638
4600
3298
4761
4055
4728
3174
3865
4337
4933
3951
4246
3553
3956
4246
3918
3196
3207
3755
3182
4823
4310
5071
4228
3425
4312
4788
4968
4764
5099
4964
4273
4507
3408
3853
4612
3198
3952
4168
3202
4307
3379
3518
4132
3207
3379
3552
3604
3201
3214
4530
3536
4902
3507
5127
3207
3952
3276
3427
4214
3210
3412
3422
3906
3932
4950
4056
3334
3386
5090
4753
4770
3596
4058
4770
3436
4286
3942
3404
4426
4867
4864
3501
4236
3233
4536
4655
4784
3231
3410
4112
4133
3242
3730
4490
3667
3539
4513
3618
3256
3868
3871
5010
3961
4245
4160
4268
4331
4547
3606
4978
4134
4893
4397
3352
3811
4240
4908
3260
4006
4804
3313
3385
4304
4382
4415
3283
4928
3466
4720
3388
4904
3461
4749
3464
5136
5138
4044
4744
4748
4749
3455
3705
4236
3505
4978
5022
3470
3501
3526
5046
5099
4077
4188
4489
3414
3585
4589
5132
3286
5004
3294
3910
3594
4389
5086
3287
4598
4392
3778
4480
5117
3291
3505
4975
4979
3371
5098
4506
3640
4025
3979
4321
5072
4055
5046
4553
3690
4366
4772
4555
4524
3308
4038
4911
4926
4041
4040
3917
3314
3318
3639
3373
4356
3639
5152
4658
5012
3555
3702
4037
4537
5047
5099
3341
3342
4372
4298
4568
3326
3420
3333
3906
4053
3448
4143
4261
3541
5113
5062
3812
3660
4421
3347
3347
4683
3773
4125
4737
4435
4939
4638
3355
4375
4156
4389
3355
3370
3434
4074
4999
3670
5166
5170
3758
3866
3868
3367
4807
5170
3373
4356
3612
5018
3754
4498
4173
3363
4670
3546
3508
4160
3434
4375
3370
4298
3628
4288
4726
5097
3643
4134
4171
3451
3629
4387
5011
3393
4292
4131
3841
4617
3668
4371
4652
3556
3519
3502
4358
3386
3387
4612
4810
3465
3465
3905
4606
4522
3436
4135
4286
5083
5086
3394
3402
4292
4376
4549
4711
5107
3400
3571
4289
3908
3763
3530
4349
4759
3406
3452
3531
3409
3412
3486
3892
4186
4539
3458
3532
5181
3906
5173
3423
4493
4593
4186
4539
4264
3842
4269
4921
3419
3426
3572
3570
3650
5109
3814
4566
3913
3812
3425
5124
3429
4754
3562
3632
3641
3726
4316
3857
3883
5178
4031
3514
3561
3443
3446
3740
3441
4056
5047
4091
4593
4186
3591
3593
5073
3911
4061
4993
3456
4715
4291
5079
3592
3469
4442
4948
3469
4393
3468
4014
4044
4399
4763
3580
4748
4749
4521
4610
4335
4748
3544
3988
4521
5137
3520
4137
3986
4988
4677
4496
3532
3786
3833
4175
4702
4583
4094
4676
4746
3484
3482
4277
3484
3485
4271
3692
4805
4116
3894
4645
3813
4547
4441
4444
3903
3982
3989
3575
3701
5146
4794
3748
4544
4678
3921
4451
4661
4598
4815
4847
4856
3653
3510
5179
4463
3510
4206
4735
4733
4607
3645
4029
4986
4486
4971
5123
3518
3528
4194
4759
4607
3515
3561
3519
3522
3678
4461
4463
4405
3775
5037
3715
3530
4022
3538
4212
4827
3601
5015
4565
4578
3536
3566
5110
3831
3603
4576
3542
3640
5001
5115
3826
4280
4317
3635
4399
4432
4608
3632
3548
3635
4216
4914
4166
4623
3553
4743
4738
3744
4949
3639
3739
5166
5172
3559
3804
3647
3849
4176
3574
3654
4657
4887
4789
3651
4332
3780
3978
4126
4283
4624
4033
4627
5188
4208
4903
3724
4328
5144
3579
4407
4282
3779
5078
5088
4016
4991
3875
4430
3840
5120
4618
5013
3934
4258
3594
3593
5085
3598
3966
3601
3966
3601
4482
4875
5016
3652
4085
4582
4514
4570
3617
3611
3616
3896
3615
3617
4303
4088
4512
4321
3717
3651
4363
3636
4896
4091
4370
4592
4710
4159
4162
4964
3627
4275
5161
5162
3627
3628
4235
4099
4680
3879
4103
5045
4163
4330
5137
3993
3933
4615
4424
4112
4418
4072
4851
4625
3650
4355
3647
3804
4362
3653
4359
5125
4417
3927
4205
5179
4027
4416
3659
3684
3832
4405
4408
5011
3662
4872
3918
4165
4910
4300
4019
4549
4630
4634
4752
3672
4650
4874
5186
4215
4356
4042
4383
4939
5077
4353
3684
4577
5091
3686
4241
3709
3877
5184
4840
3785
4574
4191
4192
4699
4373
3885
3933
4326
4344
3724
4328
4544
4281
4510
3830
4616
4395
3810
5149
3710
3711
5157
4258
4311
4882
4886
4917
3717
4742
3720
3762
4244
3956
4389
4589
3798
3803
4574
3799
4518
4546
4234
3727
4255
4597
5152
3917
4234
4215
5174
4238
4239
4814
4812
4814
4812
3783
3825
3886
4114
3992
4632
4734
5125
5155
4198
3760
3750
4289
4631
3753
3756
3757
4818
4095
4369
4706
5055
4924
4927
4033
5189
4102
5075
3914
4017
4209
3777
4128
4737
5190
4759
4936
4647
4454
4041
4704
3784
4979
3830
4307
4480
4989
3858
5117
3926
4259
4250
4270
3950
4379
3989
4519
4861
4023
3868
5116
4282
4735
4938
3957
4675
4788
3816
4488
4831
4742
4772
4845
4831
4833
4980
3937
4835
5184
5072
3806
4863
4003
4824
3809
3934
4258
3811
4439
3815
3908
4107
4792
5090
3817
3889
3921
4775
4959
4726
4959
4115
5076
4561
4959
4310
4443
5159
5163
4309
4564
3829
4105
3856
4120
4189
5023
5160
4679
4483
5023
4618
4620
3984
4984
3933
4287
4671
4502
5101
4048
4783
4456
4736
4982
4409
4346
3886
4472
4039
4080
4450
4266
3922
4821
4843
4832
3876
4458
4781
4466
4346
5179
4067
4049
3892
3897
3893
3894
3898
4363
4682
3898
4823
4447
3904
4486
4970
5123
4266
3954
4116
4800
4462
4635
4336
4051
4929
4970
4484
4628
4110
4273
3913
4074
4198
4203
4476
4869
4141
4139
4261
4106
4873
4476
4252
4501
4565
3928
4446
4449
5073
3970
4686
4723
5067
3936
4260
4032
4951
5034
4485
5124
3948
3950
3949
4384
3950
3957
4889
4889
5086
4111
4463
4065
4898
4077
4052
4098
4438
4297
4380
4451
4832
4834
3973
4766
4937
4939
3973
3984
4517
3976
4934
4946
4946
4682
4575
4228
4400
4861
4001
4923
5065
4609
4610
3991
4151
4861
5029
4207
4713
4737
4025
5176
4255
4934
4140
4000
4090
4258
4284
4915
4953
5140
4891
5140
5141
5053
4747
4540
4705
4720
4498
4538
4673
4680
4917
5025
4411
5108
4275
4197
4203
4209
4029
4553
4977
4902
4419
4727
4811
4905
4614
4505
5109
4358
4887
5134
4038
4295
4295
5037
4710
4257
4524
4994
4839
4937
4487
4485
4100
4560
4762
4716
4944
4569
4065
4161
4070
4242
4587
5119
4608
4990
4567
4931
4089
4310
4087
4104
4579
4108
4089
4093
5001
4793
4385
4672
4249
4705
4372
4334
5074
4148
4150
4865
4928
4150
5112
4570
4220
4323
4409
4410
4697
4348
5178
4206
4364
4124
4171
4199
4681
4707
4826
4942
4194
4289
5190
4648
4169
4294
5082
4202
4149
4142
4149
4503
4236
4146
5016
4672
4151
4753
4164
4425
4427
4157
4162
4962
4437
4776
4595
4436
4197
4300
4447
4823
4176
5077
4171
4698
5156
5070
4176
5174
4177
4192
4757
4181
4184
4182
4187
4760
4184
4474
4574
4860
4459
4718
4190
4191
4468
4760
4199
4197
4203
5118
5121
5122
4199
4203
4520
4650
4465
5125
5126
4344
4681
4820
4304
4701
5170
4217
4219
4218
4219
4701
4629
4637
4802
4629
4239
4946
4694
5005
4366
5058
4634
4286
5110
4296
5081
4878
4238
4239
4261
4961
4803
4511
5115
4243
4599
4608
4990
4599
4248
4526
4315
4993
4254
4442
5021
4529
5053
4316
4370
4385
4888
4591
4912
4494
5038
4274
5124
4811
4509
5038
4340
4281
5154
4627
4813
4515
4860
4899
4954
5140
4568
4622
5081
4631
4807
4681
5185
5070
4774
4368
4605
5136
5111
4399
4481
4521
5136
5154
4805
4876
4448
5173
4382
4822
4696
5004
5187
4374
5191
4773
4328
4333
4334
4334
4684
4626
4475
4342
5019
4957
4415
4343
5031
4475
4827
5178
4350
4354
4359
4827
4351
4453
4643
4418
5180
4951
5192
5141
4666
5108
4367
4384
4371
4415
5158
5157
4376
5194
4785
4839
4940
5162
4541
4406
4894
5167
4596
5193
4420
4800
5063
4403
4420
4422
4505
4951
5141
4632
5183
4692
4534
5188
5114
5151
5151
5151
5148
4434
4435
4994
5158
4962
5143
4491
4989
4444
4573
4450
4445
4959
4660
5178
4657
4633
4458
4460
4459
4460
4492
4799
4800
4472
4492
4469
4714
4470
4482
4519
4520
4605
4522
4763
4958
4629
5123
4488
4879
4548
4653
4525
4580
4502
4508
4636
4506
5012
4876
4512
4516
5017
4516
4516
4915
5017
4849
4860
5022
4975
4535
4551
4536
4654
4537
4943
4556
4543
5131
4557
5054
4552
5189
4554
4707
4817
5048
4916
4558
4581
5059
5040
4795
5039
4582
4700
5069
4699
4807
5024
4601
5041
4603
4870
4604
5145
5138
5092
5137
4621
4773
5006
4938
4621
4626
4623
5007
4754
4626
5074
4816
4972
5056
5081
4736
4806
4970
4639
4881
4642
5092
4815
4922
4922
5092
4652
4714
4659
4664
4676
4655
4960
4663
4662
4664
4666
5108
5183
4671
4955
4690
4677
4859
5150
4982
5153
4895
4895
4693
4739
4850
4699
4950
4700
4703
4716
4945
4718
4725
5160
4724
4723
4724
5116
4736
4741
4743
5187
4752
5057
5109
4756
4762
4945
5046
4770
4918
5045
4817
4941
4860
4885
4779
4781
5131
4779
5113
4873
4830
4784
4813
4816
5110
4791
5118
4813
4862
4819
4927
5128
5079
4830
4845
5072
4837
4846
5054
4914
4917
4872
4866
4870
4867
4870
5148
4874
5100
4880
4995
5062
4963
4884
5002
4886
4916
4951
4893
4950
4919
4916
4919
4913
4907
5068
5078
5005
5095
5117
5055
4935
4973
5048
4929
4935
4940
4941
4973
4942
5192
4953
4955
5139
4954
4955
4958
4971
5050
5168
5060
5022
4981
5134
5119
4995
4996
5003
5003
5017
5115
5006
5028
5007
5013
5028
5010
5083
5085
5016
5158
5165
5063
5035
5034
5043
5163
5052
5052
5052
5058
5064
5127
5073
5070
5089
5087
5089
5086
5089
5094
5096
5105
5105
5098
5193
5127
5130
5132
5135
5142
5147
5148
5149
5150
5150
5156
5170
5174
5164
5175
)


// ************************************************************************* //
