/*--------------------------------*- C++ -*----------------------------------*\
| =========                 |                                                 |
| \\      /  F ield         | OpenFOAM: The Open Source CFD Toolbox           |
|  \\    /   O peration     | Version:  2312                                  |
|   \\  /    A nd           | Website:  www.openfoam.com                      |
|    \\/     M anipulation  |                                                 |
\*---------------------------------------------------------------------------*/
FoamFile
{
    version     2.0;
    format      ascii;
    arch        "LSB;label=32;scalar=64";
    class       vectorField;
    location    "constant/tube/polyMesh";
    object      points;
}
// * * * * * * * * * * * * * * * * * * * * * * * * * * * * * * * * * * * * * //


1623
(
(0.007 -1.71451e-18 0)
(0.007 -1.71451e-18 0.2)
(0.00668065 0.0020902 0)
(0.0057427 0.00400267 0)
(0.00425281 0.00556 0)
(0.00249457 0.00654042 0)
(0.000479934 0.00698353 0)
(-0.00173013 0.00678282 0)
(-0.00358274 0.00601365 0)
(-0.00514114 0.00475065 0)
(-0.00627736 0.00309753 0)
(-0.0068981 0.00119005 0)
(-0.00695238 -0.000815156 0)
(-0.00633959 -0.0029681 0)
(-0.00511656 -0.00477712 0)
(-0.00355165 -0.00603206 0)
(-0.00158697 -0.00681774 0)
(0.000509224 -0.00698145 0)
(0.00259462 -0.00650138 0)
(0.00439133 -0.00545126 0)
(0.00581271 -0.00390031 0)
(0.00671259 -0.00198524 0)
(0.00668048 0.00209073 0.2)
(0.00574263 0.00400278 0.2)
(0.00425295 0.00555989 0.2)
(0.00249514 0.0065402 0.2)
(0.000480762 0.00698347 0.2)
(-0.00172901 0.00678311 0.2)
(-0.00358147 0.0060144 0.2)
(-0.00513992 0.00475197 0.2)
(-0.00627643 0.00309943 0.2)
(-0.00689768 0.00119245 0.2)
(-0.0069527 -0.000812412 0.2)
(-0.0063409 -0.00296531 0.2)
(-0.00511888 -0.00477463 0.2)
(-0.00355487 -0.00603017 0.2)
(-0.00159091 -0.00681682 0.2)
(0.000504009 -0.00698183 0.2)
(0.00258941 -0.00650346 0.2)
(0.00438742 -0.0054544 0.2)
(0.00580973 -0.00390475 0.2)
(0.00671124 -0.0019898 0.2)
(0.007 -1.71451e-18 0.00199516)
(0.007 -1.71451e-18 0.00418931)
(0.007 -1.71451e-18 0.00653267)
(0.007 -1.71451e-18 0.00877433)
(0.007 -1.71451e-18 0.0109235)
(0.007 -1.71451e-18 0.0130387)
(0.007 -1.71451e-18 0.0155535)
(0.007 -1.71451e-18 0.0175522)
(0.007 -1.71451e-18 0.0197464)
(0.007 -1.71451e-18 0.022073)
(0.007 -1.71451e-18 0.0243314)
(0.007 -1.71451e-18 0.0264722)
(0.007 -1.71451e-18 0.0286263)
(0.007 -1.71451e-18 0.0310871)
(0.007 -1.71451e-18 0.0330859)
(0.007 -1.71451e-18 0.0353126)
(0.007 -1.71451e-18 0.0376713)
(0.007 -1.71451e-18 0.039903)
(0.007 -1.71451e-18 0.042209)
(0.007 -1.71451e-18 0.044326)
(0.007 -1.71451e-18 0.0464801)
(0.007 -1.71451e-18 0.0489973)
(0.007 -1.71451e-18 0.050996)
(0.007 -1.71451e-18 0.0532228)
(0.007 -1.71451e-18 0.0554687)
(0.007 -1.71451e-18 0.0577843)
(0.007 -1.71451e-18 0.0598965)
(0.007 -1.71451e-18 0.0620506)
(0.007 -1.71451e-18 0.0645726)
(0.007 -1.71451e-18 0.0665713)
(0.007 -1.71451e-18 0.0687655)
(0.007 -1.71451e-18 0.0710218)
(0.007 -1.71451e-18 0.0733505)
(0.007 -1.71451e-18 0.0754561)
(0.007 -1.71451e-18 0.0775713)
(0.007 -1.71451e-18 0.0801297)
(0.007 -1.71451e-18 0.0821284)
(0.007 -1.71451e-18 0.0843226)
(0.007 -1.71451e-18 0.0865622)
(0.007 -1.71451e-18 0.0889076)
(0.007 -1.71451e-18 0.0910048)
(0.007 -1.71451e-18 0.09312)
(0.007 -1.71451e-18 0.0956868)
(0.007 -1.71451e-18 0.0976855)
(0.007 -1.71451e-18 0.0998797)
(0.007 -1.71451e-18 0.102103)
(0.007 -1.71451e-18 0.104465)
(0.007 -1.71451e-18 0.106554)
(0.007 -1.71451e-18 0.108669)
(0.007 -1.71451e-18 0.111188)
(0.007 -1.71451e-18 0.113187)
(0.007 -1.71451e-18 0.115413)
(0.007 -1.71451e-18 0.117656)
(0.007 -1.71451e-18 0.119975)
(0.007 -1.71451e-18 0.122085)
(0.007 -1.71451e-18 0.124239)
(0.007 -1.71451e-18 0.126427)
(0.007 -1.71451e-18 0.128908)
(0.007 -1.71451e-18 0.130989)
(0.007 -1.71451e-18 0.133215)
(0.007 -1.71451e-18 0.135372)
(0.007 -1.71451e-18 0.137777)
(0.007 -1.71451e-18 0.13981)
(0.007 -1.71451e-18 0.142002)
(0.007 -1.71451e-18 0.144474)
(0.007 -1.71451e-18 0.146564)
(0.007 -1.71451e-18 0.148789)
(0.007 -1.71451e-18 0.150943)
(0.007 -1.71451e-18 0.153352)
(0.007 -1.71451e-18 0.15538)
(0.007 -1.71451e-18 0.157545)
(0.007 -1.71451e-18 0.160027)
(0.007 -1.71451e-18 0.16213)
(0.007 -1.71451e-18 0.164324)
(0.007 -1.71451e-18 0.166464)
(0.007 -1.71451e-18 0.168909)
(0.007 -1.71451e-18 0.170929)
(0.007 -1.71451e-18 0.173102)
(0.007 -1.71451e-18 0.175567)
(0.007 -1.71451e-18 0.177687)
(0.007 -1.71451e-18 0.179881)
(0.007 -1.71451e-18 0.182012)
(0.007 -1.71451e-18 0.184466)
(0.007 -1.71451e-18 0.186478)
(0.007 -1.71451e-18 0.188659)
(0.007 -1.71451e-18 0.191108)
(0.007 -1.71451e-18 0.193244)
(0.007 -1.71451e-18 0.195438)
(0.007 -1.71451e-18 0.1976)
(0.00507653 0.00110792 0)
(0.0044306 0.00304995 0)
(0.0025537 0.00415146 0)
(0.000441454 0.00517489 0)
(-0.00158005 0.00453102 0)
(-0.00346363 0.00360753 0)
(-0.00504446 0.00233464 0)
(-0.00498603 0.000121268 0)
(-0.00469643 -0.00216361 0)
(-0.00297215 -0.00356918 0)
(-0.00114894 -0.00496139 0)
(0.00110807 -0.00453395 0)
(0.00337043 -0.00409368 0)
(0.00460776 -0.002524 0)
(0.00468597 -0.000651502 0)
(0.00279503 0.00117719 0)
(0.000512155 0.00279417 0)
(-0.00159297 0.0018827 0)
(-0.00349408 0.00139808 0)
(-0.00257792 -0.000813171 0)
(-0.000513706 -0.00262168 0)
(0.00232504 -0.00177233 0)
(0.000205215 4.6115e-05 0)
(0.004677 0.00119755 0.2)
(0.00433829 0.00325377 0.2)
(0.00240392 0.00449544 0.2)
(0.000357793 0.00530165 0.2)
(-0.00182925 0.00467118 0.2)
(-0.00391329 0.00363655 0.2)
(-0.00453567 0.0014931 0.2)
(-0.00501917 -0.000637193 0.2)
(-0.00392258 -0.00269128 0.2)
(-0.00263963 -0.00461412 0.2)
(-0.000423293 -0.00498766 0.2)
(0.00188301 -0.00507576 0.2)
(0.00482615 -0.00246964 0.2)
(0.00485606 -0.000680818 0.2)
(0.00350414 -0.00374012 0.2)
(0.00246611 0.00226007 0.2)
(0.000193988 0.00333643 0.2)
(-0.00216529 0.0021771 0.2)
(0.00289933 -0.00178105 0.2)
(-0.00249264 -0.000326313 0.2)
(-0.00142879 -0.0028089 0.2)
(0.00110041 -0.00327872 0.2)
(0.0026363 0.00019578 0.2)
(0.00036875 -0.0011266 0.2)
(0.000105072 0.00105943 0.2)
(0.00643989 0.00274369 0.198244)
(0.00524234 0.00463873 0.198133)
(0.00359532 0.00600614 0.197962)
(0.00162593 0.00680855 0.197901)
(-0.0004965 0.00698237 0.197812)
(-0.00255959 0.00651525 0.197773)
(-0.00435793 0.00547799 0.197714)
(-0.00576904 0.00396462 0.19775)
(-0.00665803 0.00216117 0.197713)
(-0.00699915 0.000109017 0.197696)
(-0.00671082 -0.00199122 0.197726)
(-0.00578405 -0.00394269 0.197746)
(-0.00436305 -0.00547392 0.197739)
(-0.00250328 -0.00653709 0.197781)
(-0.000470078 -0.0069842 0.197761)
(0.00166175 -0.0067999 0.197791)
(0.00363302 -0.00598341 0.197868)
(0.00523043 -0.00465216 0.197924)
(0.00631539 -0.00301925 0.198107)
(0.00687159 -0.00133465 0.198491)
(0.00680445 -0.00164299 0.00282682)
(0.00677917 -0.00174438 0.00742239)
(0.00668408 -0.00207919 0.0118771)
(0.00678281 -0.00173017 0.0165037)
(0.00662236 -0.0022681 0.0207875)
(0.00663399 -0.00223386 0.0254838)
(0.00664412 -0.00220354 0.0301425)
(0.00668257 -0.00208405 0.034191)
(0.00678311 -0.00172901 0.0386342)
(0.00662482 -0.00226092 0.04327)
(0.00649587 -0.00260837 0.0476416)
(0.00661976 -0.0022757 0.052003)
(0.00661474 -0.00229025 0.0566721)
(0.0067806 -0.0017388 0.0610075)
(0.00671964 -0.00196125 0.0654668)
(0.00660059 -0.00233072 0.0699186)
(0.00668065 -0.00209021 0.0745388)
(0.00651115 -0.00257001 0.0787886)
(0.00660462 -0.00231927 0.0831561)
(0.00661713 -0.00228332 0.0878263)
(0.00677737 -0.00175137 0.0921398)
(0.00671898 -0.00196348 0.0965983)
(0.00660619 -0.00231479 0.101035)
(0.00668408 -0.0020792 0.105666)
(0.00652425 -0.00253657 0.109933)
(0.00662076 -0.00227277 0.114315)
(0.00660991 -0.00230416 0.119068)
(0.00682977 -0.00153436 0.123271)
(0.00661433 -0.00229142 0.127727)
(0.00665715 -0.00216387 0.132026)
(0.00645461 -0.00270887 0.136472)
(0.00663275 -0.00223756 0.140965)
(0.00677251 -0.00177007 0.145511)
(0.00674844 -0.00185972 0.149771)
(0.00673901 -0.00189361 0.154335)
(0.00663355 -0.00223516 0.158913)
(0.00666285 -0.00214627 0.163139)
(0.00645765 -0.00270162 0.167554)
(0.00664079 -0.00221357 0.172051)
(0.00678422 -0.00172463 0.1766)
(0.00676735 -0.00178968 0.180846)
(0.0067593 -0.00181984 0.185445)
(0.00667004 -0.0021238 0.190071)
(0.00674373 -0.00187674 0.194327)
(0.00681118 -0.00161488 0.196568)
(0.00621994 0.00321129 0.00148404)
(0.00351822 0.00605162 0.00188133)
(-0.000509466 0.00698144 0.00206965)
(-0.00435013 0.00548419 0.0020884)
(-0.00666654 0.00213478 0.00210662)
(-0.00671034 -0.00199283 0.00215449)
(-0.00435391 -0.00548119 0.00211738)
(-0.000416531 -0.0069876 0.0021223)
(0.00363499 -0.00598221 0.00205441)
(0.00626955 -0.00311331 0.00159496)
(0.0067967 0.00167477 0.00274302)
(0.00675889 0.00182136 0.00511453)
(0.00671002 0.00199389 0.00739671)
(0.00665134 0.00218166 0.00962292)
(0.00659357 0.00235049 0.0119115)
(0.00657031 0.00241476 0.014206)
(0.00652895 0.00252444 0.0164713)
(0.00652242 0.00254126 0.0187005)
(0.00652374 0.00253787 0.0209431)
(0.00651878 0.0025506 0.023186)
(0.00651247 0.00256665 0.0254089)
(0.00651388 0.00256307 0.0276232)
(0.00652522 0.00253406 0.0298589)
(0.00650864 0.00257635 0.0320844)
(0.00651724 0.00255453 0.0342976)
(0.00652487 0.00253497 0.0365416)
(0.00652147 0.00254371 0.0387946)
(0.00652312 0.00253948 0.0410402)
(0.00651594 0.00255784 0.0432691)
(0.00651904 0.00254993 0.0454877)
(0.00653254 0.00251515 0.0477324)
(0.00651258 0.00256637 0.0499628)
(0.00651873 0.00255071 0.0521681)
(0.00652152 0.00254358 0.0543897)
(0.00652448 0.00253598 0.0566216)
(0.00651734 0.00255428 0.0588435)
(0.00652086 0.00254526 0.0610579)
(0.00653459 0.00250981 0.0633011)
(0.00651402 0.00256272 0.0655307)
(0.00651799 0.00255261 0.0677326)
(0.00652044 0.00254635 0.0699519)
(0.00652061 0.0025459 0.0721838)
(0.00650919 0.00257498 0.0744021)
(0.0065097 0.00257367 0.0766083)
(0.00652644 0.00253092 0.0788471)
(0.00650579 0.00258355 0.0810774)
(0.00651203 0.00256777 0.083279)
(0.00651705 0.00255501 0.0854969)
(0.00652152 0.00254358 0.0877297)
(0.0065115 0.00256912 0.0899507)
(0.00651315 0.00256494 0.092159)
(0.00652973 0.00252243 0.0944002)
(0.00650773 0.00257864 0.0966307)
(0.00651323 0.00256472 0.0988294)
(0.00651822 0.00255202 0.101042)
(0.0065254 0.00253361 0.103272)
(0.00651623 0.00255709 0.105491)
(0.00651924 0.0025494 0.107695)
(0.00653503 0.00250866 0.109928)
(0.00651624 0.00255707 0.112152)
(0.00652391 0.00253743 0.114353)
(0.00652786 0.00252725 0.116571)
(0.00653139 0.00251813 0.1188)
(0.00652279 0.00254031 0.121017)
(0.00652276 0.0025404 0.123218)
(0.00652486 0.00253499 0.125433)
(0.00653405 0.00251122 0.127678)
(0.00651662 0.0025561 0.129915)
(0.00651807 0.0025524 0.132129)
(0.00651604 0.00255758 0.134346)
(0.00652392 0.00253741 0.136576)
(0.0065096 0.00257394 0.138795)
(0.00651558 0.00255874 0.141005)
(0.00652656 0.00253061 0.143248)
(0.00651167 0.00256868 0.145485)
(0.00651457 0.00256133 0.147698)
(0.00651401 0.00256276 0.149914)
(0.00652341 0.00253873 0.152142)
(0.00650951 0.00257416 0.154359)
(0.00651549 0.00255899 0.156564)
(0.00652859 0.00252537 0.158803)
(0.00651392 0.00256298 0.16104)
(0.00651466 0.00256109 0.163252)
(0.00651394 0.00256293 0.165465)
(0.00652408 0.002537 0.167698)
(0.00650725 0.00257987 0.169921)
(0.00651282 0.00256577 0.172131)
(0.00652598 0.0025321 0.174376)
(0.00651602 0.00255763 0.176622)
(0.00652256 0.0025409 0.178848)
(0.0065318 0.00251707 0.181078)
(0.00655727 0.00244994 0.183335)
(0.00656353 0.00243311 0.185591)
(0.00660016 0.00233194 0.187841)
(0.00665941 0.0021569 0.190145)
(0.00670392 0.00201431 0.19235)
(0.00675499 0.00183577 0.1945)
(0.00681174 0.00161251 0.1965)
(0.00677302 -0.00176812 0.00516333)
(0.006744 -0.00187575 0.00968236)
(0.00655265 -0.00246228 0.0143648)
(0.00667182 -0.0021182 0.0185269)
(0.00663568 -0.00222885 0.0231389)
(0.0066232 -0.00226566 0.0278185)
(0.0067849 -0.00172198 0.0321544)
(0.00670049 -0.00202569 0.0364751)
(0.00647744 -0.00265382 0.0407486)
(0.00675997 -0.00181734 0.0454119)
(0.00672863 -0.00193017 0.0499032)
(0.00660792 -0.00230986 0.0543283)
(0.00668406 -0.00207925 0.0589415)
(0.00650563 -0.00258395 0.0631975)
(0.00660827 -0.00230883 0.0675816)
(0.00660533 -0.00231724 0.0722798)
(0.00678067 -0.00173854 0.0765847)
(0.0067194 -0.00196206 0.0810454)
(0.00659498 -0.00234653 0.085479)
(0.00667787 -0.00209906 0.090096)
(0.00650505 -0.00258539 0.0943437)
(0.00661054 -0.00230234 0.0987073)
(0.00661307 -0.00229507 0.103398)
(0.00678392 -0.00172583 0.107706)
(0.00673493 -0.00190805 0.112179)
(0.00661492 -0.00228972 0.116693)
(0.0067059 -0.00200771 0.121313)
(0.00667544 -0.00210679 0.125332)
(0.00676327 -0.00180504 0.129912)
(0.00674817 -0.00186069 0.134211)
(0.00674098 -0.00188657 0.138786)
(0.00663588 -0.00222825 0.143375)
(0.00666446 -0.00214125 0.1476)
(0.00645197 -0.00271516 0.152014)
(0.00662857 -0.00224991 0.156505)
(0.00677182 -0.0017727 0.161055)
(0.00674857 -0.00185925 0.165305)
(0.00674425 -0.00187487 0.169883)
(0.00664936 -0.00218768 0.17446)
(0.0066857 -0.002074 0.178682)
(0.00649523 -0.00260997 0.183098)
(0.00666568 -0.00213745 0.187624)
(0.00680333 -0.00164762 0.192225)
(-0.00255921 0.0065154 0.00207865)
(0.0051094 0.00478477 0.00171873)
(0.00159137 0.00681671 0.0019822)
(-0.00575778 0.00398096 0.00209789)
(-0.00699936 9.48657e-05 0.00212165)
(-0.00579802 -0.00392211 0.0021555)
(-0.00250635 -0.00653592 0.00210231)
(0.00170984 -0.00678796 0.00212438)
(0.00519054 -0.00469663 0.00186621)
(0.00472133 0.00516808 0.195929)
(0.00287495 0.00638237 0.195672)
(0.000786759 0.00695565 0.195494)
(-0.00138595 0.00686142 0.195352)
(-0.00339734 0.0061203 0.195247)
(-0.00507367 0.00482265 0.195193)
(-0.00627137 0.00310966 0.19517)
(-0.00690957 0.00112152 0.195178)
(-0.00693037 -0.000984876 0.195213)
(-0.00631173 -0.00302689 0.195249)
(-0.00509437 -0.00480077 0.195245)
(-0.0033891 -0.00612486 0.195238)
(-0.00136803 -0.00686502 0.195231)
(0.000784848 -0.00695586 0.195305)
(0.00287403 -0.00638279 0.195485)
(0.00475754 -0.00513477 0.19555)
(0.00609852 -0.00343629 0.195805)
(0.000756472 0.006959 0.00456463)
(0.00600839 -0.00359155 0.0061343)
(0.00566923 -0.00410607 0.0125359)
(0.00571693 -0.00403939 0.010315)
(0.0053783 -0.00448039 0.0217284)
(0.00585953 -0.00382961 0.0167096)
(0.00538562 -0.00447159 0.0268814)
(0.00575084 -0.00399097 0.0323424)
(0.00567858 -0.00409314 0.0353009)
(0.00588681 -0.00378754 0.0380197)
(0.00521537 -0.00466903 0.0425533)
(0.00573622 -0.00401195 0.0451345)
(0.00546501 -0.00437421 0.0500863)
(0.00544872 -0.00439449 0.0529874)
(0.00555316 -0.00426174 0.0581207)
(0.00584908 -0.00384555 0.0606746)
(0.00535964 -0.00450269 0.0655934)
(0.00526337 -0.00461486 0.0685793)
(0.00552992 -0.00429185 0.0738083)
(0.00585146 -0.00384193 0.076318)
(0.00535106 -0.00451288 0.0812302)
(0.00522205 -0.00466156 0.0841761)
(0.00551369 -0.00431268 0.0893897)
(0.00583012 -0.00387424 0.0918948)
(0.00534388 -0.00452138 0.0967738)
(0.00527994 -0.0045959 0.0997362)
(0.00555837 -0.00425494 0.104967)
(0.0058663 -0.00381923 0.107497)
(0.00550314 -0.00432614 0.112502)
(0.00543891 -0.00440661 0.115502)
(0.00561113 -0.00418512 0.120875)
(0.00608285 -0.00346395 0.123386)
(0.00529717 -0.00457602 0.126261)
(0.00560393 -0.00419476 0.130025)
(0.00566466 -0.00411238 0.133609)
(0.00564749 -0.00413592 0.139158)
(0.00544578 -0.00439812 0.142259)
(0.00565523 -0.00412533 0.145638)
(0.00566113 -0.00411723 0.14913)
(0.00563488 -0.00415309 0.154661)
(0.00543063 -0.00441681 0.157761)
(0.00564859 -0.00413442 0.161156)
(0.00566156 -0.00411664 0.164656)
(0.00566797 -0.00410782 0.170203)
(0.00550113 -0.0043287 0.173299)
(0.00573471 -0.00401411 0.176691)
(0.0057806 -0.00394774 0.180171)
(0.00575071 -0.00399116 0.185783)
(0.00563671 -0.00415061 0.188897)
(0.00585669 -0.00383395 0.192539)
(0.00285638 0.0063907 0.00435321)
(-0.00692775 -0.00100315 0.00482565)
(-0.00627905 0.00309411 0.00477227)
(-0.00506959 0.00482693 0.00474419)
(0.00467629 0.00520887 0.00404974)
(-0.00338887 0.00612499 0.00472065)
(0.00609975 -0.00343409 0.00830961)
(0.00603164 0.00355237 0.00361519)
(-0.00509985 -0.00479495 0.00479453)
(-0.0013213 -0.00687417 0.00476684)
(0.00303904 -0.00630589 0.00487622)
(0.00546866 -0.00436964 0.0294929)
(0.00608133 0.00346661 0.196259)
(0.00552356 -0.00430003 0.0192111)
(0.00535226 -0.00451146 0.0242903)
(0.00583404 0.00386833 0.00588662)
(0.00562384 0.00416803 0.00821249)
(0.00542853 0.0044194 0.0105344)
(0.00526105 0.0046175 0.0128942)
(0.00513161 0.00476094 0.0152274)
(0.00505059 0.00484681 0.0175407)
(0.00501925 0.00487926 0.0198237)
(0.00500378 0.00489512 0.0220803)
(0.00499145 0.00490769 0.0243193)
(0.00498655 0.00491267 0.0265488)
(0.00499152 0.00490762 0.0287757)
(0.00499019 0.00490897 0.0309999)
(0.00499062 0.00490854 0.0332302)
(0.00500306 0.00489585 0.0354637)
(0.00501004 0.00488871 0.0377021)
(0.00501098 0.00488775 0.039943)
(0.00500844 0.00489036 0.0421791)
(0.00500811 0.00489069 0.0444125)
(0.00501543 0.00488318 0.0466431)
(0.00500987 0.00488889 0.0488667)
(0.00500036 0.00489861 0.0510908)
(0.00500344 0.00489547 0.0533098)
(0.0050093 0.00488947 0.0555309)
(0.00501184 0.00488686 0.057754)
(0.00501456 0.00488408 0.0599807)
(0.00502339 0.00487499 0.0622088)
(0.00501827 0.00488026 0.0644317)
(0.00500704 0.00489178 0.0666562)
(0.00500465 0.00489423 0.0688776)
(0.00499854 0.00490047 0.0710998)
(0.00498353 0.00491574 0.0733193)
(0.00497147 0.00492793 0.0755382)
(0.00497603 0.00492333 0.0777582)
(0.00497563 0.00492373 0.0799753)
(0.00497383 0.00492554 0.0821972)
(0.00498458 0.00491467 0.0844176)
(0.00499378 0.00490532 0.0866404)
(0.00499247 0.00490665 0.0888625)
(0.00498819 0.004911 0.0910863)
(0.00499294 0.00490617 0.0933113)
(0.00498613 0.00491309 0.0955298)
(0.00497733 0.00492201 0.0977478)
(0.00498669 0.00491253 0.0999608)
(0.0050019 0.00489704 0.102177)
(0.00500961 0.00488915 0.104396)
(0.00501265 0.00488603 0.106618)
(0.0050221 0.00487632 0.108841)
(0.00501988 0.00487861 0.111056)
(0.00501646 0.00488212 0.113273)
(0.00502812 0.00487011 0.115486)
(0.00503973 0.0048581 0.117704)
(0.00504072 0.00485707 0.119924)
(0.00503475 0.00486326 0.122146)
(0.00503119 0.00486694 0.124367)
(0.00503002 0.00486815 0.126591)
(0.00501859 0.00487994 0.128816)
(0.00500355 0.00489535 0.131043)
(0.00499745 0.00490158 0.133266)
(0.0049969 0.00490214 0.135489)
(0.004992 0.00490714 0.13771)
(0.00498808 0.00491112 0.139934)
(0.00499465 0.00490443 0.14216)
(0.00499144 0.0049077 0.144385)
(0.00498434 0.00491491 0.146611)
(0.00498542 0.00491382 0.148833)
(0.00499105 0.0049081 0.151054)
(0.0049906 0.00490855 0.153272)
(0.00498992 0.00490924 0.155494)
(0.00500022 0.00489875 0.157718)
(0.00500006 0.00489891 0.159942)
(0.00499285 0.00490627 0.162168)
(0.00499152 0.00490762 0.164393)
(0.00499327 0.00490584 0.166621)
(0.0049859 0.00491333 0.168847)
(0.00497922 0.0049201 0.171078)
(0.00498992 0.00490925 0.173314)
(0.00500002 0.00489896 0.175557)
(0.00501488 0.00488375 0.177812)
(0.00504949 0.00484795 0.180076)
(0.00510788 0.00478639 0.182356)
(0.00518216 0.00470587 0.184653)
(0.00528894 0.00458554 0.186975)
(0.00544403 0.00440029 0.189315)
(0.00562005 0.00417313 0.191646)
(0.00582695 0.003879 0.193973)
(0.00612833 -0.00338283 0.00378399)
(-0.00691296 0.00110044 0.0048023)
(0.00452632 -0.0053397 0.039842)
(-0.00138658 0.0068613 0.00467679)
(0.00437071 -0.0054678 0.0473222)
(0.00541973 -0.00443019 0.0555602)
(0.00534695 -0.00451775 0.0712924)
(0.0052905 -0.00458373 0.0868344)
(0.00538915 -0.00446733 0.10244)
(0.00532679 -0.00454151 0.118303)
(0.00394332 -0.00578362 0.136377)
(0.00387544 -0.00582932 0.151778)
(0.00391741 -0.0058012 0.167297)
(0.00436813 -0.00546986 0.182739)
(-0.00630621 -0.00303837 0.00482776)
(0.00460553 -0.00527153 0.0144844)
(0.00480295 -0.00509232 0.00449036)
(-0.00338322 -0.00612812 0.00474873)
(0.000928564 -0.00693814 0.00486043)
(0.00455107 -0.00531862 0.109724)
(0.00440336 -0.00544154 0.0939977)
(0.00449652 -0.00536483 0.0784065)
(0.00446757 -0.00538895 0.0627139)
(0.00220883 0.00664237 0.193141)
(-1.43354e-05 0.00699999 0.192862)
(-0.00220619 0.00664325 0.192652)
(-0.0041738 0.00561956 0.192499)
(-0.00569624 0.00406851 0.192408)
(-0.00665994 0.00215526 0.192385)
(-0.00699976 5.80583e-05 0.192429)
(-0.00669311 -0.00204994 0.192525)
(-0.00574061 -0.00400567 0.192576)
(-0.0042047 -0.00559647 0.192544)
(-0.00224043 -0.00663178 0.192472)
(-2.51663e-05 -0.00699995 0.192496)
(0.00217735 -0.00665275 0.192746)
(0.00410488 -0.00567009 0.193287)
(-0.0066779 -0.00209895 0.0075395)
(-0.0042003 -0.00559977 0.00741217)
(-4.46525e-05 0.00699986 0.00719349)
(0.00393954 -0.00578619 0.0369804)
(0.00337479 -0.00613277 0.0445502)
(0.00279913 -0.00641599 0.0830511)
(0.00293455 -0.00635519 0.06732)
(0.00330928 -0.00616836 0.0570542)
(0.00374701 -0.00591269 0.0598778)
(0.00289921 -0.00637139 0.098575)
(0.00314919 -0.00625161 0.0542829)
(0.00319323 -0.00622923 0.0729061)
(0.00372551 -0.00592626 0.0756417)
(0.00362284 -0.00598958 0.114386)
(0.00308138 -0.00628531 0.0701898)
(0.00320321 -0.0062241 0.0885621)
(0.00365011 -0.005973 0.0912741)
(0.00295581 -0.00634533 0.0858314)
(0.00341238 -0.00611193 0.132301)
(0.00335672 -0.00614267 0.104131)
(0.00376793 -0.00589938 0.106944)
(0.0031978 -0.00622689 0.101393)
(0.00290818 -0.0063673 0.120767)
(0.0044957 -0.00536551 0.123215)
(0.00321269 -0.00621921 0.15943)
(0.0033744 -0.00613298 0.147693)
(0.00347512 -0.00607647 0.174977)
(0.00336927 -0.0061358 0.16316)
(0.00375084 -0.00591026 0.178663)
(0.00238656 -0.0065806 0.00778213)
(0.00324814 -0.00620077 0.143986)
(0.00364443 -0.00597647 0.0340714)
(0.00375195 -0.00590956 0.0111439)
(-0.00421179 0.00559114 0.0073259)
(2.84706e-05 -0.00699994 0.00741664)
(-0.0022712 -0.0066213 0.00728434)
(-0.00572708 -0.004025 0.00750258)
(0.00382943 0.00585965 0.00890265)
(0.00342307 0.00610595 0.0113798)
(0.00310849 0.00627195 0.0137966)
(0.00288428 0.00637816 0.016234)
(0.00276373 0.00643131 0.0186242)
(0.0026931 0.00646121 0.0209487)
(0.00265367 0.0064775 0.0232233)
(0.00263469 0.00648524 0.0254692)
(0.0026288 0.00648763 0.0277014)
(0.00262892 0.00648759 0.0299276)
(0.00263587 0.00648476 0.0321549)
(0.00265049 0.0064788 0.034388)
(0.0026663 0.00647231 0.0366255)
(0.00267593 0.00646834 0.0388651)
(0.00267883 0.00646714 0.0411038)
(0.00267983 0.00646672 0.0433383)
(0.0026845 0.00646479 0.045567)
(0.00268318 0.00646534 0.0477916)
(0.00267097 0.00647039 0.0500146)
(0.00265925 0.00647521 0.0522337)
(0.00266265 0.00647382 0.0544489)
(0.00267987 0.00646671 0.0566701)
(0.00269569 0.00646013 0.0588986)
(0.00270317 0.006457 0.0611286)
(0.00270132 0.00645778 0.063353)
(0.00269347 0.00646105 0.0655746)
(0.00268308 0.00646538 0.067799)
(0.0026657 0.00647256 0.0700245)
(0.0026355 0.00648492 0.0722474)
(0.00260247 0.00649824 0.0744666)
(0.00258284 0.00650607 0.0766829)
(0.00258174 0.00650651 0.0788966)
(0.00259475 0.00650133 0.0811134)
(0.00261414 0.00649356 0.0833357)
(0.00263307 0.0064859 0.0855592)
(0.00264285 0.00648193 0.0877822)
(0.00264326 0.00648176 0.0900067)
(0.0026364 0.00648455 0.092233)
(0.00262081 0.00649087 0.0944551)
(0.00260502 0.00649722 0.0966704)
(0.0026069 0.00649647 0.0988809)
(0.00263384 0.00648559 0.101091)
(0.00266911 0.00647115 0.103307)
(0.00269445 0.00646065 0.105532)
(0.00270316 0.006457 0.107761)
(0.0026973 0.00645946 0.109983)
(0.0026908 0.00646217 0.112196)
(0.00270223 0.0064574 0.114406)
(0.00273437 0.00644385 0.116617)
(0.0027611 0.00643244 0.118837)
(0.00276554 0.00643054 0.121064)
(0.00274969 0.00643733 0.123289)
(0.00272773 0.00644667 0.125511)
(0.00270662 0.00645556 0.127735)
(0.0026826 0.00646557 0.129961)
(0.00266027 0.00647479 0.132186)
(0.00264747 0.00648004 0.134408)
(0.00264213 0.00648222 0.136629)
(0.00263957 0.00648326 0.138853)
(0.00263672 0.00648442 0.141081)
(0.00263178 0.00648643 0.143307)
(0.00262551 0.00648897 0.145531)
(0.00262285 0.00649004 0.147754)
(0.00262717 0.00648829 0.149976)
(0.00263338 0.00648578 0.152195)
(0.00264034 0.00648295 0.154416)
(0.00264736 0.00648008 0.156641)
(0.00265046 0.00647882 0.158866)
(0.00264968 0.00647914 0.16109)
(0.00264904 0.0064794 0.163318)
(0.00264686 0.00648029 0.165551)
(0.00263584 0.00648478 0.167786)
(0.00262143 0.00649062 0.170024)
(0.00261893 0.00649162 0.172267)
(0.00263747 0.00648412 0.174521)
(0.00267777 0.00646758 0.176793)
(0.00274416 0.00643969 0.179088)
(0.00284749 0.00639467 0.181409)
(0.00299828 0.00632537 0.18376)
(0.00320664 0.00622234 0.186153)
(0.00348951 0.00606822 0.18858)
(0.00384477 0.00584959 0.191064)
(0.00348431 -0.00607121 0.0517431)
(0.00302325 -0.00631347 0.128517)
(0.00360779 -0.00599865 0.186938)
(0.00341908 -0.00610818 0.171269)
(0.00327898 -0.00618452 0.155723)
(0.00332161 -0.00616173 0.140314)
(0.00425671 0.00555701 0.00645276)
(0.00252966 -0.00652693 0.0417326)
(0.00425412 0.005559 0.193519)
(0.00310593 -0.00627321 0.0229078)
(0.00229469 -0.0066132 0.0494059)
(0.00311712 -0.00626766 0.117208)
(0.0024016 -0.00657513 0.124814)
(0.00401177 -0.00573635 0.190577)
(-0.00225267 0.00662763 0.00730603)
(-0.00573059 0.00401999 0.00737636)
(0.00453868 -0.0053292 0.00766262)
(0.00370513 -0.00593902 0.0171443)
(0.00327588 -0.00618616 0.0200574)
(-0.007 7.59545e-06 0.00752867)
(0.00341165 -0.00611233 0.0312223)
(0.00221382 0.00664071 0.00688833)
(0.0025383 -0.00652358 0.111979)
(0.00211356 -0.00667329 0.0959299)
(0.00234528 -0.00659543 0.0803114)
(0.00228201 -0.00661758 0.0645818)
(-0.000780579 0.00695634 0.190171)
(-0.00299824 0.00632539 0.189888)
(-0.00486859 0.00502959 0.189674)
(-0.00621985 0.00321145 0.189548)
(-0.00691091 0.00111324 0.189519)
(-0.00692057 -0.00105153 0.18963)
(-0.00628166 -0.00308881 0.189888)
(-0.004977 -0.00492234 0.189931)
(-0.0031507 -0.00625085 0.189719)
(-0.000887121 -0.00694356 0.189631)
(0.00166094 -0.00680009 0.189781)
(-0.00667504 0.00210803 0.00746895)
(0.00305922 -0.00629612 0.0256568)
(0.00164736 -0.0068034 0.0142426)
(0.00177434 -0.00677139 0.0388211)
(0.00114086 -0.00690641 0.0466567)
(0.000198613 -0.00699718 0.0241889)
(0.000305779 -0.00699332 0.0556278)
(0.000257551 -0.00699526 0.15739)
(0.000822976 -0.00695145 0.11505)
(0.00122506 -0.00689197 0.0932256)
(0.000582361 -0.00697573 0.0904271)
(0.000692825 -0.00696563 0.0747434)
(0.00188506 -0.00674141 0.183991)
(0.00151269 -0.0068346 0.0775465)
(0.00147374 -0.0068431 0.0617276)
(0.000765156 -0.00695806 0.134574)
(0.000324922 -0.00699245 0.145849)
(0.000804084 -0.00695366 0.0587432)
(0.000306894 -0.00699327 0.142068)
(0.000845522 -0.00694875 0.106049)
(0.000127681 -0.00699884 0.0522178)
(0.00116873 -0.00690174 0.0358518)
(0.00316184 -0.00624522 0.0284208)
(-0.00311579 0.00626832 0.00984662)
(0.00161399 0.00681139 0.190565)
(0.00155422 0.00682528 0.00948145)
(0.000444604 -0.00698587 0.153537)
(0.000475444 -0.00698384 0.149704)
(0.000876898 0.00694486 0.0121176)
(0.000433963 0.00698654 0.0146935)
(0.000191721 0.00699737 0.0172844)
(-3.86748e-07 0.007 0.0197363)
(-0.000121551 0.00699894 0.0220884)
(-0.000182542 0.00699762 0.0243762)
(-0.000209859 0.00699685 0.0266284)
(-0.000220792 0.00699652 0.0288615)
(-0.000216304 0.00699666 0.0310881)
(-0.000190951 0.0069974 0.0333182)
(-0.000160403 0.00699816 0.0355557)
(-0.00013779 0.00699864 0.0377987)
(-0.000126077 0.00699886 0.0400416)
(-0.000125838 0.00699887 0.042279)
(-0.000123001 0.00699892 0.0445077)
(-0.000105625 0.0069992 0.0467239)
(-0.000114734 0.00699906 0.0489474)
(-0.000154131 0.0069983 0.0511672)
(-0.000183485 0.00699759 0.0533694)
(-0.000144138 0.00699852 0.0555836)
(-9.20614e-05 0.00699939 0.0578151)
(-7.1896e-05 0.00699963 0.0600538)
(-7.99137e-05 0.00699954 0.0622821)
(-8.93019e-05 0.00699943 0.0644963)
(-9.18567e-05 0.0069994 0.0667155)
(-0.000107485 0.00699917 0.0689442)
(-0.000157259 0.00699823 0.071174)
(-0.000231178 0.00699618 0.0733982)
(-0.00029843 0.00699364 0.0756152)
(-0.000328344 0.0069923 0.0778245)
(-0.000303765 0.00699341 0.0800349)
(-0.000256189 0.00699531 0.0822553)
(-0.000215834 0.00699667 0.0844812)
(-0.000188622 0.00699746 0.0867042)
(-0.000175236 0.00699781 0.0889269)
(-0.00017785 0.00699774 0.0911545)
(-0.000207719 0.00699692 0.0933829)
(-0.000255114 0.00699535 0.0956031)
(-0.000285362 0.00699418 0.0978112)
(-0.000261551 0.00699511 0.10001)
(-0.000179289 0.0069977 0.102215)
(-9.76057e-05 0.00699932 0.104441)
(-6.22763e-05 0.00699972 0.106679)
(-7.76468e-05 0.00699957 0.108914)
(-0.000111892 0.00699911 0.111134)
(-0.000120324 0.00699897 0.113344)
(-7.57781e-05 0.00699959 0.115546)
(1.92459e-05 0.00699997 0.117747)
(7.23885e-05 0.00699963 0.119976)
(5.14895e-05 0.00699981 0.122208)
(-1.15506e-05 0.00699999 0.124424)
(-5.01294e-05 0.00699982 0.126646)
(-8.96115e-05 0.00699943 0.128876)
(-0.000139149 0.00699862 0.131104)
(-0.00017596 0.00699779 0.133323)
(-0.000188019 0.00699747 0.135542)
(-0.000183824 0.00699759 0.137767)
(-0.000187522 0.00699749 0.139999)
(-0.000203957 0.00699703 0.14223)
(-0.000218243 0.0069966 0.144455)
(-0.000225409 0.00699637 0.146678)
(-0.000223561 0.00699643 0.148902)
(-0.000212906 0.00699676 0.151122)
(-0.000195542 0.00699727 0.153342)
(-0.000177232 0.00699776 0.155568)
(-0.000172337 0.00699788 0.157797)
(-0.000176768 0.00699777 0.160024)
(-0.000171983 0.00699789 0.162248)
(-0.000161722 0.00699813 0.16448)
(-0.000167722 0.00699799 0.166728)
(-0.000202171 0.00699708 0.168983)
(-0.000235096 0.00699605 0.171237)
(-0.000222859 0.00699645 0.173503)
(-0.000156243 0.00699826 0.175801)
(-5.1201e-05 0.00699981 0.178134)
(9.9412e-05 0.00699929 0.180503)
(0.000320734 0.00699265 0.18292)
(0.00064013 0.00697067 0.185388)
(0.001079 0.00691634 0.187972)
(0.00038126 -0.00698961 0.130797)
(-0.000886244 0.00694367 0.00989462)
(0.000550179 -0.00697835 0.138268)
(0.000607773 -0.00697357 0.169058)
(0.000621652 -0.00697234 0.172992)
(0.00150567 -0.00683615 0.109142)
(0.00116944 -0.00690162 0.0105128)
(-0.00691207 -0.001106 0.0102975)
(-0.00487842 -0.00502006 0.0101568)
(-0.00307995 -0.00628601 0.00998183)
(0.000269931 -0.00699479 0.161237)
(0.000138718 -0.00699863 0.0437466)
(0.000197792 -0.00699721 0.0271111)
(0.000732068 -0.00696161 0.0329016)
(-0.000219869 -0.00699655 0.0717102)
(0.000572955 -0.00697651 0.0690004)
(0.000603501 -0.00697394 0.18672)
(0.000167923 -0.00699799 0.0876398)
(-9.15762e-05 -0.0069994 0.118836)
(0.000454275 -0.00698524 0.103082)
(0.000637477 -0.00697091 0.100396)
(-5.03165e-05 -0.00699982 0.0848613)
(-0.000307152 -0.00699326 0.127044)
(0.00138267 -0.00686209 0.18066)
(0.000892253 -0.0069429 0.176857)
(0.000794174 -0.0069548 0.0179353)
(-0.00498152 0.00491777 0.00982925)
(-0.000634765 -0.00697116 0.122912)
(-0.00107859 -0.0069164 0.00956434)
(0.000498971 -0.00698219 0.165143)
(0.000406674 -0.00698818 0.0212075)
(-0.000603464 -0.00697394 0.0980426)
(-0.000285881 -0.00699416 0.0821405)
(-0.000348587 -0.00699132 0.0665048)
(-0.0062236 -0.00320419 0.0102521)
(-0.00626281 0.00312686 0.0100729)
(-0.00372832 0.00592449 0.18706)
(-0.00552303 0.00430072 0.186766)
(-0.0066337 0.00223474 0.186584)
(-0.0069995 -8.40797e-05 0.18654)
(-0.00661035 -0.00230288 0.186797)
(-0.00567907 -0.00409245 0.187536)
(-0.00421276 -0.00559041 0.187045)
(-0.00203459 -0.0066978 0.186737)
(-0.00691861 0.00106435 0.0102386)
(-0.00235383 -0.00659238 0.104798)
(-0.000695995 -0.00696531 0.040761)
(-0.00206873 -0.00668733 0.133006)
(-0.00278411 -0.00642252 0.101144)
(-0.00134237 -0.00687008 0.0489747)
(-0.00201336 -0.00670421 0.0346673)
(-0.00283994 -0.00639803 0.155326)
(-0.00247761 -0.00654686 0.0741008)
(-0.00247315 -0.00654855 0.116296)
(0.000399915 -0.00698857 0.029997)
(-0.00230615 -0.00660921 0.0924139)
(-0.00114808 -0.00690521 0.0636973)
(-0.0026665 -0.00647223 0.0690169)
(-0.00660515 -0.00231775 0.0130512)
(-0.00220403 -0.00664396 0.174948)
(-0.00304291 -0.00630402 0.0543175)
(-0.0019192 0.00673177 0.0127993)
(-0.00143791 0.00685072 0.187458)
(-0.00282456 -0.00640483 0.143942)
(-0.00140119 -0.00685833 0.0377176)
(-0.00404395 0.00571371 0.0119684)
(-0.00115071 -0.00690477 0.112065)
(-0.00188042 -0.0067427 0.0157322)
(-0.00224539 0.0066301 0.0158208)
(-0.00257189 0.00651041 0.0183962)
(-0.0028371 0.00639929 0.020866)
(-0.00297285 0.00633736 0.023224)
(-0.00302867 0.00631087 0.0255276)
(-0.00306958 0.00629108 0.027792)
(-0.00308776 0.00628218 0.0300207)
(-0.00306461 0.0062935 0.0322567)
(-0.00300836 0.00632058 0.0344889)
(-0.00296122 0.00634281 0.0367335)
(-0.00293703 0.00635404 0.0389908)
(-0.00293701 0.00635405 0.0412314)
(-0.00294069 0.00635235 0.0434735)
(-0.00294148 0.00635198 0.0456959)
(-0.00286627 0.00638627 0.0478702)
(-0.002918 0.0063628 0.0501108)
(-0.00307938 0.00628629 0.052275)
(-0.00303201 0.00630927 0.054485)
(-0.00289931 0.00637134 0.0567165)
(-0.00282326 0.0064054 0.0589692)
(-0.00284654 0.00639509 0.0612205)
(-0.00289971 0.00637116 0.0634219)
(-0.00287876 0.00638065 0.065613)
(-0.00285367 0.00639192 0.0678441)
(-0.0028975 0.00637216 0.070076)
(-0.0030141 0.00631785 0.0723032)
(-0.00315104 0.00625067 0.0745313)
(-0.00326226 0.00619336 0.0767419)
(-0.00325945 0.00619484 0.078953)
(-0.00316136 0.00624546 0.0811676)
(-0.00307535 0.00628826 0.0834028)
(-0.00303671 0.00630701 0.0856327)
(-0.0030062 0.00632161 0.0878388)
(-0.00298078 0.00633364 0.0900634)
(-0.00299635 0.00632629 0.0922934)
(-0.00307829 0.00628682 0.0945204)
(-0.00317974 0.00623612 0.0967415)
(-0.00323126 0.00620958 0.0989353)
(-0.00312708 0.0062627 0.101125)
(-0.00292891 0.00635779 0.103329)
(-0.00280692 0.00641258 0.105579)
(-0.00281211 0.00641031 0.107835)
(-0.00289718 0.00637231 0.110065)
(-0.0029579 0.00634436 0.112293)
(-0.00295544 0.0063455 0.114516)
(-0.00284148 0.00639734 0.116709)
(-0.002599 0.00649963 0.11887)
(-0.00257146 0.00651058 0.12112)
(-0.00273169 0.00644499 0.123299)
(-0.00279305 0.00641863 0.12552)
(-0.00282822 0.00640322 0.127757)
(-0.0029108 0.0063661 0.129993)
(-0.00300072 0.00632421 0.132218)
(-0.00303317 0.00630871 0.134426)
(-0.00301385 0.00631797 0.136657)
(-0.00299583 0.00632653 0.138893)
(-0.00302161 0.00631426 0.141133)
(-0.00306367 0.00629396 0.14337)
(-0.0030815 0.00628525 0.145587)
(-0.00307455 0.00628865 0.147822)
(-0.00307563 0.00628812 0.150053)
(-0.00305243 0.00629942 0.152264)
(-0.00300825 0.00632064 0.154493)
(-0.00298215 0.00633299 0.156726)
(-0.00299902 0.00632502 0.15896)
(-0.00301815 0.00631591 0.16119)
(-0.00299026 0.00632917 0.163403)
(-0.00293834 0.00635344 0.165652)
(-0.00297038 0.00633852 0.167937)
(-0.00308384 0.0062841 0.17022)
(-0.00312016 0.00626615 0.172493)
(-0.00301869 0.00631565 0.174824)
(-0.00287436 0.00638264 0.177217)
(-0.00269952 0.00645853 0.179651)
(-0.00243512 0.00656279 0.182136)
(-0.00199993 0.00670822 0.184767)
(-0.00157906 -0.00681957 0.0953037)
(-0.00248515 -0.00654401 0.170939)
(-0.00290356 -0.00636941 0.15918)
(-0.00490826 -0.00499089 0.0719837)
(-0.00355833 -0.00602813 0.0127068)
(-0.00278636 -0.00642154 0.140124)
(-0.00257981 -0.00650727 0.136339)
(-0.00277705 -0.00642557 0.14774)
(-0.0023961 -0.00657713 0.0458795)
(-0.00559408 0.00420788 0.0125027)
(-0.00194374 -0.00672472 0.0767713)
(-0.0011192 -0.00690995 0.183113)
(-0.00176122 -0.00677482 0.178952)
(-0.00300134 -0.00632392 0.0866188)
(-0.00299355 -0.00632761 0.129767)
(-0.00249232 -0.00654128 0.0316515)
(-0.00179779 -0.0067652 0.0606904)
(-0.00239816 -0.00657638 0.0575432)
(-0.00111866 -0.00691004 0.0123282)
(-0.00286775 -0.00638561 0.0256143)
(-0.00392309 -0.00579736 0.0511744)
(-0.00547733 -0.00435877 0.0128465)
(-0.00226991 -0.00662175 0.0193917)
(-0.00269396 -0.00646085 0.166995)
(-0.0027665 -0.00643012 0.151524)
(-0.00283117 -0.00640191 0.163076)
(-0.00410963 -0.00566665 0.120841)
(-0.00268813 -0.00646328 0.0225882)
(-0.000940109 -0.00693658 0.0794402)
(-0.00275982 -0.00643299 0.0894957)
(-0.00175145 -0.00677735 0.10828)
(-0.00308211 -0.00628495 0.0838305)
(-0.00664191 0.0022102 0.0128841)
(-0.00598638 -0.00362812 0.0156981)
(-0.00544604 -0.0043978 0.142094)
(-0.00604046 0.00353735 0.183826)
(-0.00691724 0.00107324 0.183518)
(-0.00680819 -0.00162745 0.183457)
(-0.00561086 -0.00418549 0.184227)
(-0.00356538 -0.00602396 0.184298)
(-0.00699993 -3.06466e-05 0.013067)
(-0.00319554 -0.00622804 0.0427951)
(-0.00524726 -0.00463317 0.103651)
(-0.00416065 -0.00562929 0.0978373)
(-0.0047686 -0.0051245 0.0480253)
(-0.0027959 -0.00641739 0.028639)
(-0.00368602 -0.00595091 0.0659714)
(-0.00458633 -0.00528825 0.10707)
(-0.0041246 -0.00565576 0.113739)
(-0.00459995 -0.00527641 0.177093)
(-0.00454576 -0.00532317 0.017806)
(-0.00688527 -0.00126217 0.015901)
(-0.00495132 -0.00494817 0.0334225)
(-0.00360066 -0.00600294 0.125726)
(-0.00493284 -0.0049666 0.172949)
(-0.00466405 0.00521983 0.017028)
(-0.0050268 0.00487148 0.0195326)
(-0.00526028 0.00461838 0.0219576)
(-0.00529336 0.00458043 0.0243326)
(-0.00533711 0.00452937 0.0266872)
(-0.00545522 0.00438641 0.0289362)
(-0.00540342 0.00445006 0.0311787)
(-0.00538573 0.00447146 0.0334661)
(-0.00529722 0.00457596 0.0356459)
(-0.00521802 0.00466607 0.0379478)
(-0.00527181 0.00460522 0.0402029)
(-0.00522903 0.00465373 0.0424432)
(-0.00525238 0.00462737 0.0447395)
(-0.00533722 0.00452925 0.0469589)
(-0.00498077 0.00491853 0.0490078)
(-0.00552368 0.00429988 0.0510692)
(-0.00546237 0.00437751 0.0533319)
(-0.00528579 0.00458917 0.0556445)
(-0.00508897 0.0048065 0.0578609)
(-0.00503704 0.00486089 0.0601479)
(-0.00523961 0.00464182 0.062379)
(-0.00527659 0.00459974 0.0644962)
(-0.00509222 0.00480305 0.0667043)
(-0.00511509 0.00477869 0.0689546)
(-0.00522715 0.00465585 0.0711164)
(-0.00538014 0.00447818 0.0733719)
(-0.00560905 0.0041879 0.0755757)
(-0.00567589 0.00409686 0.0778323)
(-0.00559705 0.00420393 0.0800921)
(-0.00539722 0.00445758 0.0823093)
(-0.00533589 0.00453082 0.0845828)
(-0.0053866 0.00447041 0.0867724)
(-0.00527599 0.00460043 0.0889476)
(-0.00525441 0.00462506 0.0911946)
(-0.00531555 0.00455466 0.093367)
(-0.00544037 0.00440481 0.0956241)
(-0.0056497 0.00413291 0.0978242)
(-0.00563796 0.0041489 0.100055)
(-0.00540208 0.00445168 0.102262)
(-0.00507425 0.00482203 0.104446)
(-0.00500075 0.00489821 0.106732)
(-0.00515734 0.00473306 0.108944)
(-0.00525579 0.00462349 0.111195)
(-0.00530484 0.00456713 0.113503)
(-0.00529485 0.00457871 0.115818)
(-0.00509275 0.00480249 0.118025)
(-0.00457676 0.00529653 0.120017)
(-0.00501034 0.0048884 0.122054)
(-0.00504692 0.00485063 0.124271)
(-0.00506946 0.00482706 0.126578)
(-0.00513503 0.00475725 0.128786)
(-0.00526105 0.0046175 0.131049)
(-0.00541498 0.00443599 0.133253)
(-0.00532827 0.00453977 0.135478)
(-0.0052957 0.00457773 0.137761)
(-0.00528876 0.00458574 0.139966)
(-0.00533953 0.00452652 0.142248)
(-0.00545301 0.00438915 0.144467)
(-0.00537534 0.00448394 0.146693)
(-0.00537349 0.00448616 0.148981)
(-0.0054447 0.00439946 0.151199)
(-0.00532731 0.0045409 0.153404)
(-0.00527729 0.00459894 0.155673)
(-0.00527905 0.00459692 0.157868)
(-0.00531561 0.00455459 0.160144)
(-0.00540131 0.00445262 0.162362)
(-0.00523809 0.00464354 0.164558)
(-0.00514177 0.00474997 0.166847)
(-0.00531934 0.00455023 0.169172)
(-0.00556403 0.00424754 0.171489)
(-0.00540088 0.00445314 0.173832)
(-0.00518999 0.00469723 0.176325)
(-0.00505905 0.00483797 0.178867)
(-0.00479442 0.00510034 0.181477)
(-0.00433394 0.005497 0.184243)
(-0.00421023 -0.00559231 0.110483)
(-0.00553769 -0.00428182 0.157111)
(-0.00440732 -0.00543834 0.0150753)
(-0.00544493 -0.00439918 0.138155)
(-0.00544879 -0.00439439 0.0271173)
(-0.00411751 -0.00566093 0.181091)
(-0.00539703 -0.00445781 0.044864)
(-0.00632515 -0.00299874 0.100396)
(-0.00424438 0.00556644 0.0144181)
(-0.00510937 -0.00478481 0.133639)
(-0.00505366 -0.00484361 0.0208373)
(-0.0053108 -0.0045602 0.0303132)
(-0.00626302 -0.00312642 0.179626)
(-0.00541752 -0.00443288 0.145896)
(-0.00549023 -0.00434251 0.160988)
(-0.00519542 -0.00469123 0.0564289)
(-0.00381686 -0.00586785 0.0396846)
(-0.00495176 -0.00494773 0.0756521)
(-0.00550759 -0.00432047 0.11691)
(-0.0042649 -0.00555073 0.0628152)
(-0.00439068 -0.00545178 0.0365446)
(-0.00596954 -0.00365576 0.0533494)
(-0.00541055 -0.00444139 0.149579)
(-0.0057295 -0.00402155 0.0685276)
(-0.00549832 -0.00433226 0.0883616)
(-0.0053047 -0.00456729 0.168912)
(-0.00544316 -0.00440136 0.153322)
(-0.00543365 -0.0044131 0.0239564)
(-0.00308051 -0.00628573 0.081244)
(-0.00552369 -0.00429987 0.0852696)
(-0.00688531 0.00126194 0.0157237)
(-0.004896 -0.00500291 0.0946314)
(-0.00536869 -0.0044919 0.0914987)
(-0.00692109 -0.00104807 0.140578)
(-0.00645248 -0.00271393 0.17499)
(-0.007 4.8608e-06 0.180294)
(-0.00649151 -0.00261921 0.0501502)
(-0.00597636 0.00364461 0.0152103)
(-0.00567382 -0.00409973 0.129232)
(-0.0069263 -0.00101308 0.158944)
(-0.00616498 -0.00331557 0.112987)
(-0.0046221 -0.00525701 0.0596429)
(-0.00644848 -0.00272344 0.106176)
(-0.00619199 -0.00326485 0.0650325)
(-0.00547273 -0.00436454 0.16496)
(-0.00665167 0.00218065 0.0206132)
(-0.00675654 0.00183006 0.0231551)
(-0.00659638 0.0023426 0.0254875)
(-0.00680084 0.00165789 0.0276829)
(-0.00682275 0.00156527 0.0301323)
(-0.00667766 0.00209972 0.0323961)
(-0.00689025 0.00123471 0.0347191)
(-0.00655005 0.00246918 0.0368876)
(-0.00667906 0.00209527 0.0391285)
(-0.00670725 0.0020032 0.0415051)
(-0.00654997 0.00246939 0.0437161)
(-0.00677324 0.00176727 0.0460625)
(-0.00676329 0.00180496 0.0490026)
(-0.00696681 0.00068084 0.0522301)
(-0.00667729 0.00210092 0.0546587)
(-0.00667307 0.00211427 0.0570157)
(-0.0063732 0.00289522 0.0590774)
(-0.00653094 0.00251929 0.0611612)
(-0.00696083 0.000739486 0.063423)
(-0.0065836 0.00237829 0.0657161)
(-0.0064187 0.00279291 0.0677792)
(-0.00668532 0.00207521 0.0698209)
(-0.00658596 0.00237173 0.0720198)
(-0.00685534 0.00141573 0.0740799)
(-0.00691573 0.00108292 0.0764791)
(-0.00690902 0.00112494 0.0789914)
(-0.00684321 0.00147326 0.0814126)
(-0.00661563 0.00228767 0.0835203)
(-0.00678648 0.00171572 0.0856686)
(-0.00677711 0.00175235 0.0879927)
(-0.00655928 0.00244456 0.0900905)
(-0.00674419 0.00187507 0.0921761)
(-0.00663742 0.00222365 0.0943406)
(-0.0068885 0.00124442 0.0964198)
(-0.00694889 0.000844372 0.0988765)
(-0.00688912 0.00124096 0.10135)
(-0.00666968 0.00212494 0.103613)
(-0.0063254 0.00299821 0.105617)
(-0.00654997 0.00246939 0.10766)
(-0.00665156 0.00218099 0.109922)
(-0.0066625 0.00214735 0.112327)
(-0.00669403 0.00204695 0.114918)
(-0.00671923 0.00196263 0.1176)
(-0.00633048 0.00298748 0.120121)
(-0.0066172 0.00228313 0.122794)
(-0.00639372 0.00284961 0.125257)
(-0.00662229 0.00226831 0.127464)
(-0.0065155 0.00255895 0.129694)
(-0.00679172 0.00169486 0.131817)
(-0.00680928 0.00162286 0.134296)
(-0.00660078 0.00233017 0.136569)
(-0.00676456 0.0018002 0.138781)
(-0.00659467 0.0023474 0.140995)
(-0.00681178 0.00161233 0.143167)
(-0.00681679 0.00159105 0.145616)
(-0.00663289 0.00223714 0.147835)
(-0.0068166 0.00159185 0.150046)
(-0.00680724 0.00163139 0.152475)
(-0.00659084 0.00235815 0.154627)
(-0.00675102 0.00185032 0.156828)
(-0.00659159 0.00235605 0.159016)
(-0.00680248 0.00165113 0.161251)
(-0.00679027 0.00170067 0.163745)
(-0.00649837 0.00260216 0.165821)
(-0.00653615 0.00250575 0.167917)
(-0.00685364 0.00142393 0.17015)
(-0.00693571 0.000946544 0.173152)
(-0.0065689 0.00241858 0.175421)
(-0.00656814 0.00242065 0.178067)
(-0.00640202 0.00283092 0.180913)
(-0.0069319 -0.000974063 0.0901737)
(-0.00579267 -0.00393001 0.0416985)
(-0.00472047 -0.00516887 0.0789589)
(-0.00607486 -0.00347795 0.0385104)
(-0.00656861 -0.00241938 0.097003)
(-0.0064788 -0.00265051 0.035358)
(-0.00688412 -0.00126844 0.0937512)
(-0.00670347 -0.00201583 0.074436)
(-0.00638411 -0.00287108 0.0186356)
(-0.00690546 -0.00114657 0.136481)
(-0.00684892 -0.00144649 0.0321782)
(-0.0068251 -0.00155498 0.0287982)
(-0.00690787 -0.00113197 0.116304)
(-0.00684778 -0.00145185 0.162786)
(-0.00682778 -0.00154319 0.144197)
(-0.00637111 -0.00289982 0.0616511)
(-0.00612371 -0.00339119 0.124989)
(-0.00616811 -0.00330975 0.109311)
(-0.00691125 -0.00111111 0.0558364)
(-0.00635828 -0.00292785 0.0585788)
(-0.0067091 -0.00199698 0.171112)
(-0.0063571 0.00293042 0.0179271)
(-0.0069261 -0.00101449 0.154957)
(-0.00692293 -0.0010359 0.0253824)
(-0.0054019 -0.0044519 0.0822504)
(-0.00684854 -0.0014483 0.0217402)
(-0.006902 -0.00116723 0.1478)
(-0.00663747 -0.0022235 0.0775553)
(-0.00699971 6.36784e-05 0.0186131)
(-0.00676901 -0.00178341 0.046981)
(-0.00673421 -0.00191061 0.0805528)
(-0.00687464 -0.00131886 0.10335)
(-0.00681952 -0.00157928 0.132493)
(-0.0068287 -0.00153912 0.151362)
(-0.00695784 -0.000767084 0.166862)
(-0.00698993 -0.000375413 0.0673805)
(-0.0069251 -0.00102128 0.0712284)
(-0.00693805 -0.000929255 0.0403805)
(-0.00690007 -0.00117855 0.120579)
(-0.00686218 -0.00138222 0.0868828)
(-0.00696636 -0.0006854 0.128849)
(-0.00694518 -0.000874364 0.0436367)
(-0.00691168 -0.00110847 0.0836756)
(-0.00699995 -2.56191e-05 0.125079)
(-0.00699163 0.000342314 0.105734)
(-0.00699157 -0.00034335 0.113523)
(-0.00699992 -3.34054e-05 0.0595628)
(-0.00699421 -0.00028461 0.176785)
(-0.00696432 -0.000705865 0.110949)
(-0.00698906 -0.000391219 0.0374432)
(-0.00698463 -0.000463586 0.108266)
(0.00367127 1.9311e-05 0.174572)
(0.00402076 0.000502657 0.185115)
(0.00325777 0.00195513 0.0135801)
(0.00448209 0.000986809 0.0247627)
(0.00428999 -2.13406e-05 0.0981895)
(0.00407275 0.000356701 0.102881)
(0.00399243 0.000502116 0.0940469)
(0.00411673 0.000247819 0.0902649)
(0.00413671 0.000601279 0.085816)
(0.00397259 0.000293351 0.0820237)
(0.00423264 0.000240167 0.0786632)
(0.00441505 -0.00043957 0.0752087)
(0.00425274 0.000234769 0.0651083)
(0.00418029 0.00100191 0.0681367)
(0.00415347 0.000678963 0.0715996)
(0.00444313 0.000530275 0.0585659)
(0.00381932 -0.000790205 0.061283)
(0.00430043 0.000932856 0.0555676)
(0.00380173 0.000577566 0.0525231)
(0.00418833 0.000105256 0.0490604)
(0.00418808 0.000215215 0.0455917)
(0.00398935 0.00109781 0.0424911)
(0.00437126 0.000579165 0.039384)
(0.0040939 -0.000244604 0.0361534)
(0.00451468 0.000588679 0.0327479)
(0.00367521 -5.4407e-05 0.027023)
(-0.000885693 -0.000243391 0.0283606)
(0.00400092 -0.000197564 0.0300277)
(0.00433794 0.00045888 0.0220026)
(0.00407737 -6.40135e-05 0.0191448)
(0.00457172 0.00012679 0.0160658)
(0.00438979 -0.000456899 0.011615)
(0.00450729 0.000120978 0.00883503)
(0.00421892 7.81788e-05 0.00609321)
(0.00420592 -0.000295681 0.00272413)
(0.00407757 0.000100549 0.149032)
(0.00441828 0.000540374 0.146259)
(0.00372032 5.3336e-05 0.143565)
(0.00434912 0.000153942 0.140792)
(0.00408098 0.000703588 0.137933)
(0.00420413 7.36908e-05 0.131992)
(0.00436805 0.000140519 0.128071)
(0.00429812 0.000223448 0.123708)
(0.00415389 0.000152298 0.135036)
(0.00399673 0.000228774 0.120357)
(0.00445437 0.00074345 0.11773)
(0.00388762 0.000263268 0.114907)
(0.00432781 0.000409081 0.111802)
(0.00416347 0.000261819 0.107276)
(0.00451684 6.96573e-05 0.172019)
(0.00394007 0.000404212 0.169418)
(0.00444568 0.000890114 0.16416)
(0.00409551 0.000481874 0.161569)
(0.00391559 0.000477637 0.166757)
(0.00418793 0.00015975 0.15865)
(0.00415649 0.000695557 0.155196)
(0.00459235 4.1302e-05 0.187651)
(0.00337001 -1.5372e-05 0.190194)
(0.00424014 0.000453176 0.18257)
(0.00428186 0.000733635 0.179942)
(0.00475907 0.000322897 0.192589)
(0.00457458 4.56451e-05 0.195259)
(0.00434834 0.000560696 0.177192)
(0.00391783 -0.000253081 0.152009)
(0.00426783 9.25315e-05 0.197771)
(0.00237985 0.00371924 0.00246664)
(0.00182794 0.00371404 0.0991537)
(0.001524 0.00392481 0.102258)
(0.00249985 0.00371354 0.148107)
(0.00147087 0.00367398 0.1541)
(0.00101479 0.00388602 0.175846)
(0.00214676 0.00366888 0.187745)
(0.00181531 0.00410703 0.191047)
(0.00233178 0.00357795 0.194284)
(0.00185555 0.00365046 0.182272)
(0.00188453 0.0039775 0.179069)
(0.00202798 0.00389546 0.185084)
(0.00167254 0.00386988 0.162182)
(0.00158564 0.00373272 0.16523)
(0.00139155 0.00414369 0.168375)
(0.00176952 0.00374999 0.159422)
(0.00170316 0.00409326 0.15676)
(0.00106136 0.00367808 0.172204)
(0.00169682 0.00383408 0.124153)
(0.00154822 0.00328508 0.127274)
(0.0015875 0.0040738 0.13911)
(0.00185044 0.00377064 0.141965)
(0.00137287 0.00381187 0.144921)
(0.000136296 0.0036955 0.133332)
(0.00176321 0.00312759 0.13043)
(0.000421173 0.00298852 0.136457)
(0.00166001 0.00381933 0.113809)
(0.00178851 0.00410807 0.121073)
(0.00180423 0.00384583 0.117786)
(0.00152756 0.00388985 0.107657)
(0.00191069 0.00378918 0.105112)
(0.00204131 0.00395761 0.110242)
(0.000696992 0.00349539 0.0487637)
(0.000154671 0.00411667 0.0526994)
(0.00205681 0.00333471 0.0763594)
(0.00183752 0.00384906 0.0790508)
(0.000895879 0.00404419 0.0870959)
(0.00169959 0.00377087 0.0917533)
(0.0015078 0.00331448 0.0958605)
(0.0021507 0.00330259 0.0841664)
(0.00110155 0.00416763 0.0817201)
(0.00179723 0.00363451 0.0638713)
(0.00108013 0.00420122 0.0706515)
(0.00164348 0.00372023 0.0673898)
(0.00153066 0.00336464 0.0600212)
(0.00150246 0.0035264 0.056172)
(0.00124236 0.003255 0.0243278)
(0.00125035 -0.000346988 0.0248613)
(0.00163091 0.00390791 0.0277573)
(0.00201024 0.0036418 0.0377648)
(0.00165706 0.00394208 0.0411569)
(0.00160682 0.00402308 0.0447711)
(0.00136926 0.00354545 0.0309036)
(0.00155025 0.00349723 0.0343827)
(0.00195092 0.00406412 0.0113924)
(0.00183508 0.0038887 0.0161229)
(0.00141273 0.00349059 0.0200459)
(0.0020796 0.00373017 0.00816788)
(0.00220742 0.00361325 0.0052459)
(0.00193428 0.00373041 0.197433)
(0.00196549 0.00359166 0.0735044)
(0.00129563 0.00332111 0.150917)
(-0.00248632 0.00273527 0.00284869)
(-0.00244299 0.00398813 0.0100764)
(-0.0039398 -0.00135786 0.0103155)
(-0.00242501 0.00312485 0.00676684)
(-0.00199393 0.00340278 0.0383995)
(-0.00331363 -0.0013629 0.0370011)
(-0.00260176 0.00298227 0.0278942)
(-0.00259952 0.00363848 0.0245635)
(-0.00250743 0.00361145 0.0313608)
(-0.00286325 -0.000624915 0.0324512)
(-0.00279518 0.00318463 0.0348948)
(-0.00202975 0.00342386 0.0166325)
(-0.00227163 0.00382622 0.0192731)
(-0.00294076 -0.000927469 0.0191058)
(-0.00271701 0.00281176 0.021896)
(-0.00195455 0.00300081 0.0134347)
(-0.00221741 0.00295579 0.100347)
(-0.00313034 -0.00100968 0.101579)
(-0.00206836 0.00346461 0.107038)
(-0.00370811 -0.000578336 0.106393)
(-0.00179358 0.0042066 0.109982)
(-0.00221402 0.00334547 0.112853)
(-0.00371226 4.63964e-05 0.111407)
(-0.00244761 0.00346217 0.103888)
(-0.00256714 0.00371933 0.138341)
(-0.00335902 -2.82118e-06 0.137663)
(-0.00226659 0.00341214 0.142088)
(-0.00239112 0.00355643 0.128611)
(-0.00300828 -0.000505203 0.127513)
(-0.0021876 0.00329412 0.123969)
(-0.00205074 0.00369404 0.119512)
(-0.00297685 1.65304e-06 0.116033)
(-0.00211622 0.0036708 0.115895)
(-0.00279436 0.00360267 0.151218)
(-0.00186276 -0.000510111 0.15067)
(-0.00244649 0.00326979 0.153732)
(-0.0020535 0.00341165 0.148552)
(-0.00252608 0.00316145 0.156579)
(-0.00214101 0.00322009 0.159561)
(-0.0033462 -0.000934133 0.158362)
(-0.00221205 0.00354408 0.162785)
(-0.00261008 0.00283438 0.166122)
(-0.00248683 0.00335348 0.169796)
(-0.00319051 0.0010236 0.173388)
(-0.00224837 0.00354976 0.179414)
(-0.00303183 -0.000930431 0.181338)
(-0.00228501 0.00322688 0.182636)
(-0.00159314 0.00375985 0.185734)
(-0.00380156 -0.000914491 0.186839)
(-0.00221704 0.00303053 0.189177)
(-0.00180397 -0.00283496 0.190258)
(-0.00237563 0.00403787 0.192717)
(-0.00166696 0.00394227 0.195796)
(-0.00334552 -0.000761828 0.143149)
(-0.00267964 0.00311265 0.145424)
(-0.00300947 0.000755214 0.0503953)
(-0.00314258 0.00065065 0.0546617)
(-0.00235819 0.00380614 0.0574387)
(-0.00255314 0.00350422 0.060438)
(-0.0020251 -0.000799948 0.0618285)
(-0.00246501 0.00317439 0.0634652)
(-0.00307838 0.000839033 0.0694626)
(-0.00227619 0.00374146 0.0669239)
(-0.00246374 0.00298516 0.0757601)
(-0.0030524 -0.00152101 0.0766344)
(-0.00253307 0.00300592 0.0792944)
(-0.00252193 0.00319214 0.0836546)
(-0.00346987 -0.00115788 0.0815693)
(-0.000988489 -0.00143689 0.0848847)
(-0.00217161 0.00212914 0.0886133)
(-0.00248793 0.00361411 0.0915711)
(-0.00347647 -0.000893162 0.092803)
(-0.0025961 0.00286933 0.0944173)
(-0.00282141 0.00341234 0.0972389)
(-0.00213089 0.00349534 0.0726568)
(-0.00227457 0.00352652 0.0424627)
(-0.00287862 0.00292831 0.0459856)
(-0.00142204 0.0035648 0.198134)
(-0.0033303 -0.000741238 0.041647)
(-0.00385046 0.000321271 0.196877)
(-0.00413848 -0.000405414 0.192204)
(-0.00463532 0.000318205 0.177459)
(-0.00390438 -0.000441084 0.00660426)
(-0.00416754 -0.00137517 0.0137105)
(-0.00460864 0.000259333 0.0165948)
(0.00238024 -0.00326813 0.0241696)
(0.000526184 -0.00366311 0.0267738)
(0.000621481 0.000404793 0.00267671)
(-0.00076147 -0.00323547 0.00335722)
(-0.000154524 0.000467648 0.0066505)
(0.0013318 -0.00348907 0.00737857)
(0.000304417 0.000860303 0.0101445)
(4.5754e-05 -0.00256021 0.0114746)
(0.000841106 -0.00376317 0.0149628)
(0.00062144 0.00048632 0.0166278)
(-0.00211362 -0.000927556 0.0157529)
(0.00175124 -0.00357706 0.0182065)
(0.000998353 -0.00231878 0.0210865)
(-0.00309451 -0.00106593 0.0245401)
(7.89056e-05 -0.0039443 0.030059)
(0.00119737 -2.51991e-05 0.0324405)
(0.00190195 -0.00330186 0.0336757)
(0.000150137 0.000305059 0.0360989)
(0.00146892 -0.00342513 0.0382923)
(0.000507013 0.000594878 0.0398534)
(0.00187798 -0.00295718 0.0423615)
(-0.000198083 0.000684911 0.0444153)
(-1.26905e-05 -0.00303292 0.046046)
(0.00103307 -5.58513e-05 0.050131)
(0.00146207 -0.00356605 0.0498708)
(0.000147815 0.000770053 0.0526888)
(0.000173045 -0.00329786 0.052655)
(0.000935966 0.000419849 0.0555641)
(0.00150075 -0.00264104 0.0554788)
(0.00125913 8.65157e-05 0.0584224)
(-0.00298581 -0.000361766 0.0582362)
(0.00147833 -0.00358925 0.0586211)
(0.000286359 0.000480478 0.0657385)
(-0.00348057 -0.00102912 0.065741)
(0.00094683 -0.00355246 0.0635864)
(0.00168455 -0.0030245 0.0675228)
(0.000646211 0.00076248 0.0705576)
(0.000930457 -0.00328497 0.0709623)
(0.000424824 0.000404784 0.0740431)
(-0.00316688 -0.00107637 0.0730695)
(0.00168577 -0.00345591 0.0743777)
(0.000369156 0.000268687 0.0775475)
(0.00160935 -0.00325847 0.0783673)
(0.000275262 0.00066016 0.0811984)
(0.000344941 -0.00381816 0.0815347)
(0.00159954 0.000367855 0.0873301)
(0.00172654 -0.00343761 0.0873727)
(-0.00344004 -0.00174054 0.0888066)
(0.000188365 0.000472612 0.0931142)
(0.00141505 -0.0034503 0.0911757)
(0.00174002 -0.00331014 0.0948969)
(0.000966106 -0.00138204 0.0978683)
(-0.00290066 -0.00152203 0.0969226)
(0.000535045 0.000451886 0.10163)
(0.000853751 -0.00373841 0.101241)
(0.000217493 0.000720132 0.105474)
(0.000866929 -0.00331184 0.105048)
(0.000265635 0.000950718 0.109982)
(0.000886777 -0.00335149 0.108947)
(0.000855424 -0.00310426 0.112978)
(0.00017683 0.000652703 0.113931)
(0.000407206 0.00101068 0.117336)
(0.00120945 -0.00280502 0.117076)
(0.000538795 0.00078862 0.121105)
(-0.00331701 -0.000282126 0.120729)
(0.0014263 -0.00341323 0.120475)
(0.00106833 -0.0027747 0.124298)
(0.00104684 -0.00269668 0.129669)
(-0.00320924 0.000350734 0.13201)
(0.000297954 -0.00284242 0.134354)
(0.00119922 -0.00309809 0.137803)
(0.000351341 0.00080102 0.140072)
(0.000484697 -0.00321797 0.141322)
(0.000108204 0.000823173 0.143415)
(0.000964648 -0.0033067 0.144937)
(0.000310585 0.000613978 0.146887)
(-0.00353226 -0.00104656 0.147273)
(0.00165891 -0.00321666 0.148462)
(0.000113238 0.000473103 0.153855)
(-0.00338832 -0.00112935 0.15425)
(0.000961471 -0.00350643 0.152903)
(0.000284859 0.000673923 0.157304)
(0.00122322 -0.00323332 0.156396)
(0.000306391 0.000624753 0.16082)
(0.000982396 -0.00299748 0.159837)
(-0.00314424 -0.00115221 0.162752)
(0.00191531 -0.00295475 0.163078)
(0.000421504 0.000579549 0.164388)
(0.00108897 -0.0031517 0.167256)
(0.000377688 0.00117392 0.168087)
(-0.00305658 -0.00125871 0.168815)
(0.000390244 0.000239043 0.171117)
(0.000915723 -0.00333429 0.171921)
(0.000509638 0.00048977 0.174465)
(0.000688795 -0.0032606 0.175732)
(0.000933639 0.000823556 0.177934)
(-0.00184416 0.000927345 0.176804)
(0.00106286 -0.00318919 0.17926)
(0.000639149 0.000865602 0.181111)
(0.000302 0.000701942 0.184163)
(0.00126952 -0.00269959 0.18285)
(0.000517463 -0.00375373 0.186824)
(0.000472668 0.000670207 0.1872)
(0.00142585 -0.00401026 0.191028)
(1.09931e-05 0.00029545 0.193282)
(0.00158144 -0.00382902 0.194717)
(0.000482697 0.000144728 0.19724)
(0.00262575 -0.00335539 0.197609)
(-0.00121679 -0.00331469 0.197782)
(-0.0025528 -0.00355939 0.194895)
)


// ************************************************************************* //
