/*--------------------------------*- C++ -*----------------------------------*\
| =========                 |                                                 |
| \\      /  F ield         | OpenFOAM: The Open Source CFD Toolbox           |
|  \\    /   O peration     | Version:  2312                                  |
|   \\  /    A nd           | Website:  www.openfoam.com                      |
|    \\/     M anipulation  |                                                 |
\*---------------------------------------------------------------------------*/
FoamFile
{
    version     2.0;
    format      ascii;
    arch        "LSB;label=32;scalar=64";
    note        "nPoints:2483  nCells:7335  nFaces:17129  nInternalFaces:12211";
    class       labelList;
    location    "constant/shell/polyMesh";
    object      neighbour;
}
// * * * * * * * * * * * * * * * * * * * * * * * * * * * * * * * * * * * * * //


12211
(
2086
2867
3388
2649
2909
3216
5601
4
1013
1014
121
4447
1015
2646
6033
257
788
837
2779
648
1156
1981
2031
8
9
2649
2646
2909
7252
1014
3611
276
2084
6347
162
1086
2606
210
228
3404
4065
288
757
7202
831
1529
3891
538
1033
4243
1001
3686
4130
7002
3000
4766
5352
6218
3688
3905
4216
312
2790
5183
6802
1343
3777
4373
3250
5098
6157
612
3624
4582
531
536
5095
5576
28
178
1026
1660
3929
6823
1029
2435
3069
6027
1167
1465
3337
6367
7331
2038
2702
4743
7074
1835
4669
5367
2715
4714
6781
7143
1702
6419
7195
620
826
2167
5153
2167
2316
3660
6068
348
3804
6216
6928
37
2897
6383
348
528
4790
2283
3858
4806
3017
3347
5035
5694
43
1780
6011
6790
1677
3421
3944
6337
528
2970
3804
2293
4749
838
1784
3618
1299
1379
1446
4655
3164
4391
7173
2461
3636
5347
2822
2910
4888
799
2271
6321
1200
1211
6508
424
851
2923
2526
5979
6321
59
1504
2386
4545
1614
4471
6176
1064
2974
3113
476
1619
6120
976
3255
5018
5328
477
1133
2566
3551
5160
2270
5479
5480
3819
4681
6426
672
2215
5669
790
1732
3117
5018
92
130
2009
7168
5545
6154
7244
126
1173
2895
1349
2348
2534
283
2165
4440
720
1547
3656
1832
2908
4675
998
1575
3602
6921
4235
4435
6193
783
1373
5324
897
3079
4190
577
5544
5969
2076
2559
5257
1440
3168
4922
85
1428
6438
87
2227
81
7034
7068
1838
3026
4309
5746
6124
1381
2690
5084
3168
3871
6395
3871
7006
1945
3912
5459
1256
4632
4353
6281
6282
1450
2771
5382
7299
285
2713
2814
5423
1709
1870
2296
4253
129
3872
5555
1452
1719
2535
4269
100
3941
4280
5546
391
392
5899
97
2218
5787
6036
126
6089
7238
1632
3999
6718
101
1259
2097
3124
5933
1215
4671
6761
7025
569
1160
2710
2907
2086
6631
7303
7316
612
3262
4974
5709
109
2611
5189
118
3406
4735
466
1723
4240
2951
2984
543
2740
3492
2662
4684
5374
448
3439
5666
1298
1507
5318
1136
2476
6350
6703
5105
5303
6378
711
1803
1804
3883
4315
5538
7079
6490
607
1667
2313
5920
1096
2009
3084
5482
6958
7025
3792
5130
7275
980
6804
7143
7144
237
6465
6777
2555
4774
4946
5091
6387
7037
1241
2375
4464
749
4257
6445
4597
6115
6240
2341
4597
132
2906
4462
2523
2292
3630
4721
7323
315
365
1125
2693
3303
6851
3293
4464
6501
2485
5406
5763
6226
297
298
2689
6114
140
1564
6159
1442
2480
1177
3790
6528
964
1433
3526
2318
3370
3757
1517
1736
5840
154
442
5587
163
1022
5298
4136
4778
5706
209
3752
4188
518
3671
5009
4973
5118
6893
1433
4914
7285
1754
4887
5976
6135
5406
5839
5846
824
2439
1214
1279
4688
188
229
6773
3028
4314
6066
6068
3969
4669
4688
969
1330
3911
1310
3719
5199
5780
6345
6512
1480
1929
6282
2837
3745
891
2092
4420
991
4765
6244
1294
3018
3358
3537
172
3272
6007
3360
4028
5644
3476
5281
6362
7250
2325
5298
5308
1901
1989
3961
2724
4159
5707
2965
3225
3808
5989
778
3631
7042
480
1454
4832
179
2500
6529
180
1570
4561
2880
4094
4869
2064
5504
5635
600
4816
596
3521
4956
1609
2575
2889
1134
3590
5373
5375
1887
4763
6579
1584
2445
3250
194
1914
3452
523
524
6411
5477
6801
1547
2184
3656
6948
1730
4086
5309
292
4465
4551
1731
3175
5448
241
316
708
742
3796
3909
5819
743
2967
3408
1351
1414
5153
7187
2318
2459
3691
401
548
813
5196
204
1431
1435
5506
1152
4037
4775
5957
3609
4891
6159
2251
3677
6306
996
4899
7152
3485
5654
3219
4441
5196
559
2206
2207
4931
997
2087
2945
4751
1115
2512
3424
4647
3093
4876
228
632
214
1020
3417
6224
5184
6296
7162
494
3123
3127
5835
2130
4064
3104
3135
3136
2427
5963
6201
3404
5537
6181
239
255
3734
4384
4929
6252
1854
1928
3316
3758
659
1858
3764
4570
1276
3896
6270
7236
349
773
1597
2340
4476
797
865
2739
640
643
5962
5605
5727
6191
5462
4332
4942
1376
2353
4902
6125
4546
5063
5244
676
2527
2921
6163
1639
2252
3144
562
720
1547
1986
236
4671
4674
238
860
4360
4671
240
6761
3606
3737
5576
1086
6958
489
753
245
335
5461
6069
2158
5097
6040
3800
4560
5360
6580
247
489
3651
5452
7127
7239
5650
1247
5182
6408
2410
3981
5772
7219
3448
5092
6271
1725
5556
6999
2283
5672
6999
266
278
299
385
1442
4626
5405
6351
3603
3606
5572
325
3537
6153
1741
2533
284
1385
2084
2063
2801
3197
686
720
263
1668
2218
545
4535
5253
3026
5473
1897
5918
5942
272
2230
3546
420
4946
1264
1376
1596
4902
518
5011
7139
277
295
6408
984
1952
3498
6430
2608
3662
3676
3678
2915
3387
278
1263
1353
2787
4779
5568
2307
3673
3678
5198
284
300
4747
5531
684
5317
517
1575
7038
2201
3030
4841
5748
2568
6711
7224
1976
3388
6547
2042
5060
6096
611
1499
2788
6837
3044
3636
3689
4760
2547
5529
5638
6684
1590
5907
828
2136
6503
2494
2931
6515
551
1558
2242
1900
4453
6742
1515
2487
4686
5485
4513
4795
6519
3964
3966
5152
1665
2282
3074
2691
5527
1984
2700
1348
2667
1499
3311
6348
1815
3293
4279
2867
4021
4380
640
3455
7048
1247
4217
5676
6138
307
1230
4673
1600
3198
6565
318
1197
2975
1963
3695
3890
4021
5235
7182
328
2234
6316
313
5332
6849
6882
2860
3663
6631
2508
6880
323
1836
7114
2168
4821
5461
5504
6322
3382
3558
4508
4858
967
1200
3932
4662
5878
331
338
7152
1164
3020
5206
1485
2940
3474
2084
5386
5500
3864
5024
5689
4987
6151
7071
1164
3972
5304
5353
3412
4547
5582
2686
5348
6843
330
339
479
7082
341
345
1979
4764
5483
5855
4503
6719
6730
2355
2651
2952
6774
687
4149
6708
642
3651
6272
1327
2414
4540
443
2628
7172
529
3744
341
5591
664
3286
4898
368
383
4642
6087
388
1167
3928
387
500
3849
625
2659
6509
3517
5823
6332
927
2572
2970
2897
685
743
2029
356
362
3485
2925
4405
4421
603
3476
3479
1314
3275
6595
7095
1377
1921
7126
1068
1620
1808
2203
2353
3848
3276
5362
5364
6711
5362
5701
6912
1886
3826
4574
853
4405
5327
1983
4940
6700
365
3144
5121
5575
7128
3548
4427
6797
1539
3301
2092
4306
5351
2175
3009
4802
3103
2100
4136
4789
1634
3947
6861
376
2533
7263
528
2370
4790
6556
381
420
4493
1595
2480
7162
458
737
7263
458
1741
2320
4053
5666
1899
3468
3960
2104
4305
6084
1625
2187
2662
4050
386
1721
2966
519
2093
5525
771
1352
2130
3078
3820
6874
684
5115
420
2147
504
747
5947
1209
2207
4275
2169
5653
6254
1426
3724
6939
1964
2407
1874
3075
3115
1157
1380
3185
3692
3179
4155
4549
2663
4591
5807
399
426
4383
1458
3785
1965
1990
6207
6327
435
1330
4448
408
442
446
3602
6922
549
1659
5857
1346
3087
3313
661
666
1682
3373
2093
2346
2357
6001
843
2445
5214
3314
5561
7122
2311
2907
5429
1934
2320
5978
1408
1937
1947
690
3089
6143
413
911
1903
418
5832
7292
1093
3217
3578
4958
417
1794
5364
791
1546
3660
6214
2874
4149
6230
1903
3180
2874
6535
7246
5115
1684
5613
6878
3720
5064
5081
5902
2685
2699
2929
7154
526
4944
7119
699
3879
5625
435
5716
7166
4154
5278
5890
697
4610
4615
4697
4351
5740
5865
1926
2986
3782
4261
602
3461
6192
4216
5347
7236
849
2232
5490
7184
469
1876
4861
7228
2188
899
3605
6188
442
448
5588
4416
4721
5087
7202
679
1252
3445
6192
483
5452
5619
665
1805
5231
5431
2299
6934
624
3990
5320
3943
5815
6721
448
1935
1235
2230
6208
4039
1541
2891
4886
452
1249
1430
5254
456
1753
2903
7257
1244
1301
454
456
3333
5167
6152
7320
456
1745
6346
7306
3698
6236
6831
838
3540
5121
5539
5853
4073
4084
5730
4736
4909
6309
727
1384
5066
1171
1565
4277
4927
4174
5619
6966
493
1005
3406
1177
2258
2767
3012
3037
6558
1325
3685
7075
596
7232
1649
2532
5999
2220
3036
4343
584
2393
6997
2900
3634
5729
954
4661
616
5236
6792
1614
5999
6176
3241
6749
2426
2589
5859
625
984
5921
2329
3488
6567
634
1439
1519
2237
486
1989
4843
5460
789
6889
1478
4931
5090
5549
491
594
2750
6233
2803
2878
1764
4910
4956
4331
5267
5883
6551
5461
2388
5318
6448
6975
582
3895
643
1052
3981
7211
3637
501
523
4040
4562
4614
4618
5408
5410
5680
2095
2217
3204
6010
6015
740
4912
7268
4452
6901
524
3118
6184
4179
4750
6150
1188
1860
3793
5951
3849
6372
2542
2725
5228
3904
5630
7220
559
1167
1640
2575
509
3832
4371
514
3513
6736
796
1445
1852
3530
1584
4725
5098
520
4279
525
3227
4539
1373
2498
1769
4495
6002
4404
5436
6819
3159
5080
5227
6251
6563
1543
4495
3030
5748
601
2907
7260
7310
2756
3217
3252
2512
4643
2519
2434
3201
5047
1080
4933
550
4187
4906
4970
5218
881
1050
1202
4138
5402
5474
6311
2234
2365
3346
6587
550
3409
4538
1805
4585
6544
6548
1085
3356
6043
541
1593
5986
3697
4699
2141
5369
6702
705
728
1573
4082
2613
5227
1158
4904
7087
3070
5910
3945
5483
6928
1797
5792
5794
3067
4767
4984
7083
3067
3596
6595
7095
3670
5541
6922
554
1260
1277
1113
4548
1660
3774
826
1414
2418
3670
6147
6153
6872
1391
6868
565
1846
2277
1492
3320
7076
2071
3861
5201
5632
3405
6788
1209
664
2173
4532
3070
4474
5862
1493
1498
1975
1920
5426
6651
777
3490
5033
6353
1343
7185
641
1705
6148
1025
1674
4928
6592
1664
4741
6469
601
7311
968
2720
3393
6920
4108
4297
4340
4575
2217
5679
5736
5984
1113
3240
4704
634
1465
1640
2537
598
3348
7258
1030
1809
2964
3068
3655
6293
579
2853
2987
3708
4957
2381
5595
584
585
3284
621
3649
1011
1445
3726
4288
2870
6487
2145
4126
706
3665
4730
4513
6345
6931
2683
3190
4372
6186
1161
3134
4426
5517
904
1070
1822
1889
1182
2598
4520
6006
5530
6249
6774
599
4537
5926
621
5494
5905
6620
6874
5521
599
3312
4824
1326
1974
4242
1154
5968
3046
4319
4897
1827
3427
613
2022
1346
5136
6312
4531
5713
6857
779
3591
5725
6214
4430
5410
2876
5042
6317
6542
611
1385
6871
2658
3983
5953
6901
3080
797
2929
3350
7154
615
3479
6830
5398
5402
5735
1976
5515
6104
3947
5691
6508
1226
5929
6652
727
3922
6080
5544
6293
6962
1148
3916
2617
3533
4583
3874
5115
5880
1327
2414
4698
1296
6344
6651
3169
3746
4717
3682
4747
5365
6962
4620
5877
7146
647
718
807
3880
5767
6957
7171
736
738
1416
4930
5031
1609
2914
3202
3677
1121
3849
5585
690
2167
2912
738
2030
3036
4343
804
2103
6570
2004
7211
2239
5833
791
4193
2411
655
1937
6434
3670
4479
5507
772
1351
1414
786
4437
5240
1646
5869
795
1546
1560
4063
2009
5496
5555
754
3014
4418
4809
5216
5557
1567
3836
6001
657
5014
5232
1408
2834
1661
2558
3271
7050
1837
5333
2554
4221
5266
703
6521
663
4496
5557
2139
5714
2776
3428
4593
5845
7044
1663
4417
4387
4809
6545
674
4229
1364
2987
4957
1179
2324
3094
3139
680
4649
4930
847
4063
4441
2720
3393
4829
6760
3873
6326
6671
3653
4840
5606
1682
1994
2622
2665
3544
5645
678
4995
6053
1222
2824
5534
978
6077
981
4339
5472
732
4405
4648
1054
1634
4036
5647
2840
4166
5213
6365
1975
7049
5831
2967
3189
4189
1498
6036
691
723
5451
761
800
5663
716
1573
1577
4063
6057
2152
6412
2760
4980
5203
5226
800
1138
1236
6988
3504
5713
6870
940
2849
2856
5502
2786
5926
5968
4562
4705
2514
3676
6140
704
1672
6160
3006
5713
6853
1804
1859
2339
2602
5631
5750
6054
709
1858
3110
3879
3910
6295
3751
4040
1005
1800
3039
3406
6529
6723
721
1968
3175
2950
6528
4075
4587
4595
2591
3330
7253
3519
3522
5875
6594
2663
4176
4229
6365
5670
5874
5997
2122
4414
4828
734
2704
4469
6751
1992
5448
2167
5544
6304
2018
2152
5923
1553
1784
4603
3581
6099
6893
5013
5046
6904
3791
5028
2144
6086
2447
5065
5476
5863
1553
4823
7325
1406
1583
5639
4421
5919
2672
6243
7110
784
5390
5439
748
1378
5980
780
5462
1796
5600
4065
4777
1341
2097
5994
2756
3252
4191
2246
2968
5661
6069
753
6322
769
2026
2484
2898
4445
2319
3094
4128
2019
4782
5972
4204
6353
2654
3088
4224
757
4231
3119
3252
4195
1526
3851
4689
5044
2977
6700
7167
5597
1190
2619
7242
2307
2815
7001
3386
3583
3584
766
4416
2453
3355
6967
800
2755
6988
6989
1285
1287
1613
2530
1390
2017
2755
765
3433
6940
2654
3088
4198
6734
2216
3692
4457
7133
4048
4759
1264
1590
4231
1302
2957
4155
1102
1806
3502
3518
773
5209
6758
4490
6543
6838
2838
3832
5900
2420
4190
775
836
793
832
1631
1375
1770
2518
3019
3568
6030
6372
1056
4950
1061
3593
3036
3653
2106
5177
6239
4629
5919
7278
1766
6838
786
1335
3554
2163
4145
4151
5440
6513
795
5725
6214
6294
3657
3827
2221
2872
7120
1459
3255
3321
951
1118
5128
5255
852
1514
5935
976
1532
6889
847
3650
1828
4197
3279
4582
1041
3220
3805
5991
2510
2612
5783
3058
3590
3841
5543
2316
4193
6069
1652
1661
3271
7271
2242
2579
6320
1372
2586
6710
1686
4104
4267
6278
5240
5441
6519
2008
4588
6999
876
3474
6081
3071
3805
5991
6983
876
6072
6271
1548
3960
4828
998
3001
6210
998
1575
4577
5791
1890
4277
6554
3112
4918
5219
2786
5205
5516
1012
2189
4907
6393
3904
5166
5630
3729
5247
7213
830
3380
4641
6518
3962
4482
5437
7078
4606
5170
6564
1460
5593
933
1401
2985
1355
3343
1097
2397
4018
2411
4162
831
4218
6778
3288
3289
852
1212
3475
2433
4215
5074
848
6022
6029
2278
2380
1375
2256
3737
1482
1970
6887
2887
3056
3480
3482
1694
2405
3986
845
867
1170
2440
1732
3117
5697
907
2985
2202
3902
4686
1139
1403
1707
2937
5154
6555
5202
1062
6031
1469
6375
1393
2386
5008
3869
5419
1107
1416
4930
2938
4768
5928
5932
4192
6137
6259
2279
4298
6755
7197
956
3759
6236
6925
889
5552
6715
861
879
5848
880
1688
896
957
5404
873
1293
5569
1023
2368
2436
6391
1109
3356
3359
5095
4188
5503
1711
2086
7314
1557
5238
4106
5924
6575
875
3351
7066
3042
4249
5373
7240
4778
4837
7319
1750
4094
4869
6220
3137
6977
1800
4467
6182
2368
6406
6753
1421
5805
4333
4917
5407
2419
2800
4813
5982
896
6359
7247
2601
2184
6948
2153
5407
5417
5344
5897
6882
1773
2707
5738
2830
6177
6843
1308
2633
3193
1789
5326
5466
1716
3410
4053
4778
2830
5524
897
923
2453
4761
7260
7310
2792
3286
3381
4522
1022
3744
5958
1767
6079
6161
2989
4057
4445
3842
930
5467
1382
1542
7047
4159
4769
6169
922
3729
4344
3360
4807
4811
2327
6169
6720
922
1011
3712
7170
1000
1006
1502
1166
4735
3412
3413
3600
5964
5970
5973
914
1437
3180
6971
2747
6251
6267
6881
1562
2736
6951
2434
2991
4539
3559
3918
5329
6833
918
1555
2142
4540
960
2538
2812
3926
7110
995
1006
5475
925
1269
1740
5643
925
6527
3766
4570
1616
5500
7118
1082
1595
2862
4894
973
3079
3667
2539
4579
5944
5944
2725
3804
5228
1617
3364
4251
1033
1551
5300
1093
1586
2809
3578
2453
2894
1646
1981
2472
5884
6685
6693
5214
6150
2623
3723
5875
7213
1401
2002
7158
2779
5201
6947
2752
4777
5555
6115
5110
5245
5274
1001
3777
5513
6401
6771
4277
4592
4631
5608
2626
4180
6299
1581
2565
2752
1490
3281
5224
1486
2505
6146
1008
1440
2942
4346
4270
6134
6497
2511
2864
5193
1763
4599
4755
2275
6363
3589
4755
5540
3049
6635
7216
955
4255
6289
6743
6208
6831
4989
5397
959
1235
1599
5946
4088
4573
3180
5099
7129
2711
3185
3489
4059
969
991
1778
3306
7227
7291
7309
7029
7227
7309
1412
3446
4794
4516
5275
5675
1211
1230
3174
2136
4414
5351
5586
1632
4324
4983
972
1440
1453
3690
5084
5015
6212
987
1042
2804
1834
5474
6311
7247
6680
982
3008
4995
1552
1799
995
1000
4520
6355
5949
6021
982
2181
1799
4339
1931
3622
4093
5135
5426
3491
5183
5914
6015
6268
6420
1515
2202
2877
1239
5054
6612
2335
2741
5122
7192
2120
2604
3528
5351
6260
4076
4635
6717
6987
4076
4998
5222
2087
2818
3358
4301
6213
6215
2818
4599
1958
5276
6451
1822
4677
7182
1003
4757
6813
7307
1844
2511
1338
2021
3426
6787
1070
3242
1010
3652
6059
6409
1074
1105
6438
2694
3317
5445
5008
5658
6751
4344
2044
5508
1015
3611
2646
3467
4233
5966
1018
1019
1438
2495
3621
3691
3915
4055
7191
2091
3684
4630
6221
1082
4994
7141
4246
5229
1085
3674
4234
1342
5381
6339
1028
1114
1120
2780
2916
2571
2861
5449
1029
5744
1114
6714
1040
6187
2059
6577
6911
2315
5500
6221
6370
2003
2969
3309
7284
1626
2400
2749
4235
3046
4561
4586
1105
2993
5498
5740
4582
5636
5637
4146
6173
6959
1809
2660
2120
3172
4359
4676
2008
3234
5234
4660
4717
5433
3799
4075
7148
1524
2052
3126
6786
1077
3181
3287
4827
2283
3171
5749
3799
5097
5745
1191
2886
3855
3857
4637
6537
2481
7219
3626
4403
4925
1057
6022
2347
4326
5790
6522
1239
2614
7042
1634
4150
2616
3175
6892
1259
2101
3124
2687
3747
3756
3321
6272
1603
2264
7283
1692
1992
5448
2049
2577
4709
2277
4664
4934
6511
2260
3741
6286
3442
4225
4600
2967
5157
5572
1399
4442
6463
6970
5475
5698
5789
7153
7212
2223
3224
6615
7276
4762
5698
6044
4244
4346
1763
2775
3344
1361
4032
4638
3102
5274
5188
6399
6803
1232
3833
6035
5333
5403
5419
1387
2102
4254
2726
2713
4164
5760
4088
6021
7144
7333
2368
6905
1746
3007
5566
5811
1089
1232
2338
2462
5804
1506
2634
6454
7312
1257
3335
3851
4879
1100
4492
4700
4291
1324
1563
2078
4322
1596
4017
4613
3011
4476
1680
2604
6996
1499
1767
6079
2733
2788
4330
4419
3459
4494
5144
5170
6982
3724
4273
1286
1509
6775
6790
1114
3069
4650
3642
4351
1561
3742
3748
3809
5366
7010
1467
1742
2824
6406
7000
1610
1673
3327
5514
3243
4704
5305
3775
4487
5140
3531
3542
4907
1121
6405
1319
2329
3613
4001
2768
6389
6619
1813
3622
1787
3826
4305
1610
6592
4647
6277
2256
3606
4238
5157
2600
6869
6883
2335
5050
5120
7318
3301
4858
2276
3540
4122
1273
1980
6539
3770
5362
6536
6580
1364
1415
2987
2111
2112
4800
5178
3104
3106
4484
5677
3176
3552
5571
1576
2889
5856
3784
7305
4219
5560
6647
1836
5376
1325
1704
1714
4337
5207
5663
3032
3295
1833
3927
4668
4594
5329
5847
6584
1334
2260
4286
6386
1327
3991
4701
5320
3104
4484
7196
1146
1446
1941
3277
2035
4651
1320
4770
6316
1156
1531
1261
6123
6493
1153
5031
5186
2641
3363
4768
1495
3004
3478
5030
7104
4824
5138
1204
1924
3448
5334
3649
3523
4656
4899
4951
4988
3200
3497
4056
4961
2311
5965
3187
5123
3100
4942
6687
2137
4449
6910
1394
2162
2489
2636
6565
1743
5549
1209
1876
5983
6598
1174
1180
5719
4993
5238
4475
6247
6554
1449
1457
2464
1195
1423
6387
1188
7019
1988
2896
5780
4160
4210
6837
2398
3894
3895
6991
3318
7194
1188
6263
6591
4362
6989
7296
4337
6777
4219
5418
5560
2405
3451
6641
2373
6737
6847
4457
5873
6847
7231
3348
4230
5146
7107
5983
5678
5687
6411
1706
4391
1629
1779
1811
5784
6754
1380
2643
6884
2372
2868
3781
5197
2193
5395
3569
3974
5062
6132
1229
4681
3276
4583
6711
3318
4073
4631
7194
1229
6964
3215
4079
4876
4730
6712
4739
5741
6546
1217
2933
3508
4267
5528
6331
1668
3672
4687
1784
3618
5148
7325
2801
3961
4750
4784
2763
1215
6752
6761
6933
6329
3515
5177
1885
3270
6091
4148
4151
6465
2012
4140
7116
1924
2924
5281
1313
2798
5442
7290
2657
4481
6992
3362
3561
7204
2564
2586
3771
3997
4225
4851
1877
2072
3623
4654
3061
3153
4071
4283
6006
6355
2452
5435
2582
6018
6305
1498
2243
5125
7034
3824
2351
1237
1498
6036
7049
2303
6038
1599
3759
6237
4573
6237
7297
4746
1824
6336
1481
3026
7034
1243
3293
4083
6501
1274
2931
3035
4739
6627
4525
5748
5701
6046
6917
1252
1258
1995
1748
1931
5135
2107
3903
4832
2730
4803
4804
6808
7004
1449
3357
7183
2509
5135
2171
3815
5409
2270
4502
5594
1820
4083
1401
6144
7158
2803
5214
6150
1339
1401
2985
1648
2454
3644
4689
6939
1815
2761
4280
6162
6601
7060
1981
2031
4316
1796
5600
6300
5478
5831
1591
4038
4341
5687
3500
4373
5151
7185
5972
6489
7053
4103
4939
6114
4492
5217
2828
5014
5421
3436
4367
7101
2302
3459
6702
1710
6572
4950
6425
2823
3896
5421
1706
2619
4169
6868
2143
6156
6868
2354
3969
4148
1522
3629
7086
2020
2166
6444
6846
2138
3746
5031
2479
4404
5899
4252
5449
7286
3368
4749
5961
1287
4749
1288
1509
1613
6799
2314
6350
7114
1487
4999
5168
1659
4531
5712
2366
5685
7031
1601
3470
6442
1844
6147
1538
3195
5134
2719
3569
2225
5080
6629
6589
7317
1420
3235
1310
2216
5129
1607
1748
6055
2873
6122
3137
3674
3730
2669
2818
5914
1329
2012
2157
5466
1308
1313
3191
2405
3451
6831
1856
7289
1726
2258
2398
3539
2972
5086
6735
2135
4099
7280
5853
1317
5466
2027
3484
4461
1812
1864
5457
5457
6805
2318
2326
3488
2459
4101
5402
5584
5735
1323
1941
5321
2125
3468
3982
5715
1849
3277
4487
2824
3060
3156
5993
5007
5385
6937
1718
2327
3919
1332
5457
6246
5552
6323
6715
1812
2012
5331
2667
3710
4619
1724
2573
1400
5390
6404
3861
5646
6191
3017
4174
4526
2182
2219
6397
2002
6074
6315
1822
1824
4518
2941
3092
4126
3508
4732
6380
1685
1846
2630
3322
4596
1848
2505
2552
6137
1347
7122
2876
4941
3710
4773
1810
2540
4093
2516
2525
3629
5365
2640
5172
6812
1578
5317
6504
3838
4223
4911
2251
2418
3597
1361
5808
6816
3591
4864
6068
6269
1801
3248
6885
3143
4407
6652
1984
2473
6771
1946
2979
2664
2927
4328
1418
2020
2865
3230
3787
1720
2129
4148
3170
3246
5918
2444
2728
4107
3333
5363
7013
2854
6388
7164
1991
3510
6063
2180
4254
4957
1488
4524
1579
3535
1707
3129
3915
1728
6905
7026
3892
3893
5922
1950
3229
4959
1420
2946
4050
1508
6117
3053
4989
2263
3553
4296
7027
4895
7270
1616
5563
1513
5093
5215
1432
4957
2716
4022
4242
6532
1888
2852
6274
1891
5663
6465
3504
6733
1917
6692
7183
1851
5658
6286
2432
4690
1436
2959
3925
2455
3574
5828
1398
4029
5920
2751
3983
5684
6994
7124
4158
4207
1461
5130
5411
2164
2440
4836
1533
2615
3822
4370
5144
6894
6982
4376
5520
3829
4675
5395
1567
4226
1718
3613
4101
4428
4434
6646
3458
3462
5252
2047
4201
2709
5805
6090
3219
1791
5842
2138
4977
1765
3943
5068
1789
4399
1657
2195
3282
4436
6075
3448
3474
3097
3739
4227
4262
2930
5395
4256
4911
6447
1663
3286
4522
5802
3514
3850
4273
3072
4748
5246
6027
5865
6290
1708
2550
4776
2848
6151
4256
5162
2385
3230
2366
7029
2508
4953
5341
5871
2353
3485
6125
3700
3731
5119
1904
5295
3038
3375
6395
1468
4558
1508
1703
2638
2831
4007
3157
3968
5998
6076
6168
3186
4345
6217
1653
4651
1457
2981
4659
2441
3045
4044
3786
4663
3705
5361
1735
3955
4556
6049
1847
1867
2942
4860
5565
6567
2027
7014
7203
3037
5865
6290
3641
4663
1471
5724
1691
1732
6183
2482
4306
6260
1764
5774
7012
1556
2426
2133
2720
3212
2051
3021
6014
2211
1995
3242
3709
5534
2294
2537
7007
7190
1500
2333
3107
6523
1554
1619
1545
6288
6852
1572
3046
3073
7186
3244
3625
5171
1483
2885
4810
6576
2911
3640
5718
1964
2056
3033
2210
2889
5856
2101
2321
3292
2606
5659
6280
5473
7049
2534
3657
5384
6052
3483
6792
6832
4768
6081
2636
5816
6137
1520
6771
2617
4541
4614
2973
3291
6910
2611
5189
2001
2151
4398
4925
2511
5256
2243
4845
2344
2421
3731
6261
1717
6960
1536
1554
2869
3951
6176
2811
3156
7075
2919
2976
3158
5311
3132
3445
5472
1734
3240
4635
1966
5610
3561
4324
7094
3563
4649
5766
6262
7011
3168
5084
6770
2490
3919
5118
2171
2212
7022
5054
5485
7287
1761
4567
4723
4330
5710
4359
3084
3095
3640
5930
6541
7010
2174
3084
7168
1576
2566
2473
2998
5882
2307
5911
6142
7007
1524
2516
2992
3249
7111
5059
1908
3816
4009
3717
4955
1551
5300
6840
3653
4597
2031
3580
1578
1592
5478
3891
4218
7161
5619
6966
4693
5160
1594
3060
4867
5384
2863
2994
4296
1649
3913
2347
2683
3570
3120
5343
6780
3144
3693
1564
6159
6225
1582
3798
6417
3745
3811
4764
1756
1772
6660
3169
4717
6154
3867
6340
7047
2912
4845
1549
3222
6879
4587
4828
3323
4612
6878
2248
5349
4481
6025
6187
2582
3840
1614
5724
1592
6828
3637
5549
3295
3469
1560
2103
3650
1713
6195
3774
2053
2354
1671
6943
2240
5335
2477
5456
4280
6245
4580
5464
5478
2357
3505
4087
6063
1648
3644
3920
2587
2618
3878
2815
4866
6643
4319
6088
6295
2899
7013
7306
1609
3280
6086
1651
2498
4627
3697
4243
6826
3399
4065
5616
2891
5626
1585
2878
5458
1589
2820
1901
3239
4166
5036
6365
7125
4223
6125
7026
4865
1591
1868
2839
5264
2563
5979
6574
2882
6673
4473
1868
3189
3737
1901
4856
4971
4573
3387
5783
2204
5596
5662
3108
4563
7061
4601
6898
2247
2627
3947
2523
2906
4485
6051
3231
4138
6712
3795
4369
3959
4178
5757
1640
6980
3304
5169
5200
4455
5339
5340
5902
3594
1649
4555
5081
5339
2084
1828
2681
2059
2524
4620
5237
5572
5578
7069
2546
4386
6246
3786
4270
6784
2759
4489
5665
5708
2695
2807
3588
4499
2643
2802
2062
3572
3297
5005
6016
5425
5940
7295
2902
3936
4004
7054
4634
5760
4990
5705
4699
4716
4969
2627
3099
4991
6026
2441
4993
6689
2295
2430
4943
6398
4186
6026
6180
5653
5654
2023
2251
2342
4482
1909
3473
5945
7106
3064
5335
5370
2179
2214
6390
3939
4213
4389
4628
6256
2262
4590
5139
7098
6728
3635
2358
3639
4134
4308
6504
6828
4048
5722
2542
3530
6932
1747
2190
4111
4636
5121
5312
5853
3820
6857
7103
2536
5150
5189
2876
3087
4937
1906
6733
5192
5542
6818
2503
3211
3550
5986
2139
1714
2224
3167
2106
3475
5177
3283
5734
6869
4204
5947
1671
2102
4254
1818
2844
2932
3328
5567
6450
3605
3621
5273
6592
2043
2280
5984
2075
2080
5954
2083
7175
7181
1679
2221
3271
4116
4724
1691
3421
6183
4329
5416
3559
5704
6604
6732
2238
2995
6642
2947
3481
3777
7002
2275
5179
4889
5294
6821
7127
2857
4671
2675
3632
6413
4739
6469
6546
5593
2832
5938
1695
6545
6705
1807
1919
6641
2194
4387
1699
5962
7148
4639
4640
5012
3024
5079
5262
5290
4075
6503
1701
1754
4926
2958
4887
4929
3547
6198
1909
2117
2224
4927
3107
6149
6523
3164
3896
3256
4644
5781
6434
2261
3914
4581
2607
3162
5399
3388
6021
7333
3596
5326
6098
3208
6386
3156
6534
4491
6388
7141
2110
3600
3601
5825
7099
2490
3352
4248
3562
3626
5438
2821
5314
2730
4800
4803
7055
1875
5971
3543
7086
5672
5688
6875
2128
2904
2913
2428
5956
6384
2368
6396
6753
3447
4903
5159
7064
2114
5314
2099
5621
2501
3675
4348
4348
5872
6979
7198
6432
6539
1740
2722
6527
3192
4647
6458
1747
2722
4129
1747
5217
4122
5891
3060
5384
6576
3747
5090
2509
3843
5257
2892
3329
2640
5757
5173
2843
3868
4564
2461
3042
2470
3586
7214
7217
2070
3033
3314
4030
7314
7320
6653
3499
4868
6369
4495
6107
1762
1861
6082
7313
2721
5111
6241
1760
1894
2370
2150
4893
5093
5907
2406
4596
4935
5171
2795
5411
1769
6724
3009
3535
4622
2541
3312
2141
4579
4875
5890
6107
4943
6396
1909
2832
6499
2345
5476
2647
5397
6288
4052
6675
6677
3858
4090
6999
2465
4137
4141
3701
5068
6475
4765
6246
2573
2886
6386
1807
2011
2419
4333
5420
4400
5449
5539
2203
4508
6445
2717
6410
6442
1861
3562
4451
5438
3367
4297
2284
2881
3567
2157
2236
1807
5731
6793
6480
6747
2349
3420
5974
3328
5897
6654
4149
6232
2199
2660
6986
3509
4379
3794
5605
5797
4695
6692
6744
3529
4995
1932
3885
7076
7077
2376
3353
5224
2767
4866
6407
5415
2852
7028
2034
3291
2971
7067
2348
3622
3297
6909
5357
2275
5179
2184
2886
4440
5692
1927
3003
4083
4027
5340
6741
4070
5344
1845
4945
5124
2761
6192
3295
5747
6124
4527
5265
6918
7285
4337
4527
1845
2153
5303
6376
4338
5149
5519
2046
3461
2259
4251
2163
2406
2630
1835
2247
3174
3866
5621
5623
1842
5784
2572
6540
2706
2947
3866
5396
5386
6350
6211
6704
7177
1997
3900
5454
2910
4888
5014
4194
4389
6705
1842
2585
4352
2191
4884
1847
1857
2535
4757
5256
5686
3846
4934
1858
5627
3661
6259
5140
5321
4914
5075
5104
7279
1966
2525
2570
3801
2435
2883
4214
5149
5299
6422
2478
3718
5234
7048
2637
5285
1858
6668
6750
2732
3673
5198
2089
3779
3792
2406
1912
2151
6319
5629
7084
7180
4618
5847
1893
1926
6723
4466
5842
6746
1870
2296
5627
4300
2275
6278
6363
2177
1884
1951
2917
3971
2739
4188
4876
2672
4948
5124
5894
6769
2995
3860
6640
7232
7274
3505
3506
4236
4394
5131
7332
1912
2013
2567
5762
1897
2125
3468
6764
2141
4969
5369
3615
4366
5817
3022
4968
6220
1967
4833
1897
3047
6764
5239
5818
6897
6415
6466
6822
2384
3884
5955
4518
5472
4631
5642
6452
2755
5207
3096
3536
4051
4645
3755
4790
5175
6325
2515
2856
3777
1925
3720
5902
6886
3456
4197
6604
3222
6764
6850
4466
5876
2809
1927
2375
3293
4279
4963
5295
2419
2800
6971
1912
2444
4398
5943
5208
5857
3239
4813
5279
3277
4487
4488
2591
3294
4870
4879
1993
1994
3814
6732
2352
2385
4198
2156
3796
4127
1954
5313
6571
6583
2593
3549
5866
1922
3686
3846
6281
6282
7024
5731
5888
5509
5547
6344
2369
6228
3989
4934
2458
3429
6744
7250
3176
7021
4670
5469
1951
3025
5299
4447
4842
6958
4706
4825
5393
5179
2124
5977
2140
4169
7060
2402
4500
5272
2311
5272
5978
1942
2495
3605
1945
6118
2678
2992
4787
3994
5137
6087
4210
4422
5648
2946
4101
6188
2037
4424
4426
5123
3251
5138
5940
1947
3155
7123
3836
5674
3249
5770
5864
6691
4531
5713
6733
2591
3306
1967
2810
4676
2105
2490
5432
2330
5423
4122
5128
5255
5891
5174
6451
6583
6844
1962
2983
3336
4429
1971
2835
5693
3040
4106
5056
7188
2324
5730
7195
1963
3641
3935
2626
2871
2869
3010
3075
4030
4034
4591
2386
2518
2375
4841
1987
2036
2616
3338
4430
5680
2348
5891
6451
6569
5719
5736
5984
1978
2095
7017
4022
5007
1986
5236
5828
6596
6680
2496
4200
2659
3654
2067
5366
6541
3099
4051
4645
6621
4473
4491
5067
5716
3102
5245
6993
6056
2013
2039
2606
2803
6227
6229
2297
3392
6560
1998
3473
2024
2146
4786
1996
6501
2010
2622
5776
6522
2036
5945
4576
4906
7146
2007
2364
7111
2129
3748
4941
2269
6910
7067
3711
3718
3513
6625
6727
6736
3504
4072
6870
3249
5864
7131
2478
6998
2341
2024
4423
2499
6776
6790
6319
4281
6763
6930
3847
5764
6763
4255
5721
6743
6956
4281
6933
5039
7246
3374
7264
6957
2213
6121
2924
3350
5281
5833
6293
6310
4852
4530
4575
5682
2172
2799
4477
7016
2507
5508
6393
2170
4189
2374
4065
6223
3891
3368
4819
5176
5961
2038
2468
3937
2766
5590
4488
7009
2039
2098
5119
6555
4135
5923
2955
6191
6294
2098
4848
5779
2045
2191
4200
4928
7197
2883
3949
2051
4512
7282
4679
2360
3817
4134
3865
7064
7065
7072
2578
5024
2379
5662
7252
2191
2908
5059
5396
6371
4352
5059
5158
4537
5161
5926
2407
7117
7273
3288
5017
5050
4569
6111
7121
5003
4772
4854
5140
2098
3700
3704
3732
2400
2487
6612
3195
5043
5886
3679
6269
2069
3953
4952
2650
3090
6500
7016
5710
6572
2069
4723
4952
3083
7136
5561
6111
5253
5799
6313
6363
2075
2123
6450
2106
2377
3007
2082
2674
2762
3931
2082
2090
2751
5223
6854
2080
2089
3779
2082
4949
2336
4227
4454
5722
5772
7271
3984
4171
6754
5145
2283
3938
4806
2090
2521
5952
2937
3915
5741
4761
5586
2359
5273
5514
6590
6827
3793
4396
6960
6968
5532
5396
6371
3439
5588
6334
4592
6162
5512
6734
2955
2583
3817
4117
2107
2108
5102
7003
2836
2836
3599
3482
4974
5709
6779
5675
6394
5103
6685
2710
7055
7311
2118
4569
5808
3874
4091
2241
3648
4376
6010
4100
4780
6431
2831
5346
5942
3083
4568
7136
2177
2427
6182
6665
6829
3532
4568
6550
7132
3393
5917
6048
2180
4254
2128
2183
4260
4410
3845
5969
6304
2973
3527
6984
2186
3626
3742
5905
6224
3574
4526
5828
5537
5740
5865
6181
4162
6920
7174
5929
6477
6913
2138
4657
4977
3477
6920
2164
2170
3828
5802
2267
3200
4961
4536
3876
5264
4169
4850
3131
4096
2870
2953
5718
3814
5937
3874
5314
4146
5287
6179
4707
4875
5755
6072
6271
2322
4135
4945
3295
3465
5913
2569
5950
7234
2821
3595
4399
6877
6917
4060
4857
5860
6698
3697
6825
6826
2162
2635
3972
2432
4307
2551
6029
2172
2184
4512
6103
6456
3557
3693
5048
2252
2281
5045
2172
2988
7288
5484
4417
6357
3640
5532
4622
4891
6811
2185
6102
6106
2186
3582
5216
7214
2768
6614
4863
5954
3003
4083
3405
3426
4662
2186
6182
4292
6037
6105
4253
2802
4068
3911
7165
2883
6714
2194
4808
2585
3602
4315
6629
6921
2895
3466
4022
4111
6705
2536
6797
3086
3682
5975
3469
5238
6694
2265
2595
6077
2469
2471
6336
2225
5538
6629
2605
3898
7042
5480
3301
4257
2381
5570
6977
3750
5107
6588
3034
3637
5549
4349
6488
2846
6690
7154
5634
5931
6170
3756
5090
2537
3860
5851
2990
4118
2219
4255
4661
3101
5185
7023
3233
6655
6671
6884
4200
3026
3900
4208
6788
4737
7128
2253
3233
6390
3753
6994
3012
4475
2769
6060
3921
5276
5355
6844
2807
3588
2265
2595
6343
2261
2398
3790
6131
6656
4670
5468
6729
3268
6375
2488
3437
5515
5751
3323
4926
6257
6639
6997
2865
5326
4559
6630
2254
2294
2588
3547
3694
5908
2825
5370
2665
6015
6268
5192
4008
3852
5003
6008
2253
3416
6618
2316
3845
5463
4669
6329
5261
5754
5148
6292
6318
2729
4834
6141
5437
3693
5058
6389
6655
3105
6375
2256
6753
7000
6758
2767
4240
4866
5971
4197
6985
6194
2764
3221
5141
3545
3549
5647
6022
3873
6326
2299
2302
3431
4169
6867
2300
6292
6363
2971
4189
2827
5560
6770
6775
4835
5439
6421
2703
3390
3721
4532
4165
5275
6394
2300
3618
6292
2950
3188
5427
2280
5775
7019
5719
5771
3614
6254
2485
5846
3975
5288
5796
2735
3198
3387
2695
4342
4499
2409
2510
5783
7088
5941
6155
7089
2347
2520
4327
4366
4756
5533
2293
3368
5733
3768
4509
5703
6011
4976
5851
4044
5010
4248
2298
4086
3454
5309
3802
7043
5128
4859
7156
7327
3802
5263
2338
2997
3151
4025
5940
6863
3228
3862
3863
2309
3573
3592
2908
2930
4675
6212
7170
7210
3795
4104
5173
3315
5513
6113
6716
5410
6250
2476
4102
6296
7114
6304
3712
3726
4904
3372
2324
5717
7078
4516
5249
3318
4592
6785
3748
3809
6319
4397
6449
7113
4691
3023
7330
3370
4683
2331
2486
2456
3396
3709
3903
3722
5313
6836
3919
3999
3296
3957
6891
2425
6204
4624
5012
6460
6827
4424
5628
6249
3183
4874
4967
5573
2979
7123
3500
3883
7185
2475
3881
3011
3648
6306
2916
3073
3707
3289
6902
2359
2371
2356
2359
5255
4544
7203
2559
3122
4486
3866
5623
6274
6949
3259
3742
2421
6902
2357
2639
4711
2360
6890
2378
4201
2492
4100
5765
4201
4206
4302
5548
6706
6710
4961
7060
7131
2891
3970
7285
5061
5615
7155
3228
5343
6780
6540
2378
3076
5476
4474
4932
2949
5868
4840
5606
6199
5748
5150
5189
5763
5823
7003
2581
2646
6410
6442
5579
6028
5596
4425
5342
7261
7262
3072
3137
5522
2385
6274
6734
3470
5596
2562
3187
4415
4422
5491
2479
3267
7062
7063
4586
4589
6367
3880
4175
6154
6167
6639
4576
5147
7146
4628
6256
6266
6335
2494
2931
4678
6425
2604
2965
5247
2913
3072
3674
4214
5835
4686
4241
6255
7147
5249
7164
2412
2574
4020
5728
2412
3055
4665
5728
2778
4145
2927
3477
4075
4587
6012
6648
4162
5879
3981
6503
5721
2445
3250
5964
4844
6828
2467
3429
5751
2559
5257
6674
2471
6989
7326
3079
4190
3962
5368
2959
2977
4287
7167
3499
4872
6894
2687
6739
3547
4913
5908
5856
3576
4467
2430
5211
6402
4095
6399
6803
4044
3380
5012
5511
6979
4370
4219
5683
4820
3072
6714
4045
6017
7066
2647
5334
6342
3509
5142
5655
4306
4761
5431
6709
5998
6165
4437
6931
3201
4817
5134
2609
4167
3998
5630
6677
3145
5893
3418
3484
4477
4497
4621
5127
6605
5425
6865
7295
2452
4673
5939
3260
6762
4378
4632
4662
5878
5310
5825
6596
3433
5534
5038
5112
5165
2467
4363
6200
2495
4001
3997
6579
6644
3044
6220
3833
5406
6330
3010
3634
6784
3935
6784
2474
3598
4191
4854
5140
3772
3658
4443
5154
3414
4481
6986
3592
5015
2657
2743
2475
2936
3209
7166
3575
3585
7217
2504
4316
4804
6808
4630
5184
5556
5527
4894
5456
3711
4762
7211
5593
5697
3799
4595
5097
3377
4565
6379
7003
4101
6188
5054
4380
6547
2503
3211
5816
5102
3077
5522
6977
4634
5760
2506
2541
3151
3251
6083
6755
7197
4384
4628
6252
4371
4781
6648
6775
2776
4345
4745
4184
4910
6470
2526
3209
3638
5505
3671
6161
6297
4639
5990
3612
4551
6674
6648
6817
3123
4115
4696
5267
2819
3281
3324
3283
3493
4373
3019
5391
3838
7026
7028
2525
3359
5678
6184
5062
5553
5607
5951
5952
2673
3432
6361
6927
2653
7146
3741
6565
2737
6662
3589
4652
4868
3091
3962
5368
6419
6300
6568
2856
2864
5193
2574
5721
2779
5126
2543
3122
2986
2951
5082
5105
6378
3450
5793
3122
6674
4824
6213
3657
4355
3713
6088
7200
2794
4334
6253
4765
5777
6206
6267
3664
6279
7069
2673
5033
6649
2834
5372
4151
6022
3671
5696
3210
4807
6760
4785
5319
6824
2557
3906
2832
6499
6762
2963
5091
5822
3991
5316
3130
2613
3594
6574
7199
2740
6267
6832
2597
3607
5315
6321
6770
2568
2596
5401
4740
5537
5618
2592
4559
5943
6855
4583
3013
7221
4288
5270
2798
2922
2681
4440
5729
3928
4931
2580
3819
5021
2580
5117
2580
5689
4356
5192
2742
2742
5690
4823
4147
4528
2654
3229
7253
5060
2596
5400
2918
4561
6375
6633
3756
5856
6749
2879
3168
3376
3229
2879
3241
3545
6772
4168
6759
6890
3664
6042
2617
3187
7040
2601
2758
4360
2605
4841
6193
2732
2738
5151
6006
3324
4217
2629
3973
4372
2614
3572
2901
6806
2774
6291
7081
3345
4398
4916
3018
3537
5051
7071
5510
6138
6321
6565
5726
6612
4307
4693
6319
4043
4816
5195
2838
3721
4642
5992
2624
2628
3016
3152
5769
3729
5015
2631
2783
4985
3729
4344
5270
2983
6078
4688
2631
5258
3654
7082
6029
6617
6953
4519
4793
6484
2976
4814
5311
3362
4649
2671
3556
4307
3198
2925
3160
6352
6499
4226
5689
4375
4978
5895
5928
4099
5285
5327
2644
6605
5129
6884
3927
4668
6071
4607
4656
5388
7209
3668
4461
4463
4967
7015
3539
5199
5868
4728
5147
3063
3188
4431
5428
3342
5064
6607
6609
3527
3897
4452
2905
2743
2962
2971
3189
4067
4666
5036
4404
5899
5739
4336
5704
6833
4774
4946
3855
4336
4610
3344
3491
2743
3309
6989
3407
4232
2812
4920
5574
6562
4029
6943
2896
5410
6951
7230
2883
3949
4045
2703
3390
5204
2681
3927
5759
3590
3784
7299
7251
3770
3967
6040
6536
5453
6796
3749
5711
7142
3274
7254
6177
6307
6175
2691
4103
6819
2700
5673
6139
5436
6114
4529
4576
4729
3952
4212
5656
4563
7268
7294
3920
5493
5636
5737
3769
5735
6919
3798
4829
6417
6760
3274
6830
4383
5716
5399
5459
6437
4203
4913
6357
2797
4312
5439
6839
6845
7097
4770
6878
5397
5404
6362
4330
5710
7249
3261
6081
4285
3235
4684
2802
4555
5244
2813
3722
4999
5103
6803
6792
6804
3486
4230
3470
3853
5296
7052
4733
6132
7145
5378
6670
7256
4121
4543
2813
5760
5935
5354
5843
6215
6216
2731
3157
4894
6484
6505
7241
3345
3714
7112
3296
3957
6145
6809
3422
3749
3500
2814
6435
4980
5800
7077
2915
5009
4114
4224
5567
3873
6053
2774
3662
3056
3930
5529
6990
2746
6975
4711
2969
2770
3213
4186
6343
3672
6946
6807
7192
7317
6206
6563
3138
5912
6520
3902
4839
6618
5493
5636
4029
5618
2863
5981
6122
5440
6413
4362
4912
2762
5203
6820
4515
4674
3041
5594
2762
3282
3427
2816
3337
5977
3987
4581
6498
3946
4687
5785
2973
3068
6984
6528
5479
6791
3211
5695
3604
6326
5363
6468
2972
4366
5821
2963
3906
5166
6738
6883
4085
4935
5289
5635
4573
5167
7297
3698
3936
3022
7266
3487
3836
5450
5674
3052
3716
4710
7332
3681
5271
4816
5753
7200
2885
4811
5960
2982
5112
3366
3750
7137
3940
2918
3245
5053
4938
6631
3204
5130
5766
3807
6209
3102
5066
6993
3988
4113
4331
4956
6598
7232
3051
3705
5361
6237
3555
4199
2978
3541
5209
5484
6381
4971
6603
4750
2810
3165
3235
6075
6482
5533
6364
6794
3644
5493
3372
4003
5711
4843
3116
4470
4736
6552
4006
2814
5198
6407
3843
5257
4982
5375
5924
7307
5750
6140
3845
5639
5969
2966
3681
4236
3164
3869
6699
5223
3000
4708
7329
5265
6255
6900
2877
3165
5089
6270
3681
4888
7084
6178
6663
5918
3473
4490
6224
6225
3864
4226
2836
3908
6569
3053
5412
6422
5813
4300
5901
3152
4680
6360
5121
7128
7150
4013
4146
6173
3377
5836
4278
5345
4274
4952
5489
6976
7254
3518
3724
6949
3844
4987
5254
4021
7182
3511
3589
4868
5109
6101
7238
3838
4466
5876
6483
5019
6385
4696
5124
5883
7025
3138
4433
5742
2860
4021
7303
5502
4658
6097
7286
4473
7141
2873
4966
3663
5502
5767
6276
4355
5251
6320
6547
7303
4474
5580
3890
2926
4446
4857
5860
6183
6889
5194
6091
4478
4651
4655
5480
4167
3379
6395
3059
7331
2882
5025
5379
6052
4058
4143
5023
5786
6195
3494
3930
2899
5543
7013
4218
4342
7161
6626
4085
5289
6346
2899
4936
5289
3098
4128
5016
5782
3867
6340
3374
4057
6346
4074
6952
6432
6539
6062
6194
4938
7316
4260
4505
6517
3223
3231
4352
3231
4233
5089
5131
3095
6335
3660
3914
4314
5633
5004
6656
4604
4710
2960
3003
5302
5830
3163
3413
4409
6477
6478
6492
2960
3008
2978
4658
7280
4144
5218
7119
2935
3579
5187
2953
6266
6997
2997
6126
3976
4601
6582
3479
6786
5054
4964
5345
2940
3474
2935
2938
6679
7245
2940
3095
6256
3934
2940
3013
4418
4947
3257
3292
3642
5546
6199
6245
3545
5554
7027
3247
5145
4183
2996
7247
3205
4917
5554
4827
5274
3883
6511
3929
5542
6902
6987
6335
3482
5638
5976
6779
3875
6190
5734
6869
7076
4456
4958
5870
5709
6991
6774
3971
6163
2966
4493
5838
2964
3734
5086
5578
6829
4127
3291
3178
4865
3527
7067
3364
6556
6768
7105
7067
5024
7099
4681
5435
4097
3199
4361
4099
7290
6816
4611
5801
5840
6039
3203
3641
5155
5926
3254
3002
3929
6507
5973
6668
6483
2990
7130
3121
4830
3205
3923
4617
7030
6357
3403
6333
4917
5377
7027
5851
3481
6359
7273
6815
7165
3365
5906
6110
4792
4577
5202
5725
4062
7004
3008
4037
4712
7099
3023
4228
7330
6834
6870
6239
4779
3913
3935
4741
4228
5260
3636
3689
5195
3656
5692
5271
6636
5668
5145
6106
4690
4728
5583
4884
6909
4094
7328
6302
7046
5599
7330
4368
5306
6835
3031
3052
5487
7332
3544
5635
5645
4903
5078
5156
3631
4236
5271
3847
4836
5747
6111
3406
4735
6488
3265
6469
3870
3398
3379
4055
4467
6490
6787
5540
6575
5671
5708
6647
3361
4653
4872
5144
4077
3541
4993
6709
3707
6091
6535
4652
4751
7308
7223
7272
7305
3783
6234
6273
6467
4847
6925
3073
5293
3509
4379
6573
3093
3752
3279
6703
6808
6814
5375
5383
3933
6936
7259
3371
6814
4999
5168
6803
5434
5570
6258
5113
7302
5569
6033
6442
6109
6133
6739
6749
6090
5590
6025
3104
3135
3494
4079
6597
7149
3475
5930
7010
3310
5690
6766
7102
4431
5570
4064
5040
4479
3495
6079
3504
6156
6868
4565
4720
4852
4032
3643
3221
3390
5992
4747
6506
3310
6769
5512
3966
4062
5152
4411
6489
3682
3694
5833
3124
3292
3215
6495
3098
7179
6593
6613
3788
6249
3141
4534
4341
3942
3956
4715
6390
3181
4024
6509
3129
4976
3123
3424
6757
3547
6198
4772
7294
3179
4155
5194
3621
7142
3610
4456
4853
5870
3194
3196
3948
4709
5310
5825
3141
3166
5492
5899
7062
3165
6725
3703
6968
3127
3351
4853
6455
7005
3717
4818
3812
4821
4858
3136
3898
6515
7042
3628
5391
4338
5519
4908
5159
7140
3268
7191
4427
6797
3813
4091
6234
3461
4677
4051
4991
7023
3187
3290
5149
4338
4795
6494
3331
4534
3787
4911
6747
4378
3825
3968
4272
3440
6429
6526
5654
3149
5065
5691
3901
4554
5885
3296
4168
5723
6047
6076
6577
4036
6861
5070
6285
7093
4180
5213
5155
5967
4411
7201
7222
4034
4638
6327
6452
3749
3163
5941
6629
6921
5311
5941
3193
5312
7090
4892
5459
5904
6678
4502
4350
6486
7193
4480
6452
4885
5030
3226
4410
5732
3967
6040
3220
3528
3858
4174
4882
5350
3866
6371
6748
6886
4000
4163
4883
7092
5650
6377
6479
6899
5461
5661
6531
5305
7205
4036
5070
5647
5893
4656
3948
4556
5579
5581
3734
6283
6942
3193
5312
4452
4726
4814
4918
5959
6100
3197
3378
3955
3201
5047
6146
6809
7055
6859
5523
5633
6268
3352
4266
3793
6263
5407
7041
4759
5430
5892
4963
5286
5295
6381
4271
6688
7179
3212
5881
5960
5892
6174
6279
5642
6149
7194
5535
4462
4456
3239
4856
5279
3670
4637
5139
6108
6046
6034
7252
3561
4324
3456
5270
3238
5552
4771
4856
5286
6228
3884
4462
4655
4685
5974
6789
3457
4585
5702
4685
4325
4326
4682
5776
3821
4446
7243
3246
5524
6478
4291
3531
5222
3376
6109
3445
5029
5248
5540
6575
3780
4589
4007
4652
6264
3353
4980
7073
5205
4824
4853
6299
6834
6870
4072
6156
6889
3268
5154
5490
3284
3307
5492
3564
4442
6050
6970
3969
5367
4005
5929
4753
5446
6914
3895
6991
3550
5227
5986
3616
5446
6098
6914
3754
4741
5103
5882
6815
7322
5527
6401
3280
4716
4871
6005
6713
6850
4000
5354
3549
5388
5866
5615
6476
6071
6805
6580
3771
5250
6855
4974
6370
3349
5510
3931
5191
5151
4350
3365
3418
5652
4454
6974
6261
6518
3520
6686
3303
3924
6462
3307
3308
4617
4209
3984
6687
3999
6718
6720
3302
4619
6472
4569
6111
7117
4508
4774
5325
5517
3853
5165
5967
3639
5001
7241
3308
6785
5832
7304
3313
3312
4537
3314
4030
5168
6130
3481
4368
4912
5470
3331
3322
5887
6045
6617
5193
5734
6214
6896
3346
4501
5676
6064
7314
7333
4453
5521
5876
4639
6980
5344
6480
3491
7257
4870
6950
6785
4973
4990
5577
6152
7306
4013
4409
6913
4870
6938
4444
6156
4304
4505
3402
5233
3524
4567
5915
3401
3584
4057
4506
4984
6071
3365
5906
3464
5541
6068
4599
4012
6626
4174
6308
4846
6904
3676
6291
6679
6406
3886
4269
5226
4142
5916
7155
4378
5634
7193
6184
6406
3786
5699
6745
4757
5611
4886
6418
4077
4249
7223
4986
7278
4753
4978
7244
5228
4497
4780
6588
4115
4305
4901
3384
3832
5813
5499
6566
4283
5376
6703
3691
4176
5802
6379
7261
4299
6627
6095
4445
5990
6979
4559
7198
3994
5858
3812
5836
4017
4300
6553
3385
6108
6736
5141
6727
3401
6094
7088
5949
3512
3789
6982
3400
4181
5042
7052
3910
4081
4119
4724
4878
5824
4501
5613
6878
4759
5786
5881
3403
5618
3399
5616
6558
6223
5188
6130
4830
6061
5241
6361
7036
4740
5616
3917
3555
3556
6403
5157
6758
3542
5248
3600
7319
4657
4658
6961
7280
5904
7091
7319
3620
4518
6336
3416
3423
6655
3425
4839
6221
7118
4544
3420
4067
4546
4542
5374
5592
4994
7138
7142
3425
3608
6392
6458
4435
6298
5641
5645
4695
5235
3433
4851
5534
3459
6067
3865
5241
5574
4752
3437
5515
5580
6104
3699
5481
7200
3985
5834
5197
4598
5582
5904
6678
4136
6622
6908
4765
5777
5826
3443
3566
4221
4851
5076
4046
4797
6533
3461
4528
5221
4794
4908
4529
4538
5109
3876
5264
5465
6012
7225
3454
3985
3829
6516
6533
3595
5834
5688
5962
7148
3801
7149
5852
6548
3465
3565
4311
7044
3499
6894
7097
3972
5353
4208
4665
5720
3597
4314
3469
5558
6532
6410
3565
3890
4318
4523
5724
4408
6050
6103
5612
6503
4885
7157
5398
3492
5638
3758
4877
6104
3776
5387
6533
4406
5491
4001
4656
6482
5233
6361
4085
3494
5529
5193
5734
3516
6853
6858
3524
3532
4211
4177
7262
4470
5426
6368
4667
4672
5087
6866
4017
7028
3587
4766
6241
6635
3507
3510
3507
3508
5528
4732
6568
3910
4381
5540
3763
5170
6443
5324
4347
6553
4178
4634
6871
7103
5763
6222
6226
6274
5231
6549
6717
6902
4184
4453
4465
3723
7214
5388
7133
3893
5850
3923
4945
5407
5685
5980
4090
4873
3620
4481
4881
4187
5922
4541
6697
3625
5383
7018
4779
6030
6593
3822
5604
5610
4457
6847
3618
5010
4704
4801
5158
6096
5463
6531
5338
6012
7088
7225
5082
5192
3553
5080
4835
6421
4070
5332
6882
5337
4303
5440
4312
6349
6514
4821
6061
4509
5836
5759
4681
6426
6429
4986
6888
4930
5186
3687
6427
5277
4600
6824
5079
5262
5379
5604
5610
5607
5553
6186
5435
6429
6652
6193
3598
3993
4047
6622
6624
3582
4593
3577
3764
6201
3766
4468
5471
4421
5941
3881
5118
5432
5845
7217
3776
4461
4472
4472
4782
4137
7043
3592
3598
5111
5352
3659
7308
3679
6210
6212
3679
6322
5142
5309
6090
3677
3907
4498
5432
7091
6596
6963
5088
7069
4112
4186
5669
6160
5094
4910
5774
6662
6671
3835
6838
4549
6455
3668
4953
6849
3903
5055
7021
4756
5819
4175
6154
3727
4339
5472
5013
5305
5573
3727
3645
4087
6318
5636
6233
4935
4936
4524
4618
5357
6102
6387
6786
3741
4286
3633
5486
4513
5240
6931
3768
7160
7327
3635
3913
5729
6202
7176
6890
5994
3695
6333
5505
7179
5737
3691
5711
4932
5181
5640
3652
4158
6310
3894
5869
6190
5597
6751
3870
5639
6310
5251
5490
5631
6778
4193
3680
4633
3673
6817
5578
4485
6712
3708
5521
5876
4479
6967
7079
5601
4035
4138
4233
6563
5455
4045
5143
5872
5911
4738
6135
6653
4985
6293
3687
4321
4442
4739
6627
4073
5993
6692
6082
7313
4388
7207
4947
6681
6884
5975
6419
4266
5301
5381
6530
3702
6242
6923
4972
6826
3788
3943
5896
4699
5369
5826
6244
3740
5779
4706
4343
4777
4586
4863
5786
6576
4608
5319
7212
3877
4972
5258
6636
5564
6710
3919
5118
5577
3905
7266
5134
5789
3739
4010
4259
6606
3888
4164
6431
5015
6945
4298
4726
6458
6932
4518
4617
4879
7030
4234
5569
5120
3788
4262
4450
5609
5966
5572
4627
4779
7137
5452
7120
7150
4450
3740
4259
4262
5199
4237
5761
6729
6750
3745
4764
4660
5405
5568
4284
5598
4289
4553
5026
6616
7276
6290
7006
4523
5469
6175
4003
5499
6811
5412
6208
4492
4579
5643
4127
5817
5821
5838
3785
5468
5469
3795
6416
3766
6665
4013
5694
6913
5488
6432
7008
3868
4142
6179
6767
5360
4107
5943
3781
4363
5197
4245
4264
4521
5503
4061
6823
4009
4060
4497
6094
4300
4354
6553
5983
7274
4584
6366
7188
5640
4265
4266
3803
3813
5837
7272
4318
3884
5955
3925
5996
6328
7032
3987
6511
5071
7020
3793
5726
5792
6564
5817
3799
6875
7148
4412
5550
6697
4197
5072
4707
6273
3855
3827
3861
6570
3994
5137
6332
6829
7149
6892
3959
5765
6810
5483
7047
4445
6086
5770
5000
7020
7288
3821
4962
6862
4528
3968
5211
5956
5959
3824
5117
6599
4009
4428
5420
6378
6971
5021
6008
6032
6076
4308
6084
5201
5251
4836
7269
4247
5558
4271
6070
6073
4611
6039
6129
7008
5839
4992
6388
7141
4490
6225
3839
7269
7304
4815
4281
6763
7296
4603
4819
5176
5363
7013
5424
5474
6358
3844
5254
6820
4865
7002
7269
4257
5322
6277
3854
6939
4822
4293
4345
6032
5038
4347
4554
3989
4323
4663
4806
6581
5152
6408
7004
4304
3875
4069
4110
6782
5043
5886
7159
5372
7147
6928
5836
7160
4144
7173
4840
6240
4299
4922
6235
7168
6638
5799
6570
5944
5069
7087
7170
4043
5302
5903
7138
4885
4316
6025
6042
6077
4275
6488
4263
4659
6498
4166
4274
7267
4898
5259
4908
6338
7140
4265
6123
3901
6780
3901
6252
6233
4726
6707
4525
3941
5546
6235
4687
5787
4818
6619
5102
5292
6738
4394
5325
3908
5815
6856
3985
4382
4731
4420
5586
4415
4892
5501
4253
4218
4499
6778
4662
6728
4616
5759
4160
5648
3926
7020
4157
7130
6470
7040
6249
5242
7115
4616
4349
4566
6797
4245
6397
4982
7240
6309
6555
7074
3986
6923
3963
4443
4744
3967
5360
6581
4385
4390
5698
4210
4419
4422
5933
4008
5125
6041
6860
5575
7090
5855
6215
6216
5447
5790
6329
3955
4272
4921
5307
3952
4237
5413
6743
6956
5761
4033
4274
3956
4942
6284
5125
7068
7145
3979
3982
5715
6323
4170
4375
3980
4971
4357
3965
4743
4747
6962
4744
5531
6408
6057
6178
6587
6664
3977
4232
6796
5788
6141
4143
5022
5896
6721
4435
6392
3979
3980
5917
4412
3982
6048
5952
6016
4367
4002
4664
4031
5282
4014
7183
4785
5266
4109
5325
6415
6472
4141
4890
3996
6020
6415
6672
6682
6822
5223
4004
7054
5577
7100
4004
5888
4626
7220
6352
6499
4948
6453
7130
6492
6014
5860
4282
5129
5433
5667
5895
4019
4402
4916
5035
4323
4664
4023
5239
6314
4108
5682
6314
6092
4329
5875
7213
4173
4401
5729
6952
4046
4519
6119
6083
6433
4180
6078
4172
5895
6097
6748
6848
6849
4058
4124
4886
7051
4331
4914
5075
4033
5808
4205
5806
5576
5966
6000
6026
6180
5666
5978
5835
6043
4276
5585
6405
6623
5019
5275
6385
5261
7059
6165
4214
6314
6916
7177
5430
6818
5002
5872
6686
4059
4092
7054
5675
5706
4161
4627
4781
5758
6630
6864
7053
4782
4133
4666
4772
4063
6143
6143
7118
4696
4920
5124
4068
5244
5136
6228
4964
5571
4089
5169
6299
4270
6784
7205
5844
4880
5066
6899
4566
5862
5169
5884
6399
4082
4086
4096
6198
7075
4096
7101
6064
5884
6814
4588
4096
5297
5536
6670
6674
5884
6685
4837
7319
5571
6254
7021
4164
4713
4940
7134
5488
5526
6416
4146
5035
5287
6366
5400
4574
4116
4120
4123
6312
7158
6559
6275
6789
6248
6253
6951
7229
4692
5889
4119
4305
5889
5108
7041
4123
7178
4121
4701
4129
4132
4133
6626
5726
5797
7199
5718
5467
7078
4132
4808
4695
7182
4132
4194
4389
7178
4501
7151
6084
5762
4837
4156
5624
6853
6857
7103
4399
7109
4156
7180
6919
5306
6835
5958
6888
5077
5889
6888
5451
4151
4688
4406
5280
5648
6842
4406
5278
6003
6842
5276
5355
6722
5870
6953
4945
4948
6404
6007
6844
4170
5765
6007
6718
5101
6474
6726
5214
4209
7080
4364
4793
5220
5443
5928
7286
7112
7113
5767
6276
5807
5937
7131
6239
6810
4784
6144
7159
6297
6130
6542
4206
4209
6891
4436
6455
7005
4956
5411
7232
7275
4348
4264
6910
5437
4195
5931
5995
6238
4808
5321
5190
6686
6717
7253
4835
6514
6759
5642
6452
6523
5975
6506
4430
4638
5806
7125
6338
6759
6513
6397
4567
4723
7132
4796
5132
4878
6044
5519
6356
6611
6628
4968
7328
5182
6054
6356
4582
5503
5637
5076
5006
5773
5812
6731
5506
4960
6579
5180
4418
5213
4242
6907
5322
5252
5601
6602
4839
4239
4268
5094
7000
4282
4621
6640
4900
6253
5349
5481
5498
4294
5298
6302
5212
6516
4263
7305
5664
5841
7140
4881
4400
5443
5829
5720
4278
5506
5288
5299
5599
4268
5977
4266
4269
4581
4289
4318
6416
4282
5700
5959
6217
6092
7125
5977
6411
6906
6162
6447
4362
5127
5163
5581
6757
4361
7055
7086
4500
5965
4344
4294
4555
4621
7233
5336
4439
4754
4745
5003
4553
6397
4370
4428
4896
5194
4574
4484
6265
7006
4515
4520
6164
4794
4908
5602
5971
6897
4310
4311
5913
4313
5909
6578
5441
4317
5912
6578
6922
7176
5252
6403
5469
7200
6896
7276
7277
6616
6994
4867
7329
4659
6498
7277
5803
6801
4327
4682
5062
4335
6112
6126
6549
6435
4504
4510
5005
5377
5417
5267
5889
6035
6039
4697
6983
4901
6538
6621
6906
5143
6117
4354
5885
5877
4931
5492
6438
4514
5768
5778
4783
4356
4486
4427
7078
7195
4395
5422
5827
5485
6610
4674
6777
5965
6134
4374
4375
4678
6517
6798
7105
5032
6301
5613
4605
6205
6564
4374
6283
7082
4781
5900
5172
5639
5739
4382
4823
5032
7263
5235
5751
5056
6369
5819
4722
4926
6257
6440
7153
4395
5827
5557
6559
4394
5116
4390
6446
6302
7046
4776
5827
5957
4810
5023
5025
4448
4722
5018
5328
6963
4401
4408
6895
6846
6944
5037
4403
5037
5438
5925
6112
4550
6622
6624
6444
5283
5918
6481
6496
5626
6323
4860
5020
5565
6571
4587
5934
7323
5714
6004
7242
7249
7169
6155
5280
4720
4859
5769
5122
7318
4852
6600
4848
4486
4439
4444
4446
5233
5681
4834
5723
6464
4795
5782
7024
4896
5583
6634
4833
6459
6513
5921
6186
7082
5604
6096
7187
6054
4850
7248
6280
6246
7269
7284
5576
6905
4460
7313
6277
4827
5868
5132
7233
5001
5723
6024
7080
4621
5413
7233
5925
6427
5972
6489
5871
6491
6491
6073
6341
6287
6166
5972
5114
5910
4480
6558
5482
4544
5049
5974
7203
6554
5717
5833
5048
6061
6085
6110
6458
5598
4962
4502
6725
6730
5562
7167
5034
5091
4496
5034
7044
6324
5269
5815
6099
5494
7164
6287
6725
6756
5477
6464
5971
4668
4893
5181
6495
6952
6445
6023
6464
4733
6719
6731
7145
4845
5782
6752
6930
5019
5241
7045
7147
5818
4527
5637
5878
5559
6166
4614
6706
6966
6164
7085
4552
6093
5146
6243
7108
5861
4898
4787
5857
7111
5492
4996
5798
4579
4700
6348
4552
7035
4963
4543
4562
5284
4544
4546
6527
6937
6421
6424
5652
5101
5843
4552
4576
6459
5668
6382
6742
4665
4689
4955
6603
5143
4882
7155
7239
4976
6630
7191
4583
6697
4589
5445
6865
4565
4578
6600
4876
4569
6750
6698
6863
7061
7265
5138
6157
7295
5239
6538
5798
4720
4859
7160
5831
6467
6367
7331
6440
4604
4873
6998
5208
5712
5809
6067
4618
4705
6879
6019
5354
5898
4751
4602
6696
5896
7283
6466
6579
6887
6367
4606
5057
7226
7321
6288
6340
6383
4619
6824
4897
6815
7169
7310
6537
6432
4770
6316
7026
7028
5284
6537
5756
5832
6696
5003
6838
4629
4883
7100
7206
4639
5514
5136
6228
6557
5106
7204
6225
5993
6298
5696
6135
6667
6810
5190
5222
5217
5269
4806
5990
6979
6049
6686
7198
5259
6405
6411
6436
6439
6373
5163
5376
6347
6348
4649
7278
4928
7196
5049
4653
6264
5528
6278
4660
6961
6788
4684
4721
5486
4703
6668
6723
5215
5489
5435
5212
6430
6610
4679
6433
7287
6355
7156
7267
5788
5107
6566
6567
4685
5455
4896
5730
6149
7194
4696
4901
4835
6514
4826
6659
6661
6670
4705
6428
6430
6005
6702
6937
6218
7221
7237
4893
6540
4998
6584
4924
5382
4716
4871
5352
5370
6903
7266
5689
5024
5372
5758
5765
4718
7139
6789
6981
5545
4719
4727
5004
4746
6656
5422
7181
5445
5458
6865
6755
4746
7143
5237
5147
6634
6043
4732
4734
6756
5381
6295
6204
6546
6115
6240
4742
6639
5740
6290
6167
6259
6506
5182
5877
5946
5677
6009
6757
5076
6940
6081
6101
6646
5171
7308
5820
6018
4760
4788
5844
7221
7212
7218
6644
6658
6926
4788
4893
6072
5707
5810
6311
4971
5047
6698
5317
6701
5777
6965
5781
6000
5758
7137
5850
5901
5915
5043
5323
4852
5342
5204
5208
6218
7216
4812
7090
5063
5081
5244
4799
7237
7329
5589
6119
7056
6741
6848
6851
5220
6516
4973
4983
7096
6673
7234
6685
5059
7086
5499
5568
6693
6695
4983
7096
7277
5960
6418
5231
4811
5644
4814
4837
5981
4911
5955
5754
4820
4822
5044
4955
6305
7030
4830
7030
5820
4826
4924
6661
5378
6048
5917
5184
6221
6296
6841
6193
5477
4997
5903
6385
5546
6282
6752
5470
5323
6504
7282
6080
7107
4924
6236
5517
5656
4874
4880
6954
7015
4905
7268
7294
5486
6866
7156
7265
5107
4862
4949
4863
5954
7228
5541
6210
6407
6673
4872
7240
6086
6996
4895
4969
5793
5580
5910
6990
7178
4895
5228
5916
6308
7204
5784
6779
5232
6944
7255
6704
7177
7180
5106
6572
5268
7322
5858
4904
5077
7057
7085
5322
7072
6213
6867
7215
5877
6980
4913
6204
7074
7040
5471
4919
4921
5508
4925
4919
6100
6171
6538
6171
6438
4944
4988
5330
5608
6991
5535
5862
5333
6211
6219
5383
6542
6740
6769
5183
7257
5673
6116
6423
5114
6695
6312
6317
5005
5209
6219
7221
7274
4970
7152
5215
6973
5194
5337
6479
6122
5980
7227
5685
5980
7235
6254
4975
5887
7096
5377
5982
7205
5347
4988
7119
5359
4979
4979
6582
5327
5433
6893
5051
5145
7226
5373
7259
4990
6595
5629
6615
5752
5848
6852
6275
6981
4997
6385
4997
5799
6190
7138
5305
5882
5071
6993
6505
5143
6049
5011
6338
6891
5016
7033
6424
5011
6146
5209
5029
7270
5403
6089
6807
7192
5249
5313
6588
5690
6766
5023
5025
5644
6052
6019
6896
5430
5722
5879
5046
7270
7258
5031
7324
6030
5269
5806
5925
6895
5041
5970
5923
5945
7106
6871
7103
5296
6315
5296
5134
5055
5058
6080
5058
7009
6261
5057
5055
5906
6609
5056
5830
7188
6085
6205
7071
5158
6821
7239
5064
6607
7102
5071
6401
6771
5936
6107
5330
7210
7283
5225
5358
7172
5075
5105
6551
5078
6650
6941
6253
6562
7189
5796
5542
5099
7129
7279
7309
6095
5302
6368
7097
5822
5093
5094
5096
5100
5116
5334
6342
7202
5095
5096
5620
6917
7295
5104
5617
7070
6394
5105
6351
6811
5110
7022
7039
6089
6978
5113
5370
5516
7256
7134
5131
7207
5444
7318
6261
6448
6448
6947
7263
5129
5413
6741
5530
6774
7015
7122
5566
5811
5210
5204
6873
6568
7199
7321
6907
5583
7324
5191
6057
6962
5161
5165
5159
5664
7189
5610
5163
5345
5654
5212
5784
6754
6020
6064
5513
5967
5900
5179
6571
6586
6342
6383
5600
7311
7322
5199
5868
5535
6497
5456
6611
6614
6471
5285
5327
5200
7052
5872
5226
5347
5202
6399
5800
6157
5237
5304
6988
5968
6157
6168
5845
6594
5958
5508
5990
5230
6119
7056
7065
7085
6291
7073
5359
6826
7315
5958
7173
6516
6754
6594
7084
6353
5789
5949
6804
6911
6669
6413
6453
7020
5714
5770
6004
6732
7022
5522
5681
5989
5385
7035
5401
6412
6578
6196
6147
5359
5858
6087
5290
5950
6637
5950
5358
6702
5478
5282
6248
5316
6941
5573
7270
6559
5989
5487
5965
5679
7208
5356
5371
5987
6694
6002
5286
6381
5491
7285
6173
6502
6697
7289
5916
6308
5306
7330
5987
6047
6669
6694
6735
7293
5412
5848
6359
5539
7150
6074
6675
7256
6422
5308
5670
5874
5874
6840
5686
5414
6017
6171
5599
5314
6908
5575
5318
5774
5320
7050
5323
7005
6701
6543
6020
7095
6680
6585
6955
7087
5357
7116
6748
5738
6658
6854
5981
6122
5388
5554
7039
7233
6886
6462
6470
5937
5886
5653
6535
7106
5584
6316
5753
7163
7239
5371
5582
6842
5903
6474
6706
6825
7172
6468
7297
7299
6912
5368
5710
5396
6825
5414
6000
5974
5394
5795
6599
6620
6873
5997
5837
5543
7258
6347
5682
6314
6388
7164
7167
5392
6106
6421
6424
5394
5837
7334
7300
5558
6185
6806
6710
7224
5421
6358
5711
6900
6918
7230
6993
7022
5988
6911
5416
6548
6549
5852
6996
5420
5479
6614
6699
6376
6699
5673
6116
6837
5612
6185
6863
7061
5509
5428
5434
5431
7260
5927
5545
6414
5527
5467
6520
5449
5853
5932
6426
6903
7244
5453
6942
5621
6001
6003
7246
7163
5790
6946
5803
6284
5790
6522
5854
5460
6118
5470
5606
5661
5739
5465
6273
5755
5793
5471
6185
6164
5657
6683
6791
5753
5495
5505
6709
7327
7186
6806
6866
7267
5501
5494
5496
5497
5505
6202
6181
5674
6529
6531
6922
7079
5921
5676
6460
6518
5567
5964
5970
5523
5641
7066
6010
7228
6420
6502
6001
6324
6423
6806
5628
6954
6506
5933
7168
5733
6018
6659
7054
5616
5651
5553
6186
5564
7116
6537
6581
5564
7113
7116
5732
6189
7041
5688
5809
6231
5594
6557
7121
5905
6543
6871
7118
7112
6841
6812
6566
5595
7072
5590
5598
6051
6009
6767
6374
5588
5592
6334
6016
6484
6042
6283
5593
6414
6272
5796
6887
5603
6404
6059
6409
6037
5660
6189
5993
6602
6905
5620
5678
6172
6358
6362
7151
5617
6172
6180
7254
5620
6174
7163
5622
5623
5938
5939
6934
7043
5810
6474
6726
6664
6665
6974
6953
6672
7184
5646
6197
6947
5641
5645
5651
6066
5867
6134
5944
5660
6583
6837
6844
6069
6060
6457
6607
5660
5797
6197
5779
5863
6660
6070
6073
5780
6512
7024
6258
6777
5671
5814
6730
5706
6097
6961
5694
6624
6789
6370
5683
5749
6027
6265
6589
7036
6009
6907
6647
7189
5947
6901
7229
5883
6551
6172
6906
7048
6861
7281
6195
6722
6856
5931
5995
6060
6206
6244
5700
6200
6134
6713
6877
5789
7153
5733
6794
6597
6983
7092
7094
5843
5841
5861
7098
5732
6148
5994
5721
6166
6203
7315
5794
6203
6495
6198
6657
6783
6305
6262
6263
5867
7250
6309
5746
6281
5746
5768
6128
5771
6027
5749
6040
6494
5764
6875
7184
5800
6153
6820
5754
6273
6585
6800
6239
7251
5779
6855
5778
6128
6263
7012
6281
6360
5775
5879
5814
6719
7011
6265
5803
5957
6930
5782
5827
5787
6801
5792
5794
7038
5798
6673
7301
6196
6203
6872
5839
6035
5807
6773
6227
6327
7123
7083
5809
6207
6160
5823
5841
7140
5992
6108
5841
6860
5995
7241
5820
5822
5838
6044
7181
6968
6013
6690
6944
6369
5880
7291
6560
6757
5849
5849
6483
6654
6726
7216
7223
5849
5930
6585
5885
6998
6585
6805
7152
6601
6133
6632
7093
5937
5873
7231
5878
6252
6470
6737
7174
6467
6638
5892
6031
7220
7293
6722
6724
5927
7093
6113
6740
7062
6285
6746
6880
7089
7100
7206
5907
6085
5915
5975
5912
6494
6140
6524
6124
6802
7307
6155
7206
5947
7126
7018
7259
7174
6915
7245
6572
7249
6435
6475
6660
5939
6762
6535
7144
6099
6582
6893
7301
5985
7017
5953
7017
6100
6300
6787
6315
6684
5986
5982
6592
6707
7019
5988
6577
6829
6339
6972
6295
6689
6120
6743
6324
6324
6691
6370
6720
6577
6793
6680
6966
6041
7282
6023
6400
6082
6616
6485
6464
6505
6992
6275
6051
6927
6373
6617
6898
6217
6602
6051
6258
6038
6106
6126
6909
6184
7218
6896
7096
6850
6876
6689
6427
6077
6151
6205
6948
7187
6059
6070
6065
6688
6560
7101
7320
6341
6269
7043
6800
7083
6510
6317
6459
7265
6858
7115
6812
6636
7186
7033
6914
6230
6553
6101
6646
6110
6109
6681
6276
6721
6105
7037
6461
6970
7238
6139
6129
7063
6436
6439
6289
6956
6127
6128
7161
6819
6716
6208
7225
6145
6139
6167
6170
6238
6507
6142
6145
6683
7190
6823
6150
6561
6149
7298
6296
7114
7134
6351
6834
6662
6168
6487
6188
6486
7193
6384
6666
6180
6749
6663
6959
6715
6307
6986
6344
6294
6386
6688
6197
6573
6223
6247
6744
6521
6294
6667
6231
6222
6231
6955
6932
6955
6229
6332
6330
6330
6231
6912
6711
7224
6638
6240
6242
6925
6259
7300
6661
6538
6260
6247
6558
6255
6951
7051
7139
7045
6266
6589
7226
7321
6306
7207
6325
6322
6343
7070
6354
6773
7068
6475
6510
6651
6313
6299
6303
7324
6318
7101
6767
6959
6318
6570
6342
6331
6380
6443
6337
7326
7090
6380
6530
6510
6403
6524
6477
6492
6512
6614
6691
7156
6765
7105
6936
6369
6892
6374
6374
6623
6378
6459
7209
6600
6652
6915
6400
6390
6396
6400
6662
6980
7091
6398
6402
6402
7063
6409
6424
6708
6855
6443
6418
6436
6798
6526
6895
6509
6610
7287
6836
6509
6517
6439
6437
6439
6446
6544
6461
6463
7157
6449
7323
6705
6480
6747
6846
7109
6943
6586
7288
6471
7124
6461
6957
7171
6967
7079
6807
6973
7135
6472
7298
6534
7104
7135
6696
6525
7009
7235
7093
6919
7155
6502
7209
6654
6867
7215
7209
6485
6505
6487
6496
6491
7176
7058
6952
6525
7222
6666
6701
7004
6964
7281
6688
6520
6524
7014
7016
6903
6972
6533
6552
6877
6541
6556
6625
6545
6552
7121
7126
7126
7076
7077
6650
6841
6947
6799
7018
6898
6833
6841
6843
6836
6590
7317
6598
7012
6628
6649
6604
6608
6874
7111
6605
6985
6609
7021
6632
6873
6613
7023
7312
6619
6791
6625
6727
6623
7006
6650
6857
6645
7007
6646
7300
6840
6845
6653
6642
6643
6776
6645
6645
6854
7001
6776
6650
6756
6765
7293
7302
6923
6666
6715
6684
6729
6689
6677
6676
7302
6682
6929
6682
7089
6690
6739
6801
6909
7245
6745
6814
6700
6809
7084
6755
7017
7224
6912
6740
7092
6856
6891
6738
6768
6772
7208
6746
6880
6745
6958
6768
6783
6964
6799
6978
6795
7139
7158
7159
6793
6795
6794
6881
6946
6805
6813
6827
6817
7117
7273
6940
7008
7255
6926
6919
6881
6990
6858
7151
6924
6972
6969
6969
7059
6973
6973
7047
6860
6867
7058
7235
7243
7261
7262
7264
6885
7077
7098
6879
6917
6885
7081
7080
6924
7241
6974
7036
6908
7258
6915
6955
7210
7031
7032
6929
7302
6933
6953
6940
6941
7050
7331
6939
6945
7051
6976
6950
6950
7253
6974
6963
6965
6968
6972
7317
7255
7039
7208
7023
7032
6992
7251
7205
7326
6995
7124
7312
7007
7014
7012
7279
7229
7230
7035
7045
7238
7315
7242
7058
7264
7064
7065
7147
7097
7070
7081
7204
7281
7157
7108
7110
7113
7115
7128
7135
7150
7292
7136
7231
7162
7171
7166
7169
7218
7219
7271
7190
7197
7215
7243
7236
7248
7235
7237
7301
7248
7255
7328
7334
7275
7304
7290
7292
7304
7298
7334
7316
7325
)


// ************************************************************************* //
