/*--------------------------------*- C++ -*----------------------------------*\
| =========                 |                                                 |
| \\      /  F ield         | OpenFOAM: The Open Source CFD Toolbox           |
|  \\    /   O peration     | Version:  2312                                  |
|   \\  /    A nd           | Website:  www.openfoam.com                      |
|    \\/     M anipulation  |                                                 |
\*---------------------------------------------------------------------------*/
FoamFile
{
    version     2.0;
    format      ascii;
    arch        "LSB;label=32;scalar=64";
    note        "nPoints:2483  nCells:7335  nFaces:17129  nInternalFaces:12211";
    class       labelList;
    location    "constant/shell/polyMesh";
    object      owner;
}
// * * * * * * * * * * * * * * * * * * * * * * * * * * * * * * * * * * * * * //


17129
(
0
0
0
1
1
1
1
2
2
2
3
3
4
4
4
5
5
5
5
6
6
6
6
7
7
7
8
8
8
9
9
10
10
10
11
11
11
12
12
12
12
13
13
13
14
14
14
15
15
15
16
16
16
16
17
17
17
17
18
18
18
19
19
19
19
20
20
20
21
21
21
22
22
22
23
23
23
23
24
24
24
25
25
25
26
26
26
26
27
27
27
28
28
29
29
29
29
30
30
30
31
31
31
31
32
32
32
33
33
33
33
34
34
34
34
35
35
35
35
36
36
36
37
37
37
38
38
38
39
39
39
39
40
40
40
40
41
41
41
41
42
42
42
43
43
44
44
44
45
45
45
45
46
46
46
47
47
47
48
48
48
49
49
49
50
50
50
51
51
51
52
52
52
53
53
53
53
54
54
54
55
55
55
56
56
56
57
57
57
57
58
58
58
59
59
60
60
60
61
61
61
62
62
62
63
63
63
63
64
64
64
64
65
65
65
66
66
66
67
67
67
68
68
68
69
69
69
70
70
70
71
71
71
71
72
72
72
73
73
73
74
74
74
75
75
75
76
76
76
77
77
77
78
78
78
79
79
80
80
80
81
81
82
82
82
83
83
83
84
84
84
85
85
86
86
86
87
87
88
88
88
89
89
89
89
90
90
90
90
91
91
91
91
92
92
92
93
93
93
93
94
94
94
94
95
95
95
96
96
96
97
98
98
98
99
99
99
100
100
101
101
101
102
102
102
102
103
103
103
103
104
104
104
104
105
105
105
105
106
106
106
107
107
107
108
108
108
109
109
110
110
110
111
111
111
112
112
112
113
113
113
114
114
114
114
115
115
115
116
116
116
116
117
117
117
118
119
119
119
119
120
120
120
120
121
121
122
122
122
123
123
123
123
124
124
124
125
125
125
125
126
126
127
127
127
128
128
128
129
129
129
130
130
131
131
131
132
133
133
133
133
134
134
134
135
135
135
136
136
136
137
137
137
137
138
138
138
138
139
139
139
140
140
141
141
141
142
142
142
143
143
143
144
144
144
145
145
145
146
146
146
147
147
147
148
148
148
149
149
149
150
150
150
151
151
151
152
152
152
152
153
153
153
154
154
155
155
155
156
156
156
157
157
157
157
158
158
158
159
159
159
160
160
160
161
161
161
162
162
162
163
163
164
164
164
165
165
165
166
166
166
166
167
167
167
168
168
168
169
169
169
169
170
170
170
171
171
171
172
172
172
173
173
173
173
174
174
174
175
175
175
176
176
176
177
177
177
178
178
178
179
179
179
180
180
181
181
181
182
182
182
183
183
183
183
184
184
184
185
185
185
186
186
186
187
187
187
188
188
189
189
189
189
190
190
190
191
191
191
192
192
192
193
193
193
193
194
194
194
195
195
195
196
196
196
196
197
197
197
198
198
198
198
199
199
199
199
200
200
200
200
201
201
201
202
202
202
203
203
203
204
204
205
205
205
206
206
206
206
207
207
207
207
208
208
208
208
209
209
210
210
211
211
211
211
212
212
212
213
213
213
213
214
214
215
215
215
216
216
216
217
217
217
218
218
218
219
219
219
220
220
220
220
221
221
221
221
222
222
222
222
223
223
223
224
224
225
225
225
226
226
226
227
227
227
228
229
229
230
230
230
230
231
231
231
232
232
232
232
233
233
233
234
234
234
234
235
235
235
236
237
237
237
238
238
239
239
239
240
240
241
241
242
242
242
242
243
243
243
244
244
244
244
245
245
245
246
246
246
247
248
248
248
249
249
249
249
250
250
250
251
251
251
252
252
252
253
253
253
253
254
254
254
254
255
255
255
256
256
256
257
257
258
258
258
259
259
259
260
260
261
261
261
262
262
262
263
263
264
264
264
265
265
265
266
266
267
267
267
267
268
268
268
269
269
269
270
270
270
270
271
271
271
271
272
272
273
273
273
274
274
274
275
275
275
275
276
276
277
277
278
278
279
279
279
280
280
280
280
281
281
281
282
282
282
283
283
283
284
284
285
285
286
286
286
286
287
287
287
287
288
288
289
289
289
290
290
290
291
291
291
292
292
292
293
293
293
293
294
294
294
295
295
295
296
296
296
297
297
298
298
299
299
300
300
300
301
301
301
302
302
302
303
303
303
304
304
304
304
305
305
305
306
306
306
307
307
307
308
308
308
309
309
309
310
310
310
311
311
311
311
312
312
312
313
313
314
314
314
315
315
316
316
316
317
317
317
317
318
318
319
319
319
320
320
320
321
321
321
322
322
322
323
323
323
324
324
324
325
325
325
326
326
326
326
327
327
327
328
328
328
329
329
329
329
330
330
330
331
331
331
332
332
332
333
333
333
333
334
334
334
335
335
335
336
336
336
337
337
337
338
338
339
339
340
340
340
341
342
342
342
343
343
343
344
344
344
345
345
345
346
346
346
347
347
347
348
349
349
349
350
350
350
351
351
351
352
352
352
353
353
353
353
354
354
354
355
355
355
356
356
356
357
357
357
357
358
358
358
359
359
359
360
360
360
361
361
361
362
362
363
363
363
364
364
364
365
365
366
366
366
367
367
367
368
369
369
369
370
370
370
371
371
371
372
372
372
372
373
373
373
374
374
374
375
375
375
376
376
377
377
377
378
378
378
379
379
379
380
380
380
380
381
381
381
382
382
382
383
383
384
384
384
384
385
385
386
386
387
387
387
388
388
388
389
389
389
390
390
390
391
391
392
392
392
393
393
393
393
394
394
394
395
395
395
396
396
396
397
397
398
398
398
398
399
399
399
400
400
400
401
401
402
402
402
403
403
403
404
404
404
404
405
405
405
405
406
406
406
407
407
407
408
408
408
409
409
409
410
410
410
411
411
411
412
412
412
413
413
413
414
414
414
414
415
415
415
416
416
416
416
417
417
417
418
418
419
419
419
420
421
421
421
422
422
422
422
423
423
423
423
424
424
424
425
425
425
426
426
426
427
427
427
428
428
428
428
429
429
429
430
430
430
430
431
431
431
432
432
432
433
433
433
433
434
434
434
434
435
436
436
436
437
437
437
438
438
438
438
439
439
439
439
440
440
440
441
441
441
442
443
443
444
444
444
445
445
445
446
446
447
447
447
448
449
449
449
450
450
450
450
451
451
451
451
452
452
453
453
453
454
454
454
455
455
455
455
457
457
457
458
458
459
459
459
460
460
460
461
461
461
462
462
462
463
463
463
463
464
464
464
465
465
465
466
466
466
467
467
467
468
468
468
469
469
470
470
470
471
471
471
472
472
472
473
473
473
474
474
475
475
475
476
476
476
477
477
478
478
478
479
479
479
480
480
480
481
481
481
481
482
482
482
482
483
483
484
484
484
484
485
485
485
485
486
486
487
487
487
488
488
488
488
489
490
490
490
490
491
491
492
492
492
492
493
494
494
494
495
495
495
496
496
496
497
497
497
498
498
499
499
499
500
500
501
501
501
502
502
502
503
503
503
503
504
504
505
505
505
506
506
506
507
507
507
507
508
508
508
509
509
509
510
510
510
510
511
511
511
512
512
513
513
513
514
514
515
515
515
516
516
516
517
517
517
518
518
519
519
520
520
521
521
521
521
522
522
522
523
523
524
525
525
525
526
526
527
527
527
529
529
530
530
531
531
532
532
532
533
533
533
533
534
534
534
535
535
535
535
536
536
536
537
537
537
538
538
539
539
539
540
540
540
540
541
541
542
542
542
543
543
544
544
544
545
545
545
546
546
546
546
547
547
547
547
548
548
548
549
549
549
550
550
551
551
552
552
552
552
553
553
553
554
554
555
555
555
556
556
556
557
557
557
557
558
558
559
560
560
560
561
561
561
562
562
562
563
563
563
564
564
564
564
565
565
566
566
566
567
567
567
567
568
568
568
569
569
570
570
570
570
571
571
571
571
572
572
572
572
573
573
573
574
574
574
574
575
575
575
576
576
576
576
577
577
578
578
578
579
579
580
580
581
581
581
582
582
583
583
583
583
584
584
585
585
586
586
586
587
587
587
588
588
588
588
589
589
589
589
590
590
590
590
591
591
591
591
592
592
592
593
593
593
594
594
595
595
595
596
597
597
597
598
598
598
599
599
600
600
601
602
602
603
603
604
604
604
605
605
605
606
606
606
606
607
607
608
608
608
608
609
609
609
610
610
610
610
611
612
613
613
613
614
614
614
615
615
615
616
616
616
617
617
617
618
618
618
619
619
619
620
620
620
621
621
622
622
622
623
623
623
624
624
625
626
626
626
627
627
627
628
628
628
628
629
629
629
630
630
630
631
631
631
631
632
632
633
633
633
634
635
635
635
636
636
636
637
637
637
638
638
638
638
639
639
639
640
640
641
641
642
642
643
644
644
644
645
645
645
646
646
646
647
647
647
648
648
649
649
649
649
650
650
650
651
651
651
652
652
652
653
653
653
654
654
654
655
655
656
656
656
656
657
657
658
658
658
659
659
660
660
660
661
661
662
662
663
663
663
664
664
665
665
665
666
666
667
667
667
668
668
668
668
669
669
669
670
670
670
671
671
671
671
672
672
672
673
673
673
674
674
674
675
675
675
676
676
676
677
677
677
678
678
679
679
679
680
680
680
681
681
681
681
682
682
682
682
683
683
684
685
685
685
686
686
687
687
687
688
688
688
689
689
689
690
690
691
691
692
692
692
692
693
693
693
693
694
694
694
695
695
695
695
696
696
696
697
697
698
698
698
699
699
699
700
700
700
701
701
701
702
702
702
702
703
703
704
704
705
705
706
706
707
707
707
707
708
709
710
710
710
711
711
712
712
712
713
713
713
714
714
714
714
715
715
715
715
716
716
716
717
717
717
718
718
719
719
721
721
722
722
722
723
723
723
724
724
724
725
725
725
726
726
726
727
727
728
728
729
729
729
729
730
730
730
731
731
731
732
732
733
733
733
734
734
734
735
735
735
736
736
737
737
738
738
739
739
739
740
740
740
741
741
741
741
742
742
743
743
744
744
744
745
745
745
746
746
746
747
747
748
748
748
749
749
750
750
750
751
751
751
751
752
752
752
753
754
754
754
755
755
755
756
756
756
757
757
758
758
758
759
759
759
759
760
760
760
760
761
761
761
762
762
762
763
763
763
763
764
764
764
764
765
765
766
766
766
767
767
767
768
768
768
768
769
769
769
770
770
770
771
771
771
772
772
773
773
774
774
774
775
775
776
776
776
777
777
778
778
779
779
780
780
781
781
781
782
782
782
783
783
784
784
784
785
785
785
786
786
787
787
787
787
788
788
789
789
789
790
790
791
792
792
792
792
793
793
793
794
794
794
795
795
796
796
797
797
798
798
798
798
799
799
799
801
801
801
801
802
802
802
803
803
803
803
804
804
804
805
805
805
806
806
806
806
807
807
807
808
808
808
809
809
809
810
810
810
810
811
811
811
812
812
812
813
813
813
814
814
814
814
815
815
815
816
816
816
817
817
817
818
818
818
818
819
819
819
820
820
820
821
821
821
821
822
822
822
822
823
823
823
824
824
825
825
825
826
826
827
827
827
828
828
829
829
829
830
830
832
832
832
833
833
833
834
834
834
835
835
836
836
836
837
837
838
839
839
839
839
840
840
840
841
841
841
841
842
842
842
843
843
844
844
844
845
845
846
846
846
846
847
848
848
849
849
850
850
850
851
851
852
853
853
854
854
854
854
855
855
855
856
856
856
856
857
857
857
857
858
858
858
859
859
859
860
860
861
861
861
862
862
862
863
863
863
863
864
864
864
864
865
865
866
866
866
867
867
868
868
868
869
869
869
870
870
870
870
871
871
871
872
872
872
872
873
873
874
874
874
875
875
875
876
876
877
877
877
878
878
878
878
879
879
879
880
881
881
882
882
882
883
883
883
884
884
884
885
885
885
886
886
886
887
887
887
888
888
888
888
889
889
890
890
890
891
891
891
892
892
892
892
893
893
893
894
894
894
895
895
895
896
897
897
898
898
898
899
899
899
900
900
900
901
901
901
902
902
902
903
903
903
903
904
904
904
905
905
906
906
906
907
907
907
908
908
908
908
909
909
909
909
910
910
910
911
911
911
912
912
912
912
913
913
913
913
914
914
915
915
915
916
916
916
917
917
917
917
918
918
919
919
920
920
920
921
921
921
921
922
923
923
924
924
924
925
926
926
926
927
927
927
928
928
928
929
929
929
929
930
930
931
931
931
932
932
932
933
933
934
934
934
934
935
935
935
936
936
936
937
937
938
938
939
939
939
940
940
941
941
941
942
942
942
942
943
943
943
944
944
944
945
945
945
946
946
946
947
947
947
947
948
948
948
949
949
949
950
950
950
951
951
952
952
952
953
953
953
954
954
955
955
956
956
957
957
958
958
958
958
959
959
960
960
960
961
961
961
961
962
962
962
963
963
963
963
964
964
964
965
965
965
966
966
966
967
967
967
968
968
969
969
970
970
970
971
971
971
972
972
973
973
974
974
974
975
975
975
975
976
977
977
977
978
978
979
979
979
979
980
980
981
981
982
982
983
983
983
983
984
985
985
985
986
986
986
987
987
987
988
988
988
989
989
989
989
990
990
990
991
991
992
992
992
992
993
993
993
994
994
994
995
996
996
997
997
999
999
999
1000
1000
1001
1002
1002
1002
1002
1003
1003
1004
1004
1004
1005
1006
1006
1007
1007
1007
1007
1008
1008
1008
1009
1009
1009
1010
1010
1010
1011
1012
1012
1013
1013
1014
1014
1015
1015
1016
1016
1016
1017
1017
1017
1018
1018
1018
1019
1019
1020
1020
1021
1021
1021
1022
1022
1023
1023
1023
1024
1024
1024
1025
1025
1025
1026
1026
1027
1027
1027
1028
1028
1029
1029
1030
1030
1031
1031
1031
1032
1032
1032
1033
1034
1034
1034
1034
1035
1035
1035
1035
1036
1036
1036
1037
1037
1037
1037
1038
1038
1038
1039
1039
1039
1040
1040
1041
1041
1042
1042
1043
1043
1043
1044
1044
1044
1045
1045
1045
1046
1046
1046
1046
1047
1047
1047
1047
1048
1048
1048
1049
1049
1049
1050
1050
1051
1051
1051
1051
1052
1052
1053
1053
1053
1054
1054
1055
1055
1055
1055
1056
1056
1056
1057
1057
1058
1058
1058
1059
1059
1059
1060
1060
1060
1061
1061
1062
1062
1062
1063
1063
1063
1064
1064
1064
1065
1065
1065
1065
1066
1066
1066
1067
1067
1067
1068
1068
1068
1069
1069
1069
1069
1070
1071
1071
1071
1071
1072
1072
1072
1072
1073
1073
1073
1074
1074
1075
1075
1075
1076
1076
1076
1077
1077
1078
1078
1078
1079
1079
1079
1080
1080
1080
1081
1081
1081
1082
1083
1083
1083
1084
1084
1084
1084
1085
1085
1087
1087
1087
1087
1088
1088
1088
1089
1089
1090
1090
1090
1090
1091
1091
1091
1091
1092
1092
1092
1093
1094
1094
1094
1094
1095
1095
1095
1096
1096
1097
1097
1097
1098
1098
1098
1099
1099
1099
1099
1100
1100
1101
1101
1101
1102
1102
1103
1103
1103
1103
1104
1104
1104
1105
1105
1106
1106
1106
1106
1107
1107
1108
1108
1108
1109
1109
1110
1110
1110
1110
1111
1111
1111
1112
1112
1112
1113
1113
1114
1115
1115
1116
1116
1116
1116
1117
1117
1117
1118
1118
1119
1119
1119
1120
1120
1121
1121
1122
1122
1122
1122
1123
1123
1123
1124
1124
1124
1124
1125
1125
1126
1126
1126
1127
1127
1127
1128
1128
1128
1128
1129
1129
1129
1130
1130
1130
1130
1131
1131
1131
1131
1132
1132
1132
1133
1133
1133
1134
1134
1135
1135
1135
1136
1136
1137
1137
1137
1138
1138
1138
1139
1139
1140
1140
1140
1141
1141
1141
1141
1142
1142
1142
1142
1143
1143
1143
1143
1144
1144
1144
1145
1145
1145
1145
1146
1146
1147
1147
1147
1148
1148
1149
1149
1149
1150
1150
1150
1151
1151
1151
1152
1152
1153
1153
1153
1154
1154
1155
1155
1155
1155
1156
1157
1157
1158
1158
1158
1159
1159
1159
1159
1160
1160
1161
1161
1162
1162
1162
1163
1163
1163
1164
1164
1165
1165
1165
1166
1166
1167
1168
1168
1168
1169
1169
1169
1170
1170
1171
1171
1171
1172
1172
1172
1173
1173
1173
1174
1174
1175
1175
1175
1176
1176
1176
1177
1178
1178
1178
1179
1179
1180
1180
1180
1181
1181
1181
1182
1182
1183
1183
1183
1184
1184
1184
1185
1185
1185
1186
1186
1186
1186
1187
1187
1187
1187
1188
1189
1189
1189
1190
1190
1191
1191
1192
1192
1192
1193
1193
1193
1194
1194
1194
1194
1195
1195
1196
1196
1196
1196
1197
1197
1198
1198
1198
1199
1199
1199
1199
1200
1200
1201
1201
1201
1202
1202
1203
1203
1203
1204
1204
1205
1205
1205
1205
1206
1206
1206
1207
1207
1207
1207
1208
1208
1208
1208
1209
1210
1210
1210
1210
1211
1212
1212
1213
1213
1213
1214
1214
1215
1216
1216
1216
1217
1217
1217
1218
1218
1218
1218
1219
1219
1219
1220
1220
1220
1221
1221
1221
1222
1222
1222
1223
1223
1223
1223
1224
1224
1224
1224
1225
1225
1226
1226
1227
1227
1227
1228
1228
1228
1228
1229
1230
1231
1231
1231
1231
1232
1232
1233
1233
1233
1234
1234
1234
1235
1236
1236
1237
1237
1237
1238
1238
1238
1238
1239
1239
1240
1240
1240
1241
1241
1242
1242
1242
1243
1243
1243
1244
1244
1244
1245
1245
1245
1246
1246
1246
1246
1247
1248
1248
1248
1249
1249
1250
1250
1250
1251
1251
1251
1252
1252
1253
1253
1253
1254
1254
1254
1255
1255
1255
1256
1256
1256
1257
1257
1258
1258
1259
1259
1260
1260
1261
1261
1261
1262
1262
1262
1263
1263
1264
1265
1265
1265
1266
1266
1266
1266
1267
1267
1267
1268
1268
1268
1269
1269
1270
1270
1270
1271
1271
1271
1272
1272
1272
1273
1273
1274
1274
1275
1275
1275
1276
1276
1277
1277
1278
1278
1278
1279
1279
1279
1280
1280
1280
1281
1281
1281
1281
1282
1282
1282
1283
1283
1283
1284
1284
1284
1285
1285
1285
1286
1286
1287
1288
1288
1288
1289
1289
1289
1290
1290
1290
1291
1291
1291
1292
1292
1292
1293
1293
1293
1294
1294
1295
1295
1295
1296
1296
1297
1297
1297
1298
1298
1299
1299
1300
1300
1300
1301
1301
1301
1302
1302
1303
1303
1303
1304
1304
1304
1305
1305
1305
1305
1306
1306
1306
1307
1307
1307
1308
1308
1309
1309
1309
1310
1311
1311
1311
1312
1312
1312
1313
1314
1314
1315
1315
1315
1316
1316
1316
1317
1317
1318
1318
1318
1319
1319
1320
1320
1320
1321
1321
1321
1322
1322
1322
1322
1323
1323
1323
1324
1324
1325
1325
1326
1326
1327
1328
1328
1328
1329
1329
1330
1331
1331
1331
1332
1332
1332
1333
1333
1333
1334
1334
1335
1335
1335
1336
1336
1336
1337
1337
1337
1338
1338
1338
1339
1339
1339
1340
1340
1340
1341
1341
1341
1342
1342
1342
1343
1343
1344
1344
1344
1345
1345
1345
1345
1346
1346
1347
1347
1348
1348
1349
1349
1349
1350
1350
1350
1351
1352
1352
1352
1353
1353
1353
1354
1354
1354
1355
1355
1355
1356
1356
1356
1357
1357
1357
1357
1358
1358
1358
1359
1359
1359
1360
1360
1360
1361
1361
1362
1362
1362
1363
1363
1363
1364
1364
1365
1365
1365
1366
1366
1366
1367
1367
1367
1368
1368
1368
1369
1369
1369
1370
1370
1370
1371
1371
1371
1372
1372
1373
1373
1374
1374
1374
1375
1375
1376
1377
1377
1377
1378
1378
1378
1379
1379
1380
1381
1381
1382
1382
1383
1383
1383
1383
1384
1384
1385
1385
1386
1386
1386
1387
1387
1388
1388
1388
1388
1389
1389
1389
1390
1390
1390
1391
1391
1392
1392
1392
1393
1393
1393
1394
1394
1395
1395
1395
1396
1396
1396
1397
1397
1397
1398
1398
1398
1399
1399
1400
1400
1402
1402
1402
1403
1403
1403
1404
1404
1404
1404
1405
1405
1405
1406
1406
1407
1407
1407
1408
1408
1409
1409
1409
1410
1410
1410
1411
1411
1411
1412
1412
1413
1413
1413
1414
1415
1415
1416
1416
1417
1417
1417
1418
1418
1419
1419
1419
1420
1420
1421
1421
1422
1422
1422
1422
1423
1423
1424
1424
1424
1425
1425
1425
1425
1426
1426
1426
1427
1427
1427
1427
1428
1428
1429
1429
1429
1430
1430
1431
1431
1432
1432
1433
1433
1434
1434
1434
1434
1435
1435
1435
1436
1436
1436
1437
1437
1438
1438
1438
1439
1439
1440
1441
1441
1441
1441
1442
1443
1443
1443
1443
1444
1444
1444
1445
1446
1447
1447
1447
1448
1448
1448
1449
1449
1450
1450
1451
1451
1451
1451
1452
1452
1453
1454
1454
1454
1455
1455
1455
1456
1456
1456
1457
1457
1458
1458
1459
1459
1459
1460
1460
1460
1461
1461
1461
1462
1462
1463
1463
1463
1464
1464
1464
1465
1466
1466
1467
1467
1468
1468
1469
1469
1470
1470
1470
1470
1471
1471
1472
1472
1472
1473
1473
1473
1473
1474
1474
1474
1475
1475
1475
1475
1476
1476
1476
1477
1477
1477
1478
1478
1478
1479
1479
1479
1480
1480
1480
1481
1481
1482
1482
1483
1483
1484
1484
1484
1485
1485
1486
1486
1486
1487
1487
1488
1488
1488
1489
1489
1489
1490
1490
1491
1491
1491
1491
1492
1492
1493
1493
1494
1494
1494
1494
1495
1495
1496
1496
1496
1497
1497
1500
1500
1500
1501
1501
1501
1501
1502
1502
1502
1503
1503
1503
1504
1504
1505
1505
1505
1506
1506
1507
1507
1507
1508
1508
1509
1510
1510
1510
1511
1511
1511
1512
1512
1512
1513
1513
1513
1514
1514
1515
1516
1516
1516
1517
1517
1517
1518
1518
1518
1519
1519
1520
1520
1520
1521
1521
1521
1521
1522
1522
1523
1523
1523
1524
1525
1525
1525
1526
1526
1527
1527
1527
1528
1528
1529
1529
1530
1530
1530
1531
1531
1531
1532
1532
1533
1533
1534
1534
1534
1534
1535
1535
1535
1536
1536
1537
1537
1537
1538
1538
1538
1539
1539
1540
1540
1540
1541
1541
1541
1542
1542
1542
1543
1543
1543
1544
1544
1544
1545
1545
1545
1546
1547
1548
1548
1548
1549
1549
1550
1550
1550
1551
1551
1552
1552
1552
1553
1553
1554
1554
1555
1555
1556
1556
1557
1557
1558
1558
1558
1559
1559
1560
1561
1561
1562
1562
1563
1563
1564
1564
1565
1565
1566
1566
1566
1567
1568
1568
1568
1569
1569
1569
1570
1570
1570
1571
1571
1571
1572
1572
1573
1574
1574
1574
1576
1577
1577
1578
1579
1579
1580
1580
1580
1581
1581
1581
1582
1582
1583
1584
1584
1585
1585
1586
1586
1587
1587
1587
1587
1588
1588
1588
1589
1590
1591
1591
1592
1593
1593
1593
1594
1594
1595
1596
1597
1597
1598
1598
1598
1599
1600
1600
1601
1601
1601
1602
1602
1602
1603
1603
1604
1604
1604
1605
1605
1605
1605
1606
1606
1606
1607
1607
1608
1608
1608
1609
1610
1611
1611
1611
1612
1612
1612
1612
1613
1614
1615
1615
1615
1616
1617
1617
1618
1618
1618
1618
1620
1620
1620
1621
1621
1621
1622
1622
1622
1623
1623
1623
1623
1624
1624
1624
1624
1625
1625
1626
1626
1627
1627
1627
1628
1628
1628
1629
1630
1630
1630
1631
1631
1632
1632
1633
1633
1633
1634
1635
1635
1635
1636
1636
1636
1637
1637
1637
1637
1638
1638
1638
1639
1639
1641
1641
1641
1641
1642
1642
1642
1642
1643
1643
1643
1644
1644
1644
1645
1645
1645
1646
1646
1647
1647
1647
1647
1648
1649
1650
1650
1650
1650
1651
1651
1652
1652
1653
1653
1653
1654
1654
1654
1654
1655
1655
1655
1656
1656
1656
1657
1657
1657
1658
1658
1658
1659
1659
1660
1660
1661
1662
1662
1662
1662
1663
1664
1664
1664
1665
1665
1665
1666
1666
1666
1667
1667
1669
1669
1669
1670
1670
1670
1670
1671
1671
1672
1672
1673
1673
1674
1674
1674
1675
1675
1675
1676
1676
1676
1677
1677
1678
1678
1678
1679
1679
1679
1680
1680
1681
1681
1681
1682
1683
1683
1683
1684
1684
1685
1685
1686
1686
1687
1687
1687
1687
1688
1688
1689
1689
1689
1690
1690
1690
1691
1692
1692
1693
1693
1693
1694
1694
1694
1695
1695
1696
1696
1696
1697
1697
1697
1698
1698
1698
1698
1699
1699
1700
1700
1700
1701
1701
1701
1702
1702
1703
1703
1704
1704
1705
1705
1705
1706
1706
1707
1708
1708
1708
1709
1709
1709
1710
1710
1710
1711
1711
1711
1712
1712
1712
1713
1713
1714
1714
1715
1715
1715
1716
1716
1717
1717
1717
1718
1719
1719
1720
1720
1720
1721
1721
1722
1722
1722
1722
1723
1723
1724
1724
1725
1725
1725
1726
1726
1726
1727
1727
1727
1728
1728
1728
1729
1729
1729
1729
1730
1730
1731
1731
1733
1733
1733
1734
1734
1735
1735
1736
1736
1737
1737
1737
1738
1738
1738
1739
1739
1739
1740
1740
1741
1741
1742
1742
1742
1743
1743
1744
1744
1744
1745
1745
1746
1746
1748
1749
1749
1749
1750
1750
1751
1751
1751
1751
1752
1752
1752
1752
1753
1753
1754
1755
1755
1755
1756
1756
1757
1757
1757
1757
1758
1758
1758
1759
1759
1759
1760
1760
1761
1761
1762
1762
1763
1763
1764
1764
1765
1765
1766
1766
1766
1767
1767
1768
1768
1768
1769
1769
1770
1770
1771
1771
1771
1772
1772
1773
1773
1773
1774
1774
1774
1775
1775
1775
1776
1776
1776
1777
1777
1777
1778
1778
1779
1779
1779
1780
1780
1781
1781
1781
1782
1782
1782
1783
1783
1783
1785
1785
1785
1786
1786
1786
1786
1787
1787
1788
1788
1788
1789
1789
1790
1790
1790
1791
1791
1792
1792
1792
1793
1793
1793
1794
1794
1795
1795
1795
1796
1796
1797
1797
1797
1798
1798
1798
1799
1799
1800
1800
1801
1801
1802
1802
1802
1803
1803
1804
1805
1806
1806
1808
1808
1809
1809
1810
1810
1811
1811
1812
1813
1813
1814
1814
1814
1814
1816
1816
1816
1817
1817
1817
1818
1818
1819
1819
1819
1820
1820
1821
1821
1821
1822
1823
1823
1823
1824
1824
1825
1825
1825
1825
1826
1826
1826
1827
1827
1828
1828
1829
1829
1829
1830
1830
1830
1831
1831
1831
1832
1832
1833
1833
1834
1834
1835
1835
1836
1836
1837
1837
1837
1838
1838
1838
1839
1839
1839
1840
1840
1840
1841
1841
1841
1842
1842
1843
1843
1843
1844
1844
1845
1846
1846
1847
1847
1848
1848
1849
1849
1850
1850
1850
1850
1851
1851
1852
1852
1853
1853
1853
1853
1854
1854
1855
1855
1855
1855
1856
1856
1857
1857
1857
1859
1859
1859
1860
1860
1860
1861
1862
1862
1862
1863
1863
1863
1864
1864
1865
1865
1865
1866
1866
1866
1867
1867
1867
1868
1869
1869
1869
1870
1871
1871
1871
1871
1872
1872
1872
1873
1873
1873
1874
1874
1875
1875
1875
1876
1876
1877
1877
1878
1878
1878
1878
1879
1879
1879
1879
1880
1880
1880
1880
1881
1881
1881
1882
1882
1882
1883
1883
1883
1884
1884
1885
1885
1885
1886
1886
1886
1887
1887
1887
1888
1888
1888
1889
1889
1890
1890
1890
1891
1891
1892
1892
1892
1892
1893
1894
1894
1894
1895
1895
1895
1896
1896
1896
1896
1898
1898
1898
1899
1899
1899
1900
1900
1901
1902
1902
1902
1902
1903
1903
1904
1904
1904
1905
1905
1905
1905
1906
1906
1907
1907
1907
1908
1908
1908
1910
1910
1910
1910
1911
1911
1911
1911
1913
1913
1913
1914
1914
1914
1915
1915
1915
1915
1916
1916
1916
1917
1917
1917
1918
1918
1918
1919
1919
1920
1920
1920
1921
1921
1922
1922
1923
1923
1923
1924
1925
1925
1926
1926
1927
1928
1928
1929
1929
1929
1930
1930
1930
1931
1932
1932
1933
1933
1933
1934
1934
1934
1935
1935
1935
1936
1936
1936
1937
1937
1938
1938
1938
1939
1939
1939
1940
1940
1940
1941
1942
1942
1943
1943
1943
1943
1944
1944
1944
1945
1946
1946
1947
1947
1948
1948
1948
1948
1949
1949
1949
1950
1950
1951
1952
1952
1953
1953
1953
1954
1954
1955
1955
1955
1955
1956
1956
1956
1956
1957
1957
1957
1957
1958
1958
1958
1959
1959
1959
1959
1960
1960
1960
1961
1961
1961
1962
1962
1963
1963
1964
1964
1965
1965
1966
1966
1967
1967
1968
1968
1968
1969
1969
1969
1970
1970
1971
1971
1972
1972
1972
1973
1973
1973
1974
1974
1975
1976
1977
1977
1977
1978
1978
1979
1979
1980
1980
1980
1982
1982
1982
1982
1983
1983
1984
1984
1985
1985
1985
1986
1987
1987
1988
1989
1990
1990
1991
1991
1991
1992
1992
1993
1993
1993
1994
1995
1996
1996
1997
1997
1998
1998
1999
1999
1999
2000
2000
2000
2001
2001
2002
2003
2003
2003
2004
2004
2005
2005
2005
2005
2006
2006
2006
2007
2007
2007
2008
2008
2009
2010
2010
2011
2011
2011
2013
2014
2014
2014
2015
2015
2015
2016
2016
2016
2016
2017
2017
2018
2018
2019
2019
2020
2021
2021
2022
2022
2022
2023
2023
2023
2024
2025
2025
2025
2026
2026
2027
2027
2028
2028
2028
2029
2029
2030
2030
2030
2031
2032
2032
2032
2032
2033
2033
2033
2034
2034
2035
2035
2036
2037
2037
2038
2039
2039
2040
2040
2040
2041
2041
2041
2042
2042
2043
2043
2043
2044
2044
2045
2045
2045
2046
2047
2047
2047
2048
2048
2048
2048
2049
2049
2050
2050
2050
2051
2052
2052
2053
2053
2054
2054
2054
2055
2055
2055
2056
2056
2056
2057
2057
2057
2058
2058
2058
2059
2060
2060
2060
2061
2061
2061
2061
2062
2062
2062
2063
2063
2063
2064
2064
2065
2065
2065
2066
2066
2066
2066
2067
2067
2068
2068
2068
2069
2069
2070
2070
2071
2071
2072
2072
2073
2073
2073
2074
2074
2074
2075
2075
2076
2076
2077
2077
2077
2078
2078
2079
2079
2079
2080
2080
2081
2081
2081
2083
2083
2083
2085
2085
2085
2087
2088
2088
2088
2089
2089
2090
2091
2091
2091
2092
2092
2093
2094
2094
2094
2094
2095
2096
2096
2096
2097
2099
2099
2100
2100
2100
2101
2101
2102
2102
2103
2104
2104
2104
2105
2105
2105
2106
2107
2108
2108
2109
2109
2109
2109
2110
2110
2111
2111
2112
2112
2112
2113
2113
2113
2114
2114
2115
2115
2115
2115
2116
2116
2116
2117
2117
2117
2118
2118
2118
2119
2119
2119
2119
2120
2121
2121
2121
2121
2122
2122
2122
2123
2123
2124
2124
2124
2125
2126
2126
2126
2127
2127
2127
2128
2129
2129
2130
2130
2131
2131
2131
2132
2132
2132
2132
2133
2133
2133
2134
2134
2134
2135
2135
2135
2136
2136
2137
2137
2137
2139
2140
2140
2140
2141
2142
2142
2143
2143
2144
2144
2145
2145
2145
2146
2146
2147
2147
2148
2148
2148
2149
2149
2149
2150
2150
2151
2152
2153
2154
2154
2154
2155
2155
2155
2156
2156
2157
2158
2158
2159
2159
2159
2159
2160
2160
2160
2161
2161
2161
2162
2162
2163
2163
2164
2165
2165
2166
2166
2168
2168
2168
2169
2169
2169
2170
2171
2171
2172
2173
2173
2174
2174
2175
2175
2175
2176
2176
2176
2177
2178
2178
2178
2179
2179
2180
2180
2181
2181
2182
2182
2182
2183
2183
2185
2185
2185
2186
2187
2187
2188
2188
2189
2189
2190
2190
2191
2192
2192
2192
2192
2193
2193
2193
2194
2194
2195
2195
2196
2196
2196
2197
2197
2197
2198
2198
2198
2199
2199
2199
2200
2200
2200
2201
2201
2201
2202
2203
2203
2204
2204
2204
2205
2205
2205
2206
2206
2206
2207
2207
2208
2208
2208
2209
2209
2209
2210
2210
2211
2211
2211
2212
2212
2213
2213
2213
2214
2214
2214
2215
2215
2215
2216
2217
2218
2218
2219
2219
2220
2221
2222
2222
2222
2223
2223
2224
2224
2225
2225
2226
2226
2226
2226
2227
2227
2228
2228
2228
2229
2229
2229
2230
2230
2231
2231
2231
2232
2232
2233
2233
2233
2233
2234
2235
2235
2235
2235
2236
2236
2237
2237
2238
2238
2238
2239
2239
2239
2240
2240
2241
2241
2241
2242
2243
2244
2244
2244
2245
2245
2245
2246
2246
2246
2247
2247
2248
2248
2249
2249
2249
2250
2250
2250
2251
2252
2252
2253
2253
2254
2254
2255
2255
2255
2256
2257
2257
2257
2258
2259
2259
2260
2261
2262
2262
2263
2263
2264
2264
2265
2265
2266
2266
2266
2267
2267
2268
2268
2268
2269
2269
2270
2270
2271
2271
2272
2272
2272
2273
2273
2273
2273
2274
2274
2274
2276
2276
2276
2277
2278
2278
2279
2279
2279
2280
2280
2281
2281
2282
2282
2284
2284
2284
2285
2285
2285
2286
2286
2286
2287
2287
2287
2287
2288
2288
2288
2289
2289
2289
2290
2290
2290
2291
2291
2291
2292
2292
2293
2293
2294
2294
2295
2295
2296
2297
2297
2298
2298
2299
2299
2300
2301
2301
2301
2302
2302
2303
2303
2304
2304
2304
2304
2305
2305
2305
2306
2306
2306
2308
2308
2308
2309
2309
2309
2310
2310
2310
2312
2312
2312
2312
2313
2313
2314
2314
2315
2315
2316
2317
2317
2317
2318
2319
2319
2319
2320
2320
2321
2321
2321
2322
2322
2322
2323
2323
2323
2324
2325
2325
2326
2326
2327
2327
2328
2328
2328
2329
2330
2330
2330
2331
2331
2332
2332
2332
2333
2333
2334
2334
2334
2334
2335
2336
2336
2337
2337
2337
2337
2338
2338
2339
2339
2339
2340
2340
2341
2342
2342
2343
2343
2343
2344
2344
2345
2345
2346
2346
2348
2349
2349
2350
2350
2350
2351
2351
2352
2352
2354
2354
2355
2355
2356
2356
2356
2358
2358
2359
2360
2361
2361
2361
2362
2362
2362
2363
2363
2363
2364
2364
2364
2365
2365
2366
2367
2367
2367
2369
2369
2369
2370
2371
2371
2371
2372
2372
2373
2373
2374
2374
2374
2375
2376
2376
2377
2377
2377
2378
2379
2379
2379
2380
2380
2381
2382
2382
2382
2382
2383
2383
2383
2384
2384
2385
2387
2387
2388
2388
2389
2389
2389
2390
2390
2390
2390
2391
2391
2391
2392
2392
2392
2393
2393
2394
2394
2394
2395
2395
2395
2395
2396
2396
2396
2396
2397
2397
2397
2398
2399
2399
2399
2399
2400
2401
2401
2401
2402
2402
2403
2403
2403
2403
2404
2404
2404
2404
2405
2406
2407
2408
2408
2408
2409
2409
2410
2410
2411
2411
2412
2413
2413
2413
2414
2414
2415
2415
2415
2416
2416
2416
2417
2417
2417
2418
2418
2420
2420
2421
2422
2422
2422
2423
2423
2423
2424
2424
2425
2425
2425
2426
2427
2427
2428
2428
2428
2429
2429
2429
2430
2431
2431
2431
2431
2432
2433
2433
2434
2435
2435
2436
2436
2436
2437
2437
2437
2438
2438
2438
2439
2439
2439
2440
2441
2441
2442
2442
2443
2443
2443
2444
2445
2446
2446
2446
2447
2447
2448
2448
2448
2448
2449
2449
2449
2450
2450
2450
2451
2451
2451
2452
2452
2453
2454
2454
2454
2455
2455
2455
2456
2456
2457
2457
2457
2458
2458
2458
2459
2459
2460
2460
2460
2461
2461
2462
2462
2462
2463
2463
2463
2464
2464
2465
2465
2466
2466
2466
2467
2468
2468
2468
2469
2469
2469
2470
2470
2471
2471
2472
2472
2472
2473
2474
2474
2474
2475
2475
2476
2476
2477
2477
2478
2479
2480
2480
2481
2481
2481
2482
2482
2483
2483
2483
2484
2484
2484
2485
2486
2486
2487
2488
2488
2489
2489
2489
2490
2491
2491
2491
2492
2492
2493
2493
2493
2493
2494
2496
2496
2497
2497
2497
2498
2498
2499
2499
2500
2501
2501
2502
2502
2502
2503
2504
2504
2504
2505
2506
2506
2507
2507
2508
2508
2509
2510
2511
2512
2513
2513
2513
2514
2514
2514
2515
2515
2515
2516
2516
2517
2517
2517
2518
2519
2519
2519
2520
2520
2520
2521
2521
2522
2522
2522
2523
2524
2524
2525
2526
2527
2527
2528
2528
2528
2529
2529
2529
2529
2530
2530
2531
2531
2531
2532
2532
2533
2533
2534
2534
2535
2536
2536
2538
2538
2539
2539
2540
2540
2541
2542
2543
2543
2544
2544
2544
2545
2545
2545
2546
2546
2547
2547
2548
2548
2548
2549
2549
2549
2550
2550
2551
2551
2552
2552
2553
2553
2553
2554
2554
2554
2555
2555
2556
2556
2556
2557
2557
2557
2558
2558
2559
2560
2560
2560
2560
2561
2561
2561
2562
2562
2562
2563
2563
2564
2564
2564
2565
2565
2565
2566
2566
2567
2567
2568
2569
2569
2570
2570
2571
2571
2572
2573
2574
2575
2575
2576
2576
2576
2577
2577
2578
2578
2579
2579
2580
2581
2581
2582
2583
2583
2584
2584
2584
2585
2586
2586
2587
2587
2588
2588
2589
2589
2589
2590
2590
2590
2591
2592
2592
2593
2593
2594
2594
2594
2595
2595
2596
2597
2597
2598
2598
2598
2599
2599
2599
2600
2600
2600
2601
2602
2602
2603
2603
2603
2605
2605
2607
2607
2608
2608
2608
2609
2609
2609
2610
2610
2610
2610
2611
2611
2612
2612
2613
2614
2615
2615
2616
2618
2618
2619
2620
2620
2620
2620
2621
2621
2621
2622
2622
2623
2623
2624
2624
2624
2625
2625
2625
2626
2626
2627
2628
2628
2629
2629
2630
2630
2631
2632
2632
2632
2633
2633
2633
2634
2634
2635
2635
2635
2636
2637
2637
2638
2638
2639
2639
2640
2641
2641
2641
2642
2642
2642
2643
2643
2644
2644
2645
2645
2645
2647
2648
2648
2648
2649
2650
2650
2651
2651
2652
2652
2652
2653
2653
2655
2655
2655
2655
2656
2656
2656
2656
2657
2658
2658
2659
2660
2661
2661
2661
2662
2662
2663
2664
2664
2665
2666
2666
2666
2667
2667
2668
2668
2668
2669
2669
2670
2670
2670
2671
2671
2672
2672
2673
2673
2674
2674
2675
2676
2676
2676
2677
2677
2677
2678
2678
2678
2679
2679
2679
2680
2680
2680
2681
2682
2682
2682
2682
2683
2683
2684
2684
2684
2685
2685
2686
2686
2687
2688
2688
2688
2689
2689
2690
2691
2691
2692
2692
2692
2693
2693
2693
2694
2694
2694
2695
2696
2696
2696
2697
2697
2697
2698
2698
2698
2698
2699
2699
2700
2700
2701
2701
2701
2702
2702
2703
2704
2704
2704
2705
2705
2705
2706
2706
2707
2707
2707
2708
2708
2708
2709
2709
2710
2711
2711
2712
2712
2712
2713
2713
2714
2714
2714
2715
2715
2716
2716
2717
2718
2718
2718
2719
2719
2719
2721
2721
2721
2722
2722
2723
2723
2723
2724
2724
2725
2725
2726
2726
2726
2727
2727
2727
2728
2728
2728
2729
2729
2729
2730
2731
2731
2732
2733
2733
2734
2734
2734
2735
2735
2736
2736
2736
2737
2737
2738
2738
2739
2739
2740
2740
2741
2741
2742
2743
2744
2744
2744
2744
2745
2745
2746
2746
2746
2747
2747
2748
2748
2748
2749
2749
2749
2750
2750
2751
2752
2753
2753
2753
2754
2754
2755
2756
2757
2757
2757
2758
2758
2759
2759
2760
2760
2761
2762
2763
2763
2764
2764
2764
2765
2765
2765
2766
2766
2766
2767
2768
2768
2769
2769
2770
2770
2771
2771
2772
2772
2772
2773
2773
2773
2773
2774
2775
2775
2775
2776
2777
2777
2777
2778
2778
2780
2780
2781
2781
2781
2781
2782
2782
2782
2782
2783
2783
2784
2784
2784
2785
2785
2785
2786
2786
2787
2787
2787
2788
2789
2789
2789
2790
2790
2791
2791
2791
2792
2792
2793
2793
2793
2794
2794
2794
2795
2795
2795
2796
2796
2796
2796
2797
2797
2798
2799
2799
2799
2800
2801
2802
2803
2804
2804
2805
2805
2805
2806
2806
2806
2807
2807
2808
2808
2808
2809
2810
2810
2811
2811
2812
2813
2815
2815
2816
2816
2817
2817
2817
2818
2819
2819
2820
2820
2820
2821
2822
2822
2823
2823
2823
2824
2825
2825
2825
2826
2826
2826
2827
2827
2828
2828
2829
2829
2829
2830
2830
2831
2832
2833
2833
2833
2834
2834
2835
2835
2836
2837
2837
2837
2838
2839
2839
2840
2840
2840
2841
2841
2841
2842
2842
2842
2843
2843
2844
2844
2845
2845
2845
2846
2846
2847
2847
2847
2848
2848
2848
2849
2849
2850
2850
2850
2851
2851
2851
2852
2853
2853
2853
2854
2854
2855
2855
2855
2857
2858
2858
2858
2859
2859
2859
2860
2861
2861
2861
2862
2862
2863
2863
2864
2864
2865
2865
2866
2866
2866
2867
2867
2868
2868
2869
2870
2871
2871
2871
2872
2872
2873
2874
2875
2875
2875
2877
2878
2879
2879
2880
2880
2881
2881
2882
2882
2884
2884
2884
2885
2886
2887
2887
2888
2888
2888
2890
2890
2890
2891
2892
2892
2892
2893
2893
2893
2894
2894
2895
2896
2897
2897
2898
2898
2899
2900
2900
2901
2901
2902
2902
2903
2903
2904
2904
2905
2906
2906
2908
2909
2909
2910
2910
2911
2911
2912
2913
2914
2914
2915
2915
2916
2916
2917
2917
2918
2918
2919
2919
2920
2920
2920
2920
2921
2921
2922
2922
2922
2923
2923
2923
2924
2925
2925
2926
2926
2926
2927
2927
2928
2928
2928
2929
2930
2931
2932
2932
2933
2933
2934
2934
2934
2934
2935
2936
2936
2937
2938
2939
2939
2939
2941
2941
2942
2943
2943
2943
2944
2944
2944
2945
2945
2946
2947
2947
2948
2948
2948
2949
2949
2950
2950
2951
2951
2952
2952
2953
2954
2954
2954
2954
2955
2955
2956
2956
2956
2957
2957
2957
2958
2958
2959
2960
2960
2961
2961
2961
2962
2962
2963
2964
2965
2966
2967
2968
2968
2969
2969
2970
2970
2972
2972
2973
2974
2974
2975
2975
2976
2977
2977
2978
2978
2979
2980
2980
2980
2980
2981
2981
2982
2982
2983
2984
2984
2984
2985
2986
2987
2988
2988
2989
2989
2990
2990
2991
2991
2992
2993
2993
2994
2994
2994
2995
2996
2996
2997
2998
2998
2999
2999
2999
3000
3001
3001
3001
3002
3002
3003
3004
3004
3004
3005
3005
3005
3006
3006
3007
3009
3010
3010
3012
3013
3013
3014
3014
3014
3015
3015
3016
3016
3017
3018
3019
3020
3020
3020
3021
3021
3022
3022
3023
3023
3024
3024
3025
3025
3025
3027
3027
3027
3027
3028
3028
3028
3029
3029
3029
3030
3031
3031
3032
3032
3032
3033
3034
3034
3034
3035
3035
3036
3037
3038
3038
3039
3039
3039
3040
3040
3041
3041
3041
3042
3043
3043
3043
3044
3045
3045
3045
3046
3047
3047
3048
3048
3048
3049
3049
3049
3050
3050
3050
3050
3051
3051
3052
3053
3054
3054
3054
3055
3055
3056
3057
3057
3057
3058
3058
3059
3059
3059
3061
3061
3062
3062
3062
3063
3063
3063
3064
3064
3065
3065
3065
3066
3066
3066
3066
3067
3068
3068
3069
3069
3070
3070
3071
3071
3074
3074
3074
3075
3076
3076
3076
3077
3077
3078
3078
3079
3080
3080
3081
3081
3081
3082
3082
3082
3083
3084
3085
3085
3085
3086
3086
3087
3087
3088
3089
3089
3089
3090
3090
3091
3091
3091
3092
3092
3093
3093
3094
3095
3096
3096
3097
3097
3098
3098
3099
3100
3100
3101
3101
3102
3103
3103
3105
3105
3106
3106
3106
3107
3107
3108
3108
3109
3109
3109
3110
3110
3111
3111
3111
3111
3112
3112
3112
3113
3113
3113
3114
3114
3114
3115
3115
3116
3116
3117
3117
3118
3118
3119
3119
3119
3120
3120
3121
3121
3121
3123
3125
3125
3125
3126
3126
3127
3127
3128
3128
3128
3129
3129
3130
3130
3131
3131
3131
3132
3132
3133
3133
3133
3134
3134
3135
3136
3138
3138
3139
3139
3140
3140
3140
3141
3142
3142
3142
3143
3143
3143
3144
3145
3145
3145
3146
3146
3146
3147
3147
3147
3148
3148
3148
3149
3149
3150
3150
3150
3151
3152
3153
3153
3154
3154
3154
3155
3155
3155
3156
3157
3158
3158
3159
3159
3160
3160
3161
3161
3161
3162
3162
3163
3163
3165
3166
3166
3166
3167
3167
3169
3169
3170
3170
3170
3171
3171
3172
3172
3172
3173
3173
3173
3174
3175
3176
3176
3177
3177
3177
3177
3178
3179
3179
3181
3182
3182
3182
3183
3183
3184
3184
3184
3184
3185
3186
3186
3188
3188
3189
3190
3190
3191
3191
3192
3192
3193
3194
3194
3194
3195
3196
3196
3197
3197
3198
3199
3199
3200
3202
3202
3202
3203
3203
3204
3204
3205
3205
3206
3206
3206
3207
3207
3207
3207
3208
3208
3209
3210
3210
3210
3212
3213
3213
3214
3214
3214
3215
3216
3217
3218
3218
3218
3219
3220
3221
3221
3222
3223
3223
3224
3224
3225
3225
3226
3226
3227
3227
3227
3228
3230
3231
3232
3232
3232
3233
3234
3234
3234
3235
3236
3236
3236
3236
3237
3237
3237
3238
3238
3238
3239
3240
3240
3241
3241
3242
3243
3243
3244
3244
3245
3245
3246
3247
3247
3248
3248
3248
3250
3251
3252
3253
3253
3253
3254
3254
3255
3256
3256
3256
3257
3257
3257
3258
3258
3258
3258
3259
3259
3260
3260
3261
3261
3261
3262
3262
3263
3263
3263
3264
3264
3264
3264
3265
3265
3266
3266
3266
3266
3267
3267
3269
3269
3269
3269
3270
3270
3272
3272
3273
3273
3273
3274
3274
3275
3275
3276
3278
3278
3278
3279
3280
3281
3281
3282
3282
3283
3284
3285
3285
3285
3287
3287
3288
3288
3289
3289
3290
3290
3290
3292
3294
3294
3296
3297
3297
3298
3298
3298
3299
3299
3299
3300
3300
3300
3301
3302
3302
3303
3304
3304
3304
3305
3305
3305
3306
3307
3308
3309
3310
3311
3311
3313
3313
3315
3315
3316
3316
3317
3317
3318
3319
3319
3319
3319
3320
3320
3321
3322
3323
3323
3324
3325
3325
3325
3326
3326
3326
3327
3327
3328
3328
3329
3329
3330
3330
3331
3332
3332
3332
3333
3333
3334
3334
3334
3335
3335
3336
3336
3337
3337
3338
3338
3339
3339
3339
3340
3340
3340
3341
3341
3341
3342
3342
3343
3343
3343
3344
3345
3346
3347
3347
3348
3348
3349
3349
3350
3351
3352
3352
3353
3354
3354
3354
3355
3355
3355
3356
3356
3357
3357
3357
3358
3359
3360
3360
3361
3361
3361
3362
3362
3363
3363
3363
3364
3365
3366
3366
3367
3367
3367
3369
3369
3369
3370
3370
3371
3371
3371
3372
3373
3373
3374
3374
3375
3375
3376
3377
3378
3378
3379
3380
3381
3381
3382
3382
3383
3383
3383
3384
3384
3384
3385
3385
3386
3386
3387
3388
3389
3389
3389
3391
3391
3391
3391
3392
3392
3394
3394
3394
3394
3395
3395
3395
3396
3396
3396
3397
3397
3398
3398
3398
3399
3400
3400
3401
3401
3402
3402
3402
3403
3404
3405
3407
3407
3407
3408
3408
3409
3409
3410
3410
3411
3411
3411
3411
3412
3412
3413
3414
3414
3414
3415
3415
3415
3416
3416
3417
3417
3418
3419
3419
3419
3420
3420
3421
3422
3422
3422
3423
3423
3423
3424
3425
3426
3428
3428
3429
3429
3430
3430
3430
3431
3431
3432
3432
3432
3433
3434
3434
3434
3434
3435
3435
3435
3436
3436
3437
3438
3438
3438
3438
3439
3440
3440
3441
3441
3441
3442
3442
3442
3443
3443
3444
3444
3444
3445
3446
3446
3447
3447
3449
3449
3449
3450
3450
3450
3451
3451
3452
3452
3453
3453
3453
3454
3454
3455
3455
3455
3456
3456
3457
3457
3458
3458
3458
3459
3460
3460
3460
3462
3462
3463
3463
3463
3464
3464
3465
3466
3466
3467
3469
3471
3471
3471
3471
3472
3472
3472
3476
3477
3478
3478
3479
3480
3480
3481
3483
3483
3484
3486
3486
3487
3487
3488
3489
3489
3490
3490
3491
3492
3492
3493
3493
3495
3495
3495
3496
3496
3496
3497
3497
3498
3498
3499
3501
3501
3501
3501
3502
3502
3503
3503
3503
3503
3505
3505
3506
3506
3506
3507
3509
3510
3511
3511
3512
3512
3512
3513
3514
3514
3515
3515
3516
3516
3517
3517
3517
3518
3519
3519
3520
3520
3521
3521
3521
3522
3522
3523
3523
3524
3524
3525
3525
3525
3526
3526
3528
3528
3529
3529
3530
3531
3532
3533
3533
3534
3534
3534
3535
3536
3536
3538
3538
3538
3539
3539
3540
3541
3542
3543
3543
3543
3544
3544
3545
3546
3546
3546
3548
3548
3549
3550
3551
3551
3552
3552
3552
3553
3554
3554
3555
3555
3556
3557
3557
3558
3558
3559
3560
3560
3560
3561
3562
3563
3563
3564
3564
3565
3566
3566
3567
3567
3567
3568
3568
3569
3570
3570
3571
3571
3571
3572
3573
3573
3573
3574
3574
3575
3575
3576
3576
3576
3577
3577
3578
3579
3579
3580
3581
3581
3582
3582
3583
3583
3583
3584
3584
3585
3585
3586
3586
3587
3587
3588
3589
3591
3591
3592
3593
3593
3594
3595
3596
3597
3599
3599
3599
3600
3601
3601
3603
3603
3604
3604
3604
3605
3606
3607
3607
3608
3608
3609
3609
3610
3610
3611
3612
3612
3613
3614
3614
3615
3615
3616
3616
3617
3617
3617
3619
3619
3619
3620
3621
3623
3623
3624
3624
3625
3625
3627
3627
3627
3628
3628
3628
3629
3629
3630
3630
3632
3632
3632
3633
3633
3633
3634
3634
3635
3638
3638
3639
3640
3641
3642
3643
3643
3644
3645
3645
3646
3646
3646
3647
3647
3648
3649
3649
3650
3651
3652
3653
3655
3655
3657
3658
3658
3659
3660
3661
3661
3662
3663
3664
3665
3665
3666
3666
3666
3667
3667
3667
3668
3669
3669
3669
3671
3672
3674
3675
3675
3678
3680
3680
3680
3681
3682
3683
3683
3683
3684
3684
3685
3685
3686
3687
3687
3688
3688
3689
3690
3692
3694
3694
3695
3696
3696
3696
3697
3698
3698
3699
3699
3700
3701
3701
3702
3702
3703
3703
3704
3704
3705
3706
3706
3707
3708
3709
3709
3710
3710
3711
3712
3713
3713
3713
3714
3714
3715
3715
3715
3716
3716
3717
3718
3719
3719
3719
3720
3721
3722
3722
3723
3724
3725
3725
3725
3726
3727
3728
3728
3728
3730
3730
3731
3732
3732
3733
3733
3733
3734
3735
3735
3735
3736
3736
3736
3737
3738
3738
3738
3739
3740
3740
3743
3743
3744
3744
3746
3749
3750
3751
3751
3752
3752
3753
3753
3753
3754
3754
3755
3755
3756
3757
3757
3757
3758
3759
3760
3760
3760
3761
3761
3761
3761
3762
3762
3762
3763
3763
3764
3764
3765
3765
3765
3767
3767
3767
3768
3769
3769
3769
3770
3771
3771
3772
3772
3772
3773
3773
3773
3773
3774
3774
3775
3775
3776
3776
3778
3778
3778
3779
3779
3780
3780
3780
3781
3782
3782
3783
3783
3784
3784
3785
3787
3787
3788
3789
3789
3789
3790
3790
3791
3791
3792
3794
3794
3795
3796
3797
3797
3797
3798
3800
3800
3801
3802
3803
3803
3805
3806
3806
3806
3807
3807
3807
3808
3808
3809
3810
3810
3810
3811
3811
3812
3813
3814
3815
3815
3815
3816
3816
3816
3817
3818
3818
3818
3818
3819
3819
3820
3821
3822
3823
3823
3823
3824
3825
3825
3825
3826
3826
3827
3827
3828
3828
3829
3829
3830
3830
3830
3831
3831
3831
3831
3833
3834
3834
3834
3835
3835
3837
3837
3837
3838
3839
3839
3839
3840
3840
3840
3841
3841
3842
3842
3842
3843
3843
3844
3845
3846
3847
3848
3848
3849
3850
3850
3851
3852
3852
3852
3853
3854
3854
3856
3856
3856
3857
3857
3859
3859
3859
3860
3861
3862
3862
3862
3863
3863
3863
3864
3865
3867
3868
3868
3869
3869
3870
3870
3871
3871
3872
3872
3874
3875
3875
3876
3877
3877
3877
3878
3878
3879
3879
3880
3881
3882
3882
3882
3885
3885
3886
3886
3886
3887
3887
3887
3888
3888
3889
3889
3889
3890
3891
3892
3892
3893
3894
3895
3897
3897
3898
3899
3899
3899
3900
3900
3901
3902
3903
3904
3904
3905
3906
3907
3907
3908
3909
3909
3910
3911
3911
3912
3912
3912
3914
3916
3916
3916
3917
3917
3918
3918
3921
3921
3922
3922
3923
3923
3924
3924
3925
3926
3926
3927
3928
3930
3931
3932
3932
3933
3933
3934
3934
3934
3936
3936
3937
3937
3937
3938
3938
3938
3939
3939
3939
3940
3940
3940
3941
3942
3942
3942
3943
3944
3944
3945
3945
3945
3946
3946
3947
3948
3948
3949
3949
3950
3950
3950
3951
3951
3952
3953
3953
3954
3954
3954
3956
3956
3957
3958
3958
3958
3958
3959
3959
3960
3961
3962
3963
3963
3964
3964
3965
3965
3965
3966
3970
3970
3970
3971
3972
3973
3974
3974
3975
3975
3976
3976
3977
3977
3978
3978
3978
3979
3980
3980
3983
3984
3985
3986
3987
3988
3988
3989
3989
3990
3990
3991
3992
3992
3992
3993
3993
3995
3995
3995
3995
3996
3996
3997
3998
3998
3999
4000
4002
4002
4003
4004
4005
4005
4006
4006
4006
4007
4008
4009
4010
4010
4011
4011
4011
4012
4012
4012
4013
4014
4014
4015
4015
4015
4016
4016
4016
4017
4018
4018
4018
4019
4019
4020
4020
4023
4023
4023
4024
4024
4025
4025
4026
4026
4026
4027
4027
4027
4028
4028
4028
4029
4031
4031
4031
4032
4032
4033
4034
4035
4035
4037
4038
4038
4039
4039
4040
4040
4041
4041
4041
4041
4042
4042
4042
4043
4043
4044
4045
4046
4047
4047
4048
4048
4049
4049
4049
4050
4052
4052
4053
4053
4054
4054
4054
4054
4055
4056
4056
4057
4058
4059
4060
4061
4061
4062
4064
4066
4066
4066
4067
4068
4069
4069
4070
4070
4071
4071
4072
4074
4074
4076
4077
4078
4078
4078
4079
4079
4080
4080
4080
4081
4081
4082
4084
4084
4086
4087
4088
4089
4089
4090
4091
4092
4092
4092
4093
4095
4095
4097
4097
4098
4098
4098
4100
4100
4102
4102
4103
4103
4104
4105
4105
4105
4106
4107
4108
4109
4109
4109
4110
4110
4111
4112
4112
4113
4113
4114
4114
4115
4115
4116
4117
4117
4118
4118
4119
4119
4120
4120
4121
4123
4124
4124
4125
4125
4125
4126
4128
4128
4129
4129
4130
4130
4131
4131
4131
4131
4133
4133
4134
4135
4136
4137
4137
4139
4139
4139
4140
4140
4141
4141
4142
4143
4143
4144
4145
4147
4147
4148
4149
4150
4150
4152
4152
4152
4152
4153
4153
4153
4153
4154
4154
4154
4155
4156
4157
4157
4158
4159
4160
4161
4161
4163
4163
4165
4165
4165
4167
4168
4168
4170
4171
4171
4172
4172
4172
4173
4173
4175
4175
4176
4177
4177
4178
4178
4179
4179
4179
4180
4181
4181
4182
4182
4182
4183
4183
4183
4184
4185
4185
4185
4187
4188
4189
4190
4191
4192
4192
4192
4194
4195
4196
4196
4196
4198
4199
4199
4201
4202
4202
4202
4203
4203
4204
4205
4205
4205
4206
4206
4207
4208
4211
4211
4211
4212
4212
4213
4213
4214
4215
4215
4215
4216
4216
4217
4217
4219
4220
4220
4220
4221
4222
4222
4222
4222
4223
4224
4225
4227
4228
4229
4230
4230
4231
4232
4233
4234
4235
4237
4237
4238
4238
4239
4239
4240
4241
4241
4243
4243
4244
4245
4246
4246
4247
4247
4248
4249
4250
4250
4250
4251
4252
4252
4252
4255
4256
4256
4258
4258
4258
4259
4260
4261
4261
4263
4264
4265
4267
4268
4270
4272
4272
4273
4274
4275
4276
4276
4277
4278
4281
4282
4283
4284
4284
4285
4285
4286
4287
4287
4288
4289
4290
4290
4290
4291
4292
4292
4293
4293
4294
4294
4295
4295
4295
4296
4297
4298
4298
4299
4301
4301
4301
4302
4302
4303
4304
4308
4309
4309
4309
4310
4310
4311
4312
4313
4313
4313
4315
4316
4317
4317
4318
4319
4320
4320
4320
4321
4321
4322
4322
4323
4323
4324
4325
4325
4326
4327
4327
4328
4328
4328
4329
4330
4332
4332
4332
4333
4333
4334
4334
4335
4335
4336
4336
4340
4340
4341
4341
4345
4346
4347
4347
4348
4349
4350
4351
4353
4353
4353
4354
4355
4355
4356
4357
4357
4358
4358
4358
4359
4359
4360
4360
4361
4363
4364
4364
4365
4365
4365
4366
4367
4367
4368
4369
4369
4369
4371
4372
4372
4374
4374
4375
4376
4376
4377
4377
4377
4379
4380
4380
4381
4381
4382
4383
4384
4384
4385
4385
4386
4386
4387
4387
4388
4388
4389
4390
4391
4391
4392
4392
4392
4393
4393
4393
4395
4395
4396
4396
4396
4397
4397
4397
4399
4400
4401
4402
4402
4403
4403
4404
4407
4407
4407
4408
4409
4410
4411
4411
4412
4412
4413
4413
4413
4413
4414
4415
4416
4417
4417
4418
4419
4420
4421
4422
4423
4423
4423
4424
4424
4425
4425
4426
4427
4428
4429
4429
4430
4431
4432
4432
4432
4433
4433
4433
4434
4434
4434
4435
4436
4437
4438
4438
4438
4439
4440
4441
4443
4444
4444
4447
4448
4449
4449
4450
4450
4451
4451
4452
4454
4454
4455
4455
4458
4458
4458
4458
4459
4459
4459
4460
4460
4463
4463
4465
4467
4468
4469
4469
4470
4471
4472
4473
4474
4475
4475
4476
4477
4478
4478
4478
4480
4482
4482
4483
4483
4483
4483
4484
4485
4488
4489
4489
4489
4490
4491
4492
4493
4494
4494
4494
4495
4496
4498
4498
4499
4500
4503
4503
4503
4504
4504
4505
4506
4506
4507
4507
4507
4509
4510
4510
4511
4511
4511
4511
4512
4513
4514
4514
4516
4517
4517
4517
4519
4520
4521
4521
4522
4523
4524
4524
4526
4527
4528
4529
4529
4530
4530
4530
4531
4532
4533
4533
4533
4534
4535
4535
4536
4536
4537
4538
4538
4539
4540
4541
4541
4542
4542
4543
4543
4545
4545
4546
4547
4547
4548
4548
4549
4550
4550
4551
4553
4554
4554
4555
4556
4557
4557
4557
4558
4558
4558
4560
4560
4561
4563
4563
4564
4564
4565
4566
4568
4570
4571
4571
4571
4571
4572
4572
4572
4574
4575
4577
4578
4578
4578
4580
4580
4584
4584
4585
4586
4588
4588
4590
4590
4591
4593
4594
4594
4595
4596
4598
4598
4599
4600
4600
4601
4601
4602
4602
4603
4604
4605
4605
4606
4606
4607
4607
4607
4608
4608
4609
4609
4609
4609
4610
4611
4612
4612
4613
4613
4615
4615
4616
4617
4619
4620
4622
4623
4623
4623
4623
4624
4624
4625
4625
4625
4626
4629
4630
4631
4632
4633
4633
4633
4634
4635
4635
4636
4636
4637
4640
4640
4641
4641
4641
4642
4643
4643
4644
4644
4645
4646
4646
4646
4646
4648
4648
4650
4650
4651
4652
4653
4654
4654
4657
4660
4661
4666
4667
4667
4668
4670
4670
4672
4672
4673
4675
4676
4676
4677
4678
4678
4679
4680
4680
4682
4683
4683
4683
4684
4687
4690
4691
4691
4691
4692
4692
4693
4693
4694
4694
4694
4694
4697
4698
4698
4699
4700
4701
4702
4702
4702
4703
4703
4704
4705
4706
4706
4707
4707
4708
4708
4709
4710
4711
4712
4712
4713
4713
4714
4714
4715
4715
4717
4718
4718
4718
4719
4719
4722
4724
4725
4725
4725
4726
4727
4727
4728
4729
4729
4730
4731
4731
4733
4734
4734
4736
4736
4737
4737
4738
4738
4740
4741
4742
4742
4743
4744
4745
4746
4748
4748
4748
4752
4752
4753
4754
4754
4755
4755
4756
4756
4758
4758
4758
4760
4762
4762
4763
4763
4763
4766
4767
4767
4769
4769
4770
4771
4771
4772
4773
4773
4775
4775
4776
4776
4780
4780
4783
4783
4783
4784
4785
4786
4786
4787
4787
4788
4788
4789
4789
4791
4791
4791
4792
4792
4792
4793
4793
4794
4796
4796
4796
4797
4797
4798
4798
4798
4799
4799
4800
4801
4801
4802
4802
4803
4804
4805
4805
4805
4807
4807
4809
4810
4811
4812
4812
4813
4815
4815
4816
4817
4817
4817
4818
4819
4820
4821
4822
4823
4825
4825
4825
4826
4828
4829
4831
4831
4831
4832
4833
4834
4838
4838
4838
4840
4842
4842
4843
4844
4844
4845
4846
4846
4847
4847
4848
4848
4849
4849
4849
4849
4850
4854
4854
4855
4855
4855
4857
4860
4861
4861
4862
4862
4862
4864
4864
4866
4867
4868
4869
4871
4873
4874
4875
4875
4877
4877
4877
4878
4880
4881
4882
4882
4883
4884
4887
4888
4889
4889
4890
4890
4890
4891
4892
4895
4897
4898
4899
4900
4900
4900
4902
4903
4904
4905
4905
4906
4907
4909
4909
4909
4910
4912
4915
4915
4915
4916
4918
4919
4919
4920
4921
4922
4923
4923
4923
4927
4929
4932
4932
4933
4933
4933
4936
4937
4937
4937
4938
4938
4939
4939
4939
4940
4940
4941
4941
4942
4943
4944
4947
4949
4951
4951
4952
4953
4954
4954
4954
4958
4959
4959
4960
4960
4962
4964
4965
4965
4965
4966
4966
4967
4968
4970
4970
4972
4973
4975
4975
4977
4978
4979
4981
4981
4981
4982
4982
4983
4984
4985
4986
4987
4989
4989
4991
4991
4992
4992
4994
4996
4996
4997
4998
4999
5000
5000
5001
5002
5002
5004
5006
5006
5007
5007
5008
5009
5009
5010
5013
5013
5014
5016
5017
5017
5019
5020
5020
5021
5021
5022
5022
5023
5025
5026
5026
5027
5027
5027
5028
5028
5029
5030
5032
5033
5034
5036
5037
5037
5038
5038
5039
5039
5039
5040
5040
5041
5041
5042
5044
5045
5045
5046
5048
5049
5050
5051
5052
5052
5052
5053
5053
5053
5055
5057
5057
5060
5061
5061
5063
5063
5065
5066
5067
5067
5068
5068
5069
5069
5070
5072
5072
5072
5073
5073
5073
5074
5074
5076
5077
5078
5078
5079
5082
5083
5083
5083
5083
5084
5085
5085
5085
5086
5087
5088
5088
5088
5089
5092
5092
5093
5094
5095
5096
5097
5098
5099
5100
5100
5101
5104
5106
5106
5108
5108
5108
5109
5110
5111
5111
5112
5113
5114
5116
5116
5117
5119
5120
5122
5123
5126
5126
5127
5132
5132
5133
5133
5133
5136
5137
5137
5138
5139
5141
5142
5142
5144
5146
5147
5148
5150
5153
5153
5155
5155
5156
5156
5156
5160
5161
5162
5162
5164
5164
5164
5166
5167
5168
5169
5172
5173
5174
5174
5175
5175
5176
5178
5178
5180
5180
5181
5181
5184
5185
5185
5186
5187
5187
5188
5188
5190
5191
5195
5196
5200
5203
5205
5206
5206
5207
5210
5210
5211
5216
5216
5218
5219
5219
5220
5220
5221
5221
5221
5224
5224
5225
5225
5227
5229
5229
5230
5230
5231
5232
5233
5234
5236
5236
5237
5238
5240
5242
5242
5243
5243
5243
5243
5245
5246
5246
5247
5248
5248
5250
5250
5252
5253
5256
5258
5259
5259
5260
5260
5261
5262
5263
5263
5264
5265
5265
5266
5266
5268
5268
5269
5270
5271
5272
5273
5274
5275
5277
5277
5277
5278
5279
5279
5280
5282
5283
5283
5284
5285
5287
5287
5288
5290
5291
5291
5291
5291
5292
5292
5293
5293
5293
5294
5294
5296
5297
5297
5298
5299
5300
5300
5301
5301
5303
5304
5307
5307
5308
5309
5310
5312
5315
5315
5316
5316
5319
5321
5323
5324
5325
5326
5328
5329
5330
5330
5331
5331
5332
5334
5335
5335
5336
5336
5337
5338
5338
5339
5340
5341
5341
5342
5343
5345
5346
5346
5348
5348
5349
5350
5350
5353
5354
5355
5356
5356
5357
5358
5359
5361
5361
5363
5364
5365
5366
5367
5369
5371
5372
5374
5378
5379
5380
5380
5380
5381
5382
5383
5385
5386
5387
5387
5389
5389
5389
5390
5391
5392
5392
5393
5393
5393
5394
5395
5398
5399
5400
5401
5403
5404
5405
5408
5408
5408
5409
5409
5414
5414
5415
5415
5415
5416
5416
5417
5418
5418
5419
5420
5421
5422
5422
5423
5424
5424
5425
5425
5426
5427
5428
5429
5429
5430
5433
5434
5436
5437
5441
5442
5442
5443
5444
5444
5446
5447
5447
5448
5450
5450
5451
5452
5453
5453
5454
5454
5455
5455
5457
5458
5459
5460
5462
5463
5463
5464
5464
5465
5465
5470
5474
5475
5476
5477
5480
5481
5482
5482
5484
5486
5487
5488
5489
5489
5491
5493
5495
5495
5497
5497
5498
5501
5504
5504
5507
5507
5509
5510
5511
5511
5512
5516
5516
5518
5518
5519
5520
5521
5523
5524
5525
5525
5526
5526
5530
5530
5531
5532
5532
5533
5533
5536
5536
5537
5538
5547
5547
5548
5548
5550
5550
5551
5551
5551
5552
5553
5554
5556
5559
5559
5560
5561
5561
5562
5562
5563
5563
5564
5565
5566
5568
5570
5574
5578
5579
5579
5581
5584
5585
5587
5587
5587
5589
5589
5590
5591
5592
5595
5597
5599
5600
5602
5602
5603
5603
5604
5605
5607
5608
5609
5609
5611
5611
5611
5612
5612
5613
5614
5614
5614
5615
5617
5617
5619
5621
5622
5622
5623
5624
5624
5625
5625
5625
5626
5627
5628
5629
5630
5631
5632
5632
5632
5633
5633
5634
5635
5637
5640
5643
5646
5649
5649
5649
5650
5651
5651
5652
5655
5655
5655
5656
5657
5657
5658
5658
5659
5659
5659
5662
5663
5664
5665
5665
5666
5667
5667
5668
5668
5669
5670
5671
5672
5677
5677
5679
5680
5681
5682
5683
5683
5684
5684
5685
5686
5686
5687
5687
5688
5691
5691
5692
5693
5693
5695
5695
5695
5696
5697
5699
5699
5700
5701
5701
5702
5702
5703
5703
5704
5704
5705
5705
5707
5708
5712
5712
5715
5717
5718
5720
5724
5725
5726
5727
5727
5728
5730
5731
5731
5733
5736
5736
5737
5738
5741
5742
5742
5743
5743
5743
5744
5744
5745
5745
5746
5747
5749
5750
5752
5752
5752
5753
5755
5756
5756
5757
5759
5761
5762
5764
5764
5766
5766
5768
5769
5771
5772
5773
5773
5774
5775
5776
5777
5778
5780
5781
5785
5788
5791
5791
5792
5794
5795
5795
5797
5798
5800
5801
5801
5802
5803
5804
5804
5804
5805
5807
5809
5810
5811
5812
5812
5813
5813
5814
5815
5816
5818
5819
5821
5822
5824
5824
5826
5828
5829
5829
5830
5831
5832
5834
5835
5839
5840
5842
5842
5843
5844
5844
5846
5846
5847
5850
5852
5854
5854
5855
5857
5859
5861
5863
5864
5866
5866
5867
5869
5871
5873
5879
5880
5880
5881
5887
5888
5888
5890
5890
5892
5893
5894
5894
5894
5896
5897
5897
5898
5898
5898
5901
5906
5907
5908
5909
5909
5911
5912
5913
5914
5914
5919
5919
5920
5922
5924
5924
5927
5929
5932
5934
5934
5935
5936
5936
5938
5939
5942
5946
5948
5948
5948
5950
5951
5951
5952
5953
5956
5961
5963
5973
5976
5979
5981
5984
5985
5985
5987
5988
5991
5996
5996
5997
5998
5999
5999
6002
6003
6004
6005
6007
6008
6011
6013
6013
6014
6014
6016
6017
6019
6019
6023
6024
6024
6025
6026
6028
6028
6030
6031
6031
6032
6033
6034
6034
6035
6037
6038
6041
6043
6044
6045
6045
6046
6046
6047
6050
6053
6055
6055
6056
6057
6058
6058
6062
6062
6063
6063
6064
6065
6066
6067
6071
6072
6073
6074
6075
6078
6079
6080
6087
6088
6088
6089
6090
6091
6092
6093
6093
6094
6095
6095
6098
6099
6101
6102
6103
6103
6105
6109
6112
6113
6116
6118
6120
6121
6123
6124
6127
6129
6130
6131
6131
6132
6133
6136
6136
6136
6138
6140
6141
6141
6142
6143
6144
6147
6148
6152
6158
6158
6158
6159
6161
6163
6165
6167
6169
6170
6170
6171
6173
6174
6175
6177
6177
6178
6179
6187
6189
6190
6194
6194
6196
6197
6199
6199
6200
6201
6203
6206
6207
6209
6209
6211
6213
6219
6222
6222
6226
6227
6229
6230
6232
6232
6234
6235
6236
6237
6238
6241
6242
6243
6244
6245
6247
6248
6250
6250
6251
6255
6257
6262
6264
6264
6268
6270
6271
6272
6279
6279
6280
6284
6284
6285
6286
6287
6292
6297
6301
6301
6303
6303
6307
6307
6313
6320
6325
6328
6328
6331
6334
6336
6337
6339
6339
6341
6349
6349
6352
6352
6354
6356
6357
6360
6364
6364
6366
6368
6371
6372
6373
6374
6376
6377
6377
6379
6382
6382
6384
6389
6391
6391
6392
6393
6394
6396
6398
6400
6401
6404
6409
6412
6412
6416
6417
6423
6425
6426
6427
6428
6428
6428
6431
6433
6433
6434
6436
6437
6440
6440
6441
6441
6441
6444
6445
6446
6447
6447
6449
6449
6450
6451
6453
6454
6454
6456
6456
6456
6457
6457
6460
6462
6463
6466
6468
6469
6471
6471
6472
6473
6473
6473
6475
6476
6476
6478
6479
6480
6481
6481
6482
6484
6485
6486
6489
6490
6493
6496
6497
6500
6500
6502
6504
6507
6508
6508
6510
6519
6520
6525
6525
6526
6530
6532
6534
6536
6539
6540
6543
6544
6546
6550
6550
6557
6561
6561
6562
6569
6573
6574
6575
6582
6584
6586
6587
6588
6589
6590
6591
6591
6593
6593
6597
6599
6599
6601
6603
6604
6606
6606
6608
6608
6611
6613
6615
6618
6619
6620
6620
6621
6627
6628
6632
6633
6633
6634
6635
6637
6637
6639
6640
6640
6641
6642
6643
6644
6645
6648
6649
6651
6657
6657
6658
6659
6663
6664
6667
6668
6669
6672
6675
6675
6676
6676
6677
6678
6679
6681
6683
6687
6690
6692
6693
6695
6700
6704
6707
6707
6708
6713
6716
6718
6724
6731
6735
6735
6737
6737
6742
6742
6744
6761
6765
6765
6766
6770
6772
6781
6781
6782
6782
6783
6792
6793
6795
6796
6800
6802
6807
6813
6816
6816
6818
6819
6821
6822
6830
6832
6832
6834
6835
6839
6839
6840
6845
6845
6848
6851
6852
6856
6859
6859
6862
6862
6864
6864
6864
6869
6872
6873
6876
6876
6883
6883
6890
6894
6897
6899
6900
6903
6904
6913
6916
6916
6918
6924
6926
6929
6930
6934
6935
6935
6935
6936
6938
6938
6943
6944
6945
6949
6949
6954
6960
6960
6965
6969
6975
6976
6978
6978
6981
6982
6984
6985
6987
6988
6994
6995
6995
7001
7009
7011
7029
7031
7031
7033
7036
7037
7038
7046
7053
7053
7056
7057
7057
7059
7069
7073
7094
7102
7104
7107
7108
7109
7110
7120
7124
7127
7129
7132
7133
7134
7157
7165
7165
7175
7175
7181
7184
7196
7201
7201
7207
7215
7222
7234
7234
7243
7254
7266
7272
7274
7284
7289
7291
7296
7297
7300
7314
7324
4094
1750
1535
3853
5967
5272
6362
446
432
4296
3053
2753
5970
817
5281
2880
3350
4361
843
1382
4080
5829
1284
2263
3109
5205
406
185
4285
5442
6359
4958
932
957
1030
5475
5096
5678
4643
3424
6265
5775
3725
5660
730
386
336
1073
1049
334
2053
2447
6842
774
6209
6360
1783
6654
1168
1174
5983
7019
998
4315
923
5467
5717
6148
745
5462
6554
5642
815
3214
228
4244
6117
5859
493
6521
1893
1497
6298
3659
3580
3011
4480
4202
3167
2196
3964
411
1560
2040
6191
2103
5646
1336
375
5126
7325
3540
3452
6301
2147
2298
1263
6638
4540
2142
4132
1739
5698
4390
7048
5234
5745
5672
5362
3770
6708
281
2013
2567
1561
3748
2627
155
5893
5647
6107
1777
5355
6722
285
5649
1631
1083
3007
6810
2792
5566
3373
3286
5769
1682
7160
4720
4508
3382
5162
1539
1793
2932
4453
6880
6598
4184
1169
6591
5771
5744
5719
6714
2677
6391
775
1597
2661
223
1040
2971
1795
2660
6164
4515
1236
236
4674
1086
238
1988
11
2675
2896
2754
6413
4303
3554
6058
5603
4271
6070
1559
1713
3015
5692
260
69
97
686
5785
5787
6942
3946
5591
3190
368
339
6083
3103
6515
290
4525
3898
4464
127
1466
6501
5606
3404
2962
218
2964
1070
6986
3603
1189
6405
6921
5820
186
227
737
4127
5727
273
4123
303
358
1987
1604
1756
2788
2074
4176
3630
1431
3326
2438
266
117
890
6003
1381
2690
2426
1462
1074
6139
3637
5963
709
4471
6121
79
831
224
3086
1528
566
641
5152
6823
1028
2189
6384
4921
1770
6187
6365
5763
1514
5620
1889
3991
7211
1242
5923
1830
1772
5280
3475
6207
4855
2353
6483
5791
703
4523
6956
4632
6778
2340
130
7323
1424
7228
617
6230
710
1045
5176
5605
5824
4844
6523
1096
1529
2227
1005
1004
54
1865
216
5908
2558
2548
3664
1452
4946
3794
5821
2555
2333
3981
5319
1333
658
3222
3368
7106
3174
2408
1549
2345
3047
5346
5501
84
5930
6174
6327
2067
6541
6866
5406
153
1089
1376
4815
5954
6964
6766
3594
2290
2291
2772
559
4289
1576
1640
78
85
308
2177
1870
2412
3055
4261
4269
3695
3635
2463
4020
582
1932
2763
2128
2936
2750
491
648
5869
6256
4743
673
3859
6181
1516
3806
639
257
788
1126
4122
6303
6313
2297
1370
6234
2144
3876
5755
1747
5643
6446
4111
1043
4585
252
808
5360
2088
2568
4560
5943
1221
2001
4398
1214
1365
2264
2551
3701
1603
5693
6860
6583
1971
4164
5313
3810
4713
6812
5172
340
3888
6732
6004
3082
4786
3812
744
3693
3557
4964
2281
313
5332
2502
5341
7011
3607
1972
6262
6393
4943
2269
2029
2670
3309
6933
88
5778
2858
5742
5441
2748
5439
4312
4545
2272
1851
1504
4286
1350
6096
4801
7282
2042
5125
6041
5454
3954
4326
4325
5547
5062
984
563
6610
1952
2487
1515
3572
1626
1884
4833
2181
981
2917
7125
2845
1115
3159
5538
4378
5450
5674
3094
1179
3141
1265
4416
5087
1264
25
1120
978
2613
100
2097
6162
1428
3213
1675
2079
7271
6204
4638
3477
678
2198
6163
1613
721
2346
6764
4892
4038
2579
3929
6507
5955
667
2517
1371
318
3473
1661
568
2592
7074
5772
3963
4521
1038
2170
5484
4264
1690
2430
1727
5994
739
4915
2028
1610
5514
2017
800
688
541
6623
6621
2200
5634
3897
5985
6395
1831
1519
2658
6277
2261
2537
2576
4443
7174
1076
1479
3906
2901
1439
1468
6275
2975
61
3502
2770
4112
6326
3684
1669
6762
2831
6048
2556
6818
2937
5154
1019
3162
2607
3215
3262
2543
4356
5255
67
2072
951
3510
1877
728
705
2149
4871
3760
1768
6559
5034
1805
441
4873
6996
4637
3220
5284
4615
805
1372
3345
3714
5438
4402
1829
1861
6898
6617
4498
5948
6569
2108
5020
5565
5758
3366
5900
4781
3721
2838
6691
2703
5342
5864
2898
7261
6061
3340
3614
6085
6748
1925
6462
6848
2388
3134
6590
537
6920
2384
3518
6734
3837
6578
2671
4232
2615
4307
3538
3822
5391
6037
2052
3126
1832
70
1811
1192
5005
1627
6683
4504
6132
6145
6756
4733
3116
6725
2877
2827
6618
6791
3425
3608
2245
2521
2769
3211
2125
4410
410
6118
1016
2209
3133
5931
6497
5535
3383
6768
6738
5927
2941
1088
2979
3992
6696
2839
4221
1067
4752
7191
3860
4304
1226
2639
1622
948
6138
6054
2578
5801
6038
2638
6011
6783
1562
2674
4226
3393
6498
3983
6790
504
6372
6975
4929
219
1201
1872
3828
4663
3786
5747
4836
3279
1309
2258
2229
6709
2440
1448
6266
6257
2870
3982
5956
2507
6100
2563
3056
4611
4051
82
4311
1821
1509
3083
2068
3114
1761
4723
5901
4624
4974
6486
855
3514
2049
6460
2741
5881
5304
3268
543
6776
6129
3130
6487
618
2612
1165
2510
6477
2134
3196
3378
2195
4568
4093
2416
1686
1931
3508
4267
5997
1024
6005
5670
539
3702
7044
1272
6594
5845
827
5875
5991
2965
4697
6983
3627
4594
5551
5331
6895
2323
6082
3564
6045
5026
150
4798
5102
1510
6567
2329
274
6566
514
3535
6108
6736
5204
5139
2000
4533
4056
4961
4472
1267
3342
4497
5902
5064
4212
4455
4426
5656
3856
6323
321
5206
1410
5583
6105
6093
6387
98
1407
1195
5230
3453
5589
6119
6024
2727
4209
7080
6731
4182
5708
5812
1135
6647
1397
3226
1331
6478
5526
2688
4644
6423
3536
6526
4709
2232
5750
2588
1419
1490
5885
2372
5910
910
6518
6415
7117
3300
2456
5998
3968
506
6672
4363
5197
6356
6760
867
1557
6669
6126
2407
1919
6641
7220
2550
110
3480
1429
5920
6779
5638
4887
2335
6511
6745
1923
4742
3798
1359
390
2847
5511
2816
3532
1922
4934
3686
4712
2654
2584
4224
3142
6671
2760
2179
6112
2328
6137
2636
6628
6633
6643
1644
2553
2222
3955
1283
2819
945
5911
4738
6576
3233
6135
2561
777
3496
1152
1803
1571
3883
6562
5120
449
184
4225
3146
901
4810
4886
5922
452
5254
3763
1607
5996
3389
1527
6969
1580
5349
3802
5225
7217
3585
2623
2470
3225
2625
1681
1898
5329
3559
1329
5854
6846
2157
6970
2166
2223
1399
970
3224
2331
99
1319
2486
143
197
4622
6811
6625
770
7098
5380
402
1291
2267
1277
3090
6481
4477
7016
231
4542
4290
2712
3704
4239
4620
297
2479
6624
4980
2394
629
4552
4548
7033
7035
4022
1974
3486
2716
4015
5387
6897
5239
2358
4308
2362
2360
3128
4302
7189
607
2676
3490
3765
5825
1396
1495
5673
2689
5850
5988
7073
5694
5159
3892
1184
1774
3437
6267
2547
677
3483
6104
1484
5235
95
391
3731
2365
6178
6658
4689
1257
4987
3700
20
3060
4960
4392
1324
2734
7088
5696
2344
2070
4030
6557
6361
2522
6049
2285
6666
6663
2842
7230
1292
6900
7225
4049
2488
5957
4358
2552
5002
3565
6547
2778
1630
4052
2244
3347
3441
7063
3678
7081
5198
1734
1563
3500
2732
4373
6008
1001
940
309
7064
3865
7056
149
6251
2735
1594
3097
4605
7071
1405
7321
7059
3460
2784
2618
5258
2544
4156
2631
2306
3993
1011
7170
796
1445
2679
1617
3275
2645
2236
7095
7171
5767
6454
7104
1220
2634
4163
4883
436
4159
3645
1672
6351
5405
2833
1540
3820
6224
605
1656
3081
694
7248
3336
6473
6862
5374
5049
1625
111
4010
3739
2644
5716
5067
2952
592
6780
3243
575
5029
7107
4846
2025
7108
4297
4575
1119
1787
3817
7085
4117
6131
2240
3229
4959
6242
5044
6113
1874
464
2881
4393
1123
7303
2715
4714
6670
6661
1758
6656
3493
2366
7227
7029
4448
2859
1503
573
6987
3018
1976
282
6804
2234
3228
4879
2956
435
3759
6561
1294
4625
1295
3000
4799
2148
6308
6013
5502
2860
949
1778
5826
7316
2826
5282
2401
4501
962
4058
440
3703
6260
1233
1003
1384
1487
2305
3728
4820
7291
5987
2686
310
6179
3247
2945
1755
2528
2587
5830
7186
1036
2783
5487
6704
2829
7087
6211
2542
542
3364
505
4703
6556
3067
4767
3616
6914
5030
1544
669
633
7206
732
2724
4598
425
6726
2731
7138
5456
4894
3417
4831
3516
5563
3253
6858
1962
943
1525
5860
1446
3277
2711
1299
1111
403
6769
604
2188
5586
2998
619
462
915
3922
4920
2812
2513
4066
2096
3183
5183
2903
3395
4874
2884
7307
997
985
5328
3255
790
4766
1788
4368
3988
6241
7279
5075
483
3705
2434
3195
5043
3692
3185
6312
4110
6954
1290
3315
4241
4334
4557
246
1930
4719
2706
1147
5267
2652
4457
5946
7144
1599
5047
3287
2545
3325
2793
1077
4771
412
7292
2221
4758
1691
7333
4784
3961
952
950
7188
3040
4604
4584
7332
4710
1839
5131
526
5403
4951
7119
6216
5855
4790
348
811
6325
4753
809
1044
4978
4977
4657
3579
5187
5904
3158
2274
7091
4992
4042
2862
3834
6158
5114
258
314
1098
1499
3151
2541
6698
6863
1849
2060
4436
7005
6542
4181
6317
2155
1250
5409
7130
2988
824
456
2697
5735
6476
5262
3024
3005
5306
5167
2569
1834
7334
5286
5295
1677
4085
4935
6346
7129
7223
4228
4760
2648
6377
1253
6144
1450
4258
7127
2841
6551
6815
154
4761
1819
1845
3525
453
5873
7208
3273
2777
3316
1854
2996
5288
7272
5103
2714
2680
5073
7299
1368
6337
3590
914
1437
2538
651
6185
5398
171
7018
7259
7236
4764
6340
898
2437
2647
2933
1204
5928
2938
7289
3410
5249
377
5389
2402
6695
752
1136
4804
6348
5376
1154
593
2450
4572
4853
7039
7310
3636
6302
3534
2907
1078
7052
1190
6376
3161
3042
1907
5424
1586
6422
1655
1254
7328
1275
4144
4658
2976
7268
5338
6074
2718
1255
5373
145
47
2948
2685
2929
4889
4246
1989
2888
893
886
3896
6334
5543
7286
400
2710
4917
2419
5460
3439
896
3578
1781
5471
7290
5397
6679
4097
5870
499
6865
4803
3061
6693
2982
3153
5458
2111
877
112
4813
937
3397
6333
1453
2424
3747
905
118
4468
919
3743
5468
397
1619
6289
474
558
6728
3920
6127
6493
6202
5496
938
2220
3706
210
4244
6117
2690
5859
1462
493
5963
6521
709
1893
4471
1497
6121
3426
79
831
3580
224
3011
1528
736
5618
2993
2942
6739
3690
1060
1166
107
6490
3577
4570
2231
3762
1458
56
955
4661
3405
1648
2890
4342
829
6123
7176
5495
650
6115
471
4777
972
2695
632
4346
83
6133
478
1556
6201
659
6723
6176
3951
2021
14
3881
4476
780
3588
3659
465
3755
6298
2341
217
5498
6166
87
4597
6787
1225
880
2857
3
6354
6280
6345
2442
4207
3647
719
6065
1629
530
6056
683
5473
1668
2745
3973
3654
2905
1979
6798
4950
3631
512
1815
3427
2046
4515
236
1086
1988
2675
2754
4303
6058
4271
1559
3015
260
97
5785
6942
5591
368
6083
6515
4525
4464
1466
916
1688
121
6931
161
6513
4158
3652
4469
6062
1050
6948
1986
7049
261
1206
6946
2603
6425
6517
174
520
301
1258
1827
6355
995
2601
240
2606
1175
1689
5440
3830
3208
6195
6036
96
2765
4024
2494
3125
1241
3242
235
6059
720
6283
341
1995
5602
3656
136
5447
2758
753
6310
5544
1546
3321
791
1061
779
6210
3597
2342
2500
662
2776
6420
498
5520
1589
3178
4865
5597
3593
3655
731
577
75
637
3648
5541
6306
202
986
742
708
5518
6010
3651
642
247
1583
5650
722
4864
3677
2912
3464
5641
802
4314
6304
4193
3679
2126
5523
1585
6066
5969
635
2914
2064
176
6269
5966
1013
5246
2383
4234
5609
6602
3733
3611
4035
531
706
6009
3668
3216
132
4462
835
5427
580
2387
2381
5601
5522
1303
4730
5581
4284
586
2278
6927
6414
2523
2717
5681
4138
2380
3730
3137
1202
3470
6712
873
862
1606
3751
3665
2491
5569
5595
3077
3467
4431
6977
6033
5428
4485
5598
1785
3669
2
3065
708
2500
6529
662
5518
3428
6420
498
6015
5520
1583
1406
1589
3178
2968
247
241
489
6531
3182
675
2665
5739
5661
2649
3216
132
131
6927
835
6028
5427
6414
5434
580
2387
5596
2717
3467
6410
9
7
6034
3223
6258
5662
2050
7252
0
6006
1225
3
10
3392
13
15
18
21
22
24
27
28
30
32
36
38
42
43
44
46
48
49
50
51
52
55
58
59
60
62
65
66
68
72
73
74
76
77
80
81
86
106
108
109
113
115
118
122
124
128
134
135
139
140
141
142
144
146
147
148
151
156
158
159
160
163
164
165
167
168
170
175
177
180
181
182
187
188
190
191
192
195
201
203
204
205
209
212
214
215
225
226
229
233
243
248
250
251
256
259
262
263
264
265
4370
268
269
272
276
277
279
288
289
291
294
296
298
299
302
305
306
315
319
320
322
324
327
332
337
338
342
343
344
346
347
350
351
352
354
355
359
360
361
362
363
364
366
367
369
370
371
373
374
376
378
379
382
383
385
389
394
395
396
397
401
407
409
415
418
419
421
427
429
431
437
443
444
445
447
457
459
460
461
467
468
469
470
472
473
474
475
477
486
487
495
496
497
500
502
508
511
512
513
515
516
519
522
524
527
528
529
530
532
534
538
544
551
553
554
555
556
558
560
561
565
569
578
579
581
585
587
594
595
596
597
600
601
602
603
609
611
612
614
622
623
624
625
626
627
630
634
636
643
644
645
646
652
653
654
655
657
660
661
666
670
683
684
689
691
696
697
698
700
701
704
711
712
713
717
718
719
724
725
726
733
735
746
747
749
750
755
756
758
762
765
767
772
776
778
781
782
783
785
794
812
816
819
1112
3775
4834
820
2499
2325
6389
4019
5090
6136
2808
4838
2872
5036
5242
3925
7169
6218
2696
2357
5761
3738
3643
1170
6820
4177
1464
4880
5497
6800
845
5709
2911
976
5783
884
2391
1806
1026
3271
6758
6965
3878
6563
851
1430
4231
4955
2800
2071
1306
4078
1249
5135
6474
5223
3921
1985
1418
4377
887
3986
5208
1031
5207
6963
3181
2081
6882
2336
7143
4735
3376
5163
2400
6822
6606
6485
1906
5010
6635
4247
3743
7001
1636
3148
3311
6020
3880
2574
1172
5536
5310
4382
6750
2131
1684
1697
5423
2687
5011
2187
5033
919
4522
4850
5776
6519
1251
1790
833
6608
2370
6587
3124
2653
3085
2443
1297
2002
3120
3307
5979
3421
6740
1227
3699
6067
2822
4972
1421
7062
6976
2701
2797
1744
4099
7277
5705
7092
4170
4589
4514
4685
6854
4191
823
5622
3746
3977
6455
5311
5559
3390
4354
4124
7159
2086
3541
6512
4922
2846
5732
2887
6402
4969
5806
3482
6466
6901
5916
1337
2924
2935
3560
5808
4479
1954
930
4516
3299
3997
5849
3797
6935
6941
3108
6665
6720
3563
7121
990
5863
3613
4534
6056
3952
3329
6850
5366
3447
5174
1020
6967
3147
6309
1160
1203
5741
4238
6923
4088
6278
3548
4400
5128
2190
2482
3254
5386
5185
4995
1695
7320
1676
6305
5838
6212
5173
6146
4087
4011
4072
1330
1245
1017
3372
3019
1482
6836
2874
6568
1197
1900
2006
2742
4486
3381
4642
3950
5811
6002
5473
5278
2876
5350
4039
6125
5384
1639
4278
2991
4295
3408
2363
3841
4728
3462
7180
5431
1950
1663
6182
889
1302
4050
1550
1411
7112
5548
4802
4084
5810
5127
6465
2176
2900
4210
3154
883
1735
2577
7099
3931
4062
3813
1532
4595
5466
5065
6285
4496
6441
7311
6344
825
5895
4829
4147
3244
5524
2875
3832
5006
6886
5032
6398
4962
1826
6753
5098
6102
6785
5851
5949
2415
1951
4106
7192
6694
4350
2410
3626
7226
5247
6937
1273
4842
5680
7046
3033
4349
2217
3203
4659
4248
6514
3685
2495
2429
5481
4708
4672
2835
7060
3314
1960
4207
2303
5961
4292
3306
7061
1628
6706
4757
3836
7183
6772
4014
5451
5110
4186
6223
6637
5261
1183
3180
6630
5122
6023
4510
5669
3941
5263
1151
3639
6232
2205
3305
3537
6929
5905
3377
2146
3814
5339
4171
4108
3031
3696
3889
5210
5146
6571
1163
1588
1432
6493
1079
3707
4034
2349
4759
4654
1066
1162
6831
6644
3358
4897
5799
5921
5317
7175
4647
936
2065
1313
7281
2572
848
4150
6861
6985
1658
4253
4519
4648
6050
1146
3805
1409
7256
3320
6678
1278
1759
5738
2597
4650
3327
4273
6851
2026
1282
2164
1148
1469
3893
3990
6824
3717
6368
4722
2844
5781
2308
828
5191
2873
6550
7132
1913
6183
2850
6552
1137
6380
1949
953
6358
6530
1134
4438
5200
1157
3472
6603
4401
4993
3513
1575
6217
4199
7065
5018
6872
4564
2857
4626
4082
880
5837
830
5550
6825
6877
7237
6364
5429
3976
1191
4059
2599
6116
6437
4071
1815
1866
5377
2761
2367
2512
3750
3118
6879
3998
4535
7024
1307
1287
6500
6876
4906
6494
5909
7032
4775
4785
3801
5141
7142
4994
7010
4567
3291
2668
6328
2946
2959
1737
6945
3617
2058
4913
5004
5770
3602
6172
5276
1608
4667
2165
6781
5413
2747
4204
874
6491
4468
1118
3933
5861
7218
3718
1033
2466
5503
5353
7008
2300
4220
5324
4885
1775
4965
3908
6347
5588
6532
5818
2286
6052
5401
834
6916
6443
1178
1177
3716
2983
1270
1683
5768
1784
6226
1417
2699
5148
7163
4365
1100
2139
6959
1093
2637
5762
5400
1312
2869
4665
1565
4223
2138
853
4506
4235
1862
6549
5250
5938
2113
7038
7315
4125
956
4645
4737
4379
1465
938
5195
2497
4229
939
4677
5364
6713
2745
5100
1823
4924
6560
5104
2107
5229
1718
1699
1235
2110
3009
988
1027
1493
4630
2271
842
1983
7306
837
3872
3449
2949
5684
6906
838
6660
1474
7198
918
5178
5490
4343
6634
2051
1848
4577
3160
1523
3302
2038
7051
1700
4275
3808
944
6763
1891
7153
2720
6060
4774
928
4208
6596
3463
2024
4276
2413
3953
1946
5241
3324
3917
3658
1961
2249
5676
4441
5217
2602
1367
3969
3259
1271
7229
1692
4903
1081
5558
1095
4406
6998
2663
3785
6335
1762
6448
1389
2889
2492
3413
5101
3251
7137
4830
2989
1518
4916
6676
5352
2913
1260
1276
2143
2178
7262
2041
3935
6827
6874
3553
2432
7214
5517
7015
3522
6202
2228
6219
3029
6457
7133
4203
5531
5061
6235
2087
2373
3824
1524
866
2210
2963
4819
840
1566
5157
7149
4751
5419
3012
3960
3468
1379
4500
4640
900
5069
3726
5626
2289
5149
2905
1412
3354
1358
865
2503
3754
6795
3284
1318
3689
2326
5542
3206
3858
4105
5356
4487
1941
2757
1568
4547
2805
3280
1577
7309
7242
2617
7058
7276
2632
1344
3346
7287
4532
4081
4466
3821
3260
2604
1579
3920
1812
3663
3642
6110
6289
1369
2999
954
2220
937
922
1868
1645
6092
1704
844
3595
2885
1693
1840
2730
3778
7027
4966
1818
3186
7249
6382
1351
5213
2257
6622
6053
3708
3515
1572
3369
6655
6329
4437
1635
3672
2183
6403
3436
1574
2705
3334
2004
2152
2616
1940
935
3140
1362
4262
4090
5130
2478
7070
5186
1970
3310
6333
1981
3638
4505
3747
3966
6142
7288
7105
4442
6453
6152
2151
7298
1039
2473
3246
5399
5196
6653
3096
6828
7318
1506
2037
6580
5050
2154
4627
3569
1715
1161
2464
3615
6018
2806
6924
2664
5653
4826
5720
6934
5624
3758
5001
6852
6911
847
5464
5510
5080
3706
849
6835
4603
3150
2902
3975
5728
1496
1820
5022
4653
3073
2571
7135
6463
1765
1455
7014
2594
1673
5171
6155
5117
5444
5379
4550
3298
3571
4338
4432
3854
2392
2355
1567
7166
6429
5348
1668
5123
6817
3847
5226
4064
3278
1776
6613
5917
1139
850
4161
3624
2771
1754
5499
6759
6430
6248
7057
5077
2098
4901
3353
5913
1652
5385
3443
4102
6276
1391
6741
4566
5580
4130
5555
5513
2035
6094
1921
1310
6642
6918
6907
1423
2811
4949
3331
4591
2173
4409
881
6492
3448
3430
4808
1712
6291
5667
3064
6659
1447
6794
3199
5852
6595
6626
1732
6418
2895
852
6373
7293
1909
7173
2446
4986
6075
933
5212
5796
1311
5883
959
4984
4867
5557
5940
7280
4629
6407
965
2477
4612
3619
5706
1856
1328
3057
5256
5358
4655
1633
5805
6995
3149
2076
3403
4077
4459
4928
5607
3349
4134
5891
5479
2078
2540
1702
2619
2393
3476
7247
4702
3344
859
5283
4005
6821
3914
3191
6981
3249
1939
3556
4814
1234
6417
2310
2277
1780
6703
1804
858
1731
2262
4415
4236
860
1716
4419
1289
2855
6808
1873
1843
4456
5046
1140
4967
3596
5343
5934
7260
6782
7122
6238
1215
2535
5795
4878
6752
2243
7216
4839
4279
5567
4740
6729
1813
6684
7072
5671
6419
1374
924
5074
6813
5664
4394
4250
2506
1881
894
6853
4812
1032
1944
7094
6297
1794
6833
3683
4287
4954
7100
5573
2421
1738
3136
1144
6788
3928
5614
1724
6189
2433
7120
6798
1274
926
6120
1471
4263
6664
2150
1619
7075
3767
6586
3511
6151
4167
1298
7275
1082
4998
3531
4213
4194
1530
2444
4447
6196
3967
5648
3979
4036
999
1129
5584
7154
2010
1760
4859
6311
4329
6536
5871
5816
7213
2709
3303
3164
2120
3527
4636
2981
5608
3105
2268
2307
1912
7301
4716
1198
5058
5070
4805
6721
977
1938
6601
5858
1996
5040
5509
5303
5976
1492
7123
7187
4679
2738
3575
7162
2585
7040
2095
1841
4352
2054
7066
6215
3035
868
1176
7326
3487
1602
1555
5042
2894
2378
4861
4863
4357
4926
6488
2296
869
1476
3811
6524
2596
4562
4682
4832
2992
6229
6799
3650
1193
4113
1052
1807
2997
5412
5945
5368
871
2158
1212
3052
4976
4592
4319
3894
2809
6843
1240
3533
2866
3218
925
3285
2114
7294
5045
4872
7195
3048
1012
6992
3971
2127
6984
2015
1229
3800
1536
5485
4778
966
6168
2582
3647
5008
1596
1590
4166
6751
2350
1156
7240
3803
5378
2986
2659
4724
2629
1348
3654
6971
5714
1611
5133
5165
2814
7002
7145
3550
5995
5574
6495
3646
1127
6000
4847
5848
946
4593
6802
2893
3688
1216
4107
4768
1485
3610
4701
4135
2684
3542
3312
1009
7296
6719
2666
1185
3332
1792
3465
3359
5594
5942
6915
1522
4990
5968
5320
5964
4046
2085
4008
4283
2505
7305
4918
5051
3622
1810
4616
2467
4116
6200
4891
4306
1211
7109
2651
993
1395
2526
6881
4628
4245
882
2036
4754
4896
3385
4003
4750
1999
6747
4293
1733
3823
2389
1296
3021
5099
6353
1392
3338
3099
4173
4002
3987
4664
1592
6153
6632
2301
3782
3586
2919
2995
3598
1897
5615
2409
4580
2813
1107
902
4265
4907
5903
3038
7199
6887
3419
3844
4680
5166
1360
2018
1467
4744
5786
6885
3435
6775
6636
3263
885
4288
1707
3294
2570
2669
895
2789
2033
1748
2657
2343
5494
4317
6392
2314
3864
3601
2034
5627
1808
6548
5158
7115
2774
4259
6544
4884
5150
3984
3267
941
4142
6687
4596
1053
5628
6545
5081
1615
3612
4118
2332
7327
6849
5925
4157
2352
4408
5151
5337
3339
1280
7185
6078
6961
6379
4405
4491
6350
3122
2851
7172
4280
3466
5973
6315
1041
4425
4089
5382
4666
4067
3017
4068
3791
1268
5071
5418
5318
2928
1600
3283
6055
3676
2266
4026
6205
6724
5443
5652
6482
4914
974
4539
5679
7284
5575
5582
4449
1969
4692
3006
6730
4963
4187
2012
1444
1300
2614
7131
1965
3809
4769
5446
2457
6564
1667
3673
6631
2944
5445
3902
1782
5539
4818
6997
3661
3494
1149
5529
1316
2422
3804
6809
3317
7151
4488
5164
3245
1997
6522
2854
6611
5886
4944
2785
1977
5027
5180
1317
5402
5515
4069
1413
3905
3062
3918
3217
4782
4025
980
4055
1666
2801
6667
2019
3558
5182
4800
5978
6114
5000
4251
4465
5644
6042
2531
4351
3375
1304
6012
4734
1895
2420
1354
4731
1745
6767
4732
4789
6331
3623
2642
5115
6936
4721
1643
3742
4526
2351
973
4460
5177
5294
3173
2212
4451
3666
6699
920
1638
5507
6555
3171
3735
1616
2939
2828
3276
1883
4947
2593
7177
4556
1817
4549
2216
6847
1863
6165
1472
5017
5219
3446
5170
1526
2583
6084
3478
6926
6716
2073
6479
5041
1117
3409
5371
5500
6227
4414
4700
5190
4126
3092
3873
7257
6354
3675
6527
6467
2160
5340
1132
5675
2161
6349
1380
3720
4196
3330
6381
2953
3431
4198
4608
2451
1021
1994
6605
6431
2255
3308
5344
3745
4870
4242
6243
4016
3715
2780
2376
3915
1314
1833
2254
1059
2524
5874
6717
3440
3192
1104
6076
3766
5301
1771
1975
6957
2020
3427
6584
996
4299
3080
1573
6127
6681
905
3566
4773
1651
2442
1456
1213
906
6888
6616
6928
3867
6597
3994
1736
1990
6330
7267
3400
4843
5506
5315
4098
2090
3135
5307
5468
3930
6286
2317
4420
6682
1927
5365
7179
1578
4385
6875
6733
5665
4925
3075
5882
2708
4927
3497
6950
3924
6573
1678
1918
7246
4858
2093
5867
1269
4162
4711
6609
1791
1415
1109
7000
3351
1936
6160
3913
1512
3101
4715
5754
2817
5657
2921
6341
2248
4610
4037
3386
2059
4745
1326
968
5585
3609
3157
1442
5079
7196
4076
3110
3835
1101
5222
5562
4902
931
3690
3885
3741
5161
3727
4104
5703
6925
3909
6017
4260
2501
5773
3088
1477
6450
3115
5814
2292
6345
7102
3851
4822
2485
6727
5404
3054
5211
3712
2202
6338
6796
4950
5788
7245
4686
2527
6990
7089
5525
2821
4749
1753
3796
5700
5699
6366
6288
5640
5289
4322
7244
3562
3201
4160
5273
1058
4139
2843
4517
1942
1621
3882
2197
3418
6746
5488
7045
4091
5089
4809
4690
7231
1394
1315
4140
6444
5268
2250
3100
1743
5512
4948
2692
3957
6786
5016
5109
3631
3030
3899
1108
3974
5528
2315
3200
2044
3212
6830
7041
5862
1248
3587
2539
1366
2099
7202
6098
7283
5707
6233
4553
5367
6435
5935
994
5260
7083
7308
4905
4857
4268
4509
3973
6169
3944
5592
3272
5394
3792
3335
4590
1598
2082
1363
1347
5112
2077
4331
4340
4613
5302
3529
2798
1219
5757
2733
3620
5012
7136
5351
2546
2943
1723
6097
6175
4342
5936
1042
3399
2295
3037
1483
4981
3457
3043
2282
6192
1953
2116
6332
5823
5411
4581
2237
6534
1801
4881
2779
1852
3907
7212
4673
4551
2961
7203
2483
6528
2759
5933
3736
3498
4827
1063
3570
1582
5292
6657
1463
7219
2581
2852
4841
1749
3379
3485
6574
3530
7312
1685
1973
2756
4860
3996
5119
4200
4899
7025
5715
4988
5723
2958
4727
3415
5060
5253
5028
2242
5201
6320
6839
5251
5793
6615
3857
3732
1481
3444
2057
2174
4797
1719
4507
4061
2904
1721
1730
5960
3783
5056
5962
5215
4869
1356
1696
1247
4000
5333
6859
4669
6496
6029
6434
4195
3768
4364
3932
4257
3723
7264
3848
1978
2496
7193
4001
1182
4337
3051
5577
2386
5048
5847
7251
3341
5756
3232
2790
6468
6270
3526
3044
2208
7278
1505
2804
2423
2311
971
2260
5245
7037
6161
6461
1595
6021
5982
6904
5336
4291
4429
4095
4446
5232
4856
5113
5483
4381
1924
6383
5932
2046
4923
5817
1998
1230
5751
5308
4033
4362
1928
6343
2737
5737
1569
6612
4936
3219
3507
5175
2856
4795
4388
5545
6892
2723
4536
7273
5697
1286
4975
2791
5297
4979
3850
2424
4493
5992
4339
4996
3002
2361
5722
7034
3008
4953
2123
1386
5086
5496
3270
5202
5840
2640
5702
7178
7003
3322
3833
4185
5953
1181
6938
6932
1262
6300
2417
4461
3484
2650
4559
4463
1387
3071
4439
5390
5834
4968
4335
6220
1489
4114
1102
5571
6607
4791
6728
5959
1802
5392
3884
3230
5091
3568
5082
1629
1882
7322
3078
4502
4007
7250
6039
2313
2751
1075
2621
6128
1869
6250
3132
1453
1864
4614
3397
5432
3581
1321
3551
4073
3139
5631
3662
7190
5035
4120
4121
3711
1945
2509
2930
5436
1340
3887
7050
5203
2518
2259
6649
3265
5107
3488
3519
2449
4851
2347
7201
3237
3978
6047
2014
6065
2573
6245
1400
4698
4321
1334
5160
1092
3520
2156
4249
5743
5690
1125
1533
7265
1933
2549
2530
5629
4310
4047
5085
1680
6581
3855
1150
5989
5556
4320
2752
2460
4145
3209
6899
6600
7222
5052
1703
6032
7068
7329
4074
5322
4240
7161
1537
5417
4512
1916
2974
3523
4227
4985
4383
5915
4729
1816
1048
6773
4602
6701
3016
1054
2288
1057
2055
5887
7313
5218
2153
1402
1511
4371
3380
1746
2532
2590
3152
2465
5290
6287
4470
2878
6908
2868
3781
2702
1798
3846
2849
4695
4386
3489
5092
7210
4060
3058
5375
)


// ************************************************************************* //
