/*--------------------------------*- C++ -*----------------------------------*\
| =========                 |                                                 |
| \\      /  F ield         | OpenFOAM: The Open Source CFD Toolbox           |
|  \\    /   O peration     | Version:  2312                                  |
|   \\  /    A nd           | Website:  www.openfoam.com                      |
|    \\/     M anipulation  |                                                 |
\*---------------------------------------------------------------------------*/
FoamFile
{
    version     2.0;
    format      ascii;
    arch        "LSB;label=32;scalar=64";
    class       vectorField;
    location    "constant/shell/polyMesh";
    object      points;
}
// * * * * * * * * * * * * * * * * * * * * * * * * * * * * * * * * * * * * * //


2483
(
(0.009 -2.20436e-18 0)
(0.009 -2.20436e-18 0.2)
(0.02 1.22465e-18 0.025)
(0.02 1.22465e-18 0.185)
(0.014 -3.42901e-18 0)
(0.014 -3.42901e-18 0.015)
(0.014 -1.10218e-18 0.025)
(0.014 -3.42901e-18 0.175)
(0.014 -3.42901e-18 0.2)
(0.014 -1.10218e-18 0.185)
(0.00878065 0.00197488 0)
(0.00814514 0.00382841 0)
(0.0070552 0.00558785 0)
(0.00556699 0.00707168 0)
(0.0037456 0.00818355 0)
(0.00188571 0.00880023 0)
(-6.35596e-05 0.00899978 0)
(-0.00200982 0.00877272 0)
(-0.00386081 0.00812983 0)
(-0.00559127 0.0070525 0)
(-0.00705449 0.00558875 0)
(-0.00809683 0.00392954 0)
(-0.00878707 0.00194612 0)
(-0.00899971 -7.28031e-05 0)
(-0.00877065 -0.00201883 0)
(-0.00810807 -0.00390629 0)
(-0.00701557 -0.00563754 0)
(-0.00559192 -0.00705198 0)
(-0.00384983 -0.00813504 0)
(-0.00199797 -0.00877543 0)
(-2.03651e-05 -0.00899998 0)
(0.00215118 -0.00873913 0)
(0.00399155 -0.00806644 0)
(0.00564272 -0.0070114 0)
(0.00702641 -0.00562401 0)
(0.00807705 -0.00397004 0)
(0.00874483 -0.00212788 0)
(0.00878057 0.00197525 0.2)
(0.00814504 0.00382863 0.2)
(0.00705515 0.00558793 0.2)
(0.00556703 0.00707165 0.2)
(0.00374577 0.00818347 0.2)
(0.00188604 0.00880016 0.2)
(-6.30763e-05 0.00899978 0.2)
(-0.0020092 0.00877286 0.2)
(-0.00386011 0.00813016 0.2)
(-0.00559055 0.00705307 0.2)
(-0.00705383 0.00558958 0.2)
(-0.00809631 0.00393062 0.2)
(-0.00878672 0.0019477 0.2)
(-0.00899972 -7.13092e-05 0.2)
(-0.00877102 -0.00201723 0.2)
(-0.008109 -0.00390437 0.2)
(-0.00701677 -0.00563604 0.2)
(-0.00559355 -0.00705069 0.2)
(-0.00385183 -0.00813409 0.2)
(-0.00200028 -0.0087749 0.2)
(-2.3359e-05 -0.00899997 0.2)
(0.00214861 -0.00873976 0.2)
(0.00398905 -0.00806768 0.2)
(0.00564043 -0.00701324 0.2)
(0.00702449 -0.00562642 0.2)
(0.00807563 -0.00397293 0.2)
(0.00874404 -0.00213116 0.2)
(0.009 -2.20436e-18 0.00212473)
(0.009 -2.20436e-18 0.0044578)
(0.009 -2.20436e-18 0.00663168)
(0.009 -2.20436e-18 0.00903926)
(0.009 -2.20436e-18 0.0113723)
(0.009 -2.20436e-18 0.0133693)
(0.009 -2.20436e-18 0.015867)
(0.009 -2.20436e-18 0.0180094)
(0.009 -2.20436e-18 0.0202838)
(0.009 -2.20436e-18 0.0225456)
(0.009 -2.20436e-18 0.0248653)
(0.009 -2.20436e-18 0.0271983)
(0.009 -2.20436e-18 0.0291953)
(0.009 -2.20436e-18 0.0317089)
(0.009 -2.20436e-18 0.0339686)
(0.009 -2.20436e-18 0.0361424)
(0.009 -2.20436e-18 0.0384901)
(0.009 -2.20436e-18 0.0410436)
(0.009 -2.20436e-18 0.0432614)
(0.009 -2.20436e-18 0.0456505)
(0.009 -2.20436e-18 0.0476659)
(0.009 -2.20436e-18 0.0502085)
(0.009 -2.20436e-18 0.0525189)
(0.009 -2.20436e-18 0.0545946)
(0.009 -2.20436e-18 0.0569914)
(0.009 -2.20436e-18 0.0591526)
(0.009 -2.20436e-18 0.0615417)
(0.009 -2.20436e-18 0.0636704)
(0.009 -2.20436e-18 0.0660997)
(0.009 -2.20436e-18 0.0684327)
(0.009 -2.20436e-18 0.0704297)
(0.009 -2.20436e-18 0.0729392)
(0.009 -2.20436e-18 0.0750933)
(0.009 -2.20436e-18 0.0773442)
(0.009 -2.20436e-18 0.0796295)
(0.009 -2.20436e-18 0.0819257)
(0.009 -2.20436e-18 0.0842587)
(0.009 -2.20436e-18 0.0862557)
(0.009 -2.20436e-18 0.0888091)
(0.009 -2.20436e-18 0.0910072)
(0.009 -2.20436e-18 0.0931702)
(0.009 -2.20436e-18 0.0955435)
(0.009 -2.20436e-18 0.0977517)
(0.009 -2.20436e-18 0.100085)
(0.009 -2.20436e-18 0.102113)
(0.009 -2.20436e-18 0.104666)
(0.009 -2.20436e-18 0.106921)
(0.009 -2.20436e-18 0.108996)
(0.009 -2.20436e-18 0.111393)
(0.009 -2.20436e-18 0.113554)
(0.009 -2.20436e-18 0.115943)
(0.009 -2.20436e-18 0.118073)
(0.009 -2.20436e-18 0.120501)
(0.009 -2.20436e-18 0.12289)
(0.009 -2.20436e-18 0.125233)
(0.009 -2.20436e-18 0.127276)
(0.009 -2.20436e-18 0.129689)
(0.009 -2.20436e-18 0.131848)
(0.009 -2.20436e-18 0.134224)
(0.009 -2.20436e-18 0.136384)
(0.009 -2.20436e-18 0.138782)
(0.009 -2.20436e-18 0.141171)
(0.009 -2.20436e-18 0.143168)
(0.009 -2.20436e-18 0.145637)
(0.009 -2.20436e-18 0.147852)
(0.009 -2.20436e-18 0.150115)
(0.009 -2.20436e-18 0.152389)
(0.009 -2.20436e-18 0.15464)
(0.009 -2.20436e-18 0.156973)
(0.009 -2.20436e-18 0.15897)
(0.009 -2.20436e-18 0.161546)
(0.009 -2.20436e-18 0.163766)
(0.009 -2.20436e-18 0.165885)
(0.009 -2.20436e-18 0.168288)
(0.009 -2.20436e-18 0.170466)
(0.009 -2.20436e-18 0.172799)
(0.009 -2.20436e-18 0.174872)
(0.009 -2.20436e-18 0.177381)
(0.009 -2.20436e-18 0.17968)
(0.009 -2.20436e-18 0.181711)
(0.009 -2.20436e-18 0.184158)
(0.009 -2.20436e-18 0.186292)
(0.009 -2.20436e-18 0.188625)
(0.009 -2.20436e-18 0.190786)
(0.009 -2.20436e-18 0.193207)
(0.009 -2.20436e-18 0.19554)
(0.009 -2.20436e-18 0.197537)
(0.02 -0.00250935 0.0243247)
(0.02 -0.00432244 0.0225133)
(0.02 -0.00499881 0.020109)
(0.02 -0.00442739 0.0176766)
(0.02 -0.00262769 0.0157461)
(0.02 -6.99002e-05 0.0150005)
(0.02 0.002357 0.0155904)
(0.02 0.00433394 0.0175066)
(0.02 0.00499969 0.0199441)
(0.02 0.00440504 0.0223655)
(0.02 0.00270823 0.024203)
(0.02 -0.00244864 0.184359)
(0.02 -0.00425777 0.182621)
(0.02 -0.00499745 0.18016)
(0.02 -0.00442436 0.177671)
(0.02 -0.00264321 0.175756)
(0.02 -0.000185417 0.175003)
(0.02 0.00231013 0.175566)
(0.02 0.0042574 0.177378)
(0.02 0.00499638 0.17981)
(0.02 0.00443058 0.182317)
(0.02 0.00264244 0.184245)
(0.013182 0.00471537 0.2)
(0.0112753 0.00829872 0.2)
(0.0086442 0.0110126 0.2)
(0.00573857 0.0127698 0.2)
(0.00242235 0.0137888 0.2)
(-0.00104262 0.0139611 0.2)
(-0.00444357 0.0132761 0.2)
(-0.00819219 0.0113529 0.2)
(-0.0107526 0.00896562 0.2)
(-0.012627 0.00604635 0.2)
(-0.0139068 0.00161252 0.2)
(-0.0137509 -0.0026294 0.2)
(-0.0124743 -0.00635541 0.2)
(-0.0100362 -0.0097609 0.2)
(-0.0073009 -0.0119456 0.2)
(-0.0041394 -0.0133741 0.2)
(-0.0007237 -0.0139813 0.2)
(0.00273643 -0.01373 0.2)
(0.0062341 -0.0125354 0.2)
(0.00939271 -0.0103816 0.2)
(0.011789 -0.00755106 0.2)
(0.0133602 -0.00418398 0.2)
(0.013183 0.00471263 0)
(0.0112764 0.00829714 0)
(0.00864516 0.0110119 0)
(0.00573935 0.0127695 0)
(0.00242281 0.0137888 0)
(-0.00104253 0.0139611 0)
(-0.00444384 0.013276 0)
(-0.00819273 0.0113525 0)
(-0.0107532 0.00896481 0)
(-0.0126276 0.00604506 0)
(-0.0139071 0.0016099 0)
(-0.0137504 -0.00263202 0)
(-0.0124729 -0.00635819 0)
(-0.0100341 -0.009763 0)
(-0.00729807 -0.0119473 0)
(-0.00413586 -0.0133752 0)
(-0.000719627 -0.0139815 0)
(0.00274081 -0.0137291 0)
(0.00623938 -0.0125328 0)
(0.00939657 -0.0103781 0)
(0.0117921 -0.00754635 0)
(0.0133624 -0.00417703 0)
(0.0168657 1.22465e-18 0.025)
(0.013798 0.00236974 0.0155972)
(0.0133185 0.00431472 0.0174735)
(0.0130782 0.00499617 0.0198044)
(0.0132944 0.00438846 0.0223961)
(0.0137669 0.00254388 0.0243045)
(0.0137961 -0.00238054 0.0243969)
(0.0133309 -0.0042762 0.0225912)
(0.0130778 -0.00499715 0.0201687)
(0.0132976 -0.00437876 0.0175862)
(0.013763 -0.00256489 0.015708)
(0.0168828 1.22465e-18 0.185)
(0.0137809 0.00246735 0.175651)
(0.0133131 0.00433129 0.177502)
(0.0130767 0.00499998 0.180013)
(0.0133134 0.00433051 0.182499)
(0.0137983 0.00236784 0.184404)
(0.0137909 -0.00241069 0.18438)
(0.0133171 -0.00431903 0.182519)
(0.0130772 -0.00499863 0.180117)
(0.0132929 -0.00439317 0.177613)
(0.0137615 -0.00257292 0.175713)
(0.014 -3.42901e-18 0.188035)
(0.014 -3.42901e-18 0.191911)
(0.014 -3.42901e-18 0.195956)
(0.014 -3.42901e-18 0.0276677)
(0.014 -3.42901e-18 0.0311671)
(0.014 -3.42901e-18 0.0359114)
(0.014 -3.42901e-18 0.0402885)
(0.014 -3.42901e-18 0.04466)
(0.014 -3.42901e-18 0.0490672)
(0.014 -3.42901e-18 0.0542992)
(0.014 -3.42901e-18 0.0595313)
(0.014 -3.42901e-18 0.0647118)
(0.014 -3.42901e-18 0.0690832)
(0.014 -3.42901e-18 0.0734547)
(0.014 -3.42901e-18 0.0778262)
(0.014 -3.42901e-18 0.0821977)
(0.014 -3.42901e-18 0.0865692)
(0.014 -3.42901e-18 0.0909407)
(0.014 -3.42901e-18 0.0953121)
(0.014 -3.42901e-18 0.100507)
(0.014 -3.42901e-18 0.104919)
(0.014 -3.42901e-18 0.10929)
(0.014 -3.42901e-18 0.113662)
(0.014 -3.42901e-18 0.118033)
(0.014 -3.42901e-18 0.122405)
(0.014 -3.42901e-18 0.126776)
(0.014 -3.42901e-18 0.131147)
(0.014 -3.42901e-18 0.135519)
(0.014 -3.42901e-18 0.13989)
(0.014 -3.42901e-18 0.144262)
(0.014 -3.42901e-18 0.148876)
(0.014 -3.42901e-18 0.153868)
(0.014 -3.42901e-18 0.15824)
(0.014 -3.42901e-18 0.162611)
(0.014 -3.42901e-18 0.166983)
(0.014 -3.42901e-18 0.171738)
(0.014 -3.42901e-18 0.00404709)
(0.014 -3.42901e-18 0.00821608)
(0.014 -3.42901e-18 0.0125388)
(0.00862624 0.00256669 0.19847)
(0.00786735 0.0043709 0.198031)
(0.00661203 0.00610582 0.198096)
(0.00497679 0.00749877 0.198052)
(0.0031087 0.00844606 0.197873)
(0.00109754 0.00893283 0.197793)
(-0.000948589 0.00894987 0.197765)
(-0.002937 0.00850729 0.197776)
(-0.00478564 0.00762218 0.197812)
(-0.00634736 0.00638051 0.197805)
(-0.00761738 0.00479328 0.197777)
(-0.00849961 0.00295917 0.197807)
(-0.00894785 0.000967467 0.19785)
(-0.0089368 -0.00106469 0.197841)
(-0.00849033 -0.00298567 0.197853)
(-0.00759803 -0.0048239 0.197847)
(-0.00631378 -0.00641375 0.197889)
(-0.00475234 -0.00764299 0.197832)
(-0.00292651 -0.00851091 0.19777)
(-0.000956158 -0.00894906 0.19777)
(0.00109057 -0.00893368 0.19779)
(0.00306253 -0.00846291 0.197793)
(0.0048493 -0.00758184 0.197878)
(0.00635056 -0.00637734 0.197982)
(0.0075585 -0.0048856 0.198039)
(0.00838272 -0.00327568 0.198288)
(0.00887981 -0.00146592 0.198296)
(0.00866454 -0.00243427 0.00258697)
(0.00878881 -0.00193823 0.00791276)
(0.00883099 -0.00173599 0.0123468)
(0.00875463 -0.0020872 0.0167567)
(0.00879789 -0.00189662 0.019057)
(0.00877586 -0.00199608 0.0212705)
(0.00872384 -0.00221239 0.0257934)
(0.00871753 -0.00223711 0.0303228)
(0.00873884 -0.00215235 0.0350634)
(0.00872407 -0.00221147 0.0397936)
(0.00875859 -0.00207055 0.044516)
(0.00861106 -0.00261717 0.048797)
(0.00882199 -0.00178114 0.0535574)
(0.0087986 -0.0018933 0.0581351)
(0.00883484 -0.00171628 0.0626486)
(0.00875076 -0.00210339 0.0671082)
(0.00864312 -0.00250928 0.0712528)
(0.0087412 -0.00214277 0.0762313)
(0.00873302 -0.00217588 0.0785561)
(0.00870638 -0.00228011 0.0833733)
(0.00874205 -0.00213929 0.0875357)
(0.00886019 -0.00158018 0.091981)
(0.00870831 -0.00227275 0.0963728)
(0.0088246 -0.00176818 0.100941)
(0.00871496 -0.0022471 0.105756)
(0.0086091 -0.00262363 0.110206)
(0.00862595 -0.00256767 0.114918)
(0.00875004 -0.00210637 0.119264)
(0.00878405 -0.00195969 0.124036)
(0.00867642 -0.00239161 0.12835)
(0.00864748 -0.00249421 0.133071)
(0.00875136 -0.00210088 0.137418)
(0.00880968 -0.00184107 0.141896)
(0.00874501 -0.00212716 0.146516)
(0.00877033 -0.00202023 0.148915)
(0.00875663 -0.0020788 0.151208)
(0.00861926 -0.00259006 0.15611)
(0.00875111 -0.00210191 0.160244)
(0.00883128 -0.0017345 0.164685)
(0.00876286 -0.0020524 0.169263)
(0.00880989 -0.00184007 0.173837)
(0.0087821 -0.00196841 0.178419)
(0.0086739 -0.00240071 0.182732)
(0.00868416 -0.00236332 0.187489)
(0.00878198 -0.00196895 0.191984)
(0.00893285 -0.00109737 0.196471)
(0.00861755 0.00259574 0.00145528)
(0.00661346 0.00610428 0.00217729)
(0.00305574 0.00846537 0.00176196)
(-0.00099505 0.00894482 0.00187716)
(-0.00477651 0.0076279 0.00204195)
(-0.00760361 0.00481509 0.00193624)
(-0.00894486 0.000994709 0.00207256)
(-0.00849119 -0.00298324 0.00206129)
(-0.00633181 -0.00639595 0.00192751)
(-0.00295692 -0.00850039 0.00189778)
(0.00105639 -0.00893779 0.00226081)
(0.00493501 -0.00752633 0.00223048)
(0.00774568 -0.00458306 0.00177455)
(0.008684 0.00236393 0.00337589)
(0.00869278 0.00233144 0.00554116)
(0.00873195 0.00218013 0.00776621)
(0.008735 0.00216789 0.0100369)
(0.00866906 0.00241815 0.0123038)
(0.00868295 0.00236777 0.0145844)
(0.008652 0.0024785 0.0168863)
(0.00863236 0.00254606 0.0191512)
(0.00864127 0.00251563 0.0214157)
(0.00865406 0.0024713 0.0236748)
(0.00864497 0.00250289 0.0259768)
(0.00865988 0.0024508 0.0282235)
(0.00868005 0.0023784 0.0305143)
(0.00866838 0.00242057 0.0328428)
(0.00863762 0.00252814 0.0351432)
(0.00862585 0.00256802 0.0374362)
(0.00862202 0.00258084 0.0397684)
(0.00858905 0.00268854 0.0420998)
(0.00859317 0.00267535 0.044399)
(0.00858114 0.00271367 0.0466734)
(0.00859998 0.00265335 0.0489628)
(0.00861891 0.00259122 0.051272)
(0.00861306 0.00261059 0.0535412)
(0.00861477 0.00260496 0.0558068)
(0.00858587 0.00269866 0.0580728)
(0.00859455 0.0026709 0.0603414)
(0.00861284 0.00261131 0.0626178)
(0.00861683 0.00259812 0.0649013)
(0.00859816 0.00265925 0.0671855)
(0.00861089 0.00261773 0.06945)
(0.00862547 0.00256929 0.0717163)
(0.00861511 0.00260381 0.0739868)
(0.0086193 0.00258991 0.0762499)
(0.0086193 0.00258993 0.0785204)
(0.00861437 0.00260626 0.0807828)
(0.00859714 0.00266254 0.0830557)
(0.00858948 0.00268717 0.0852957)
(0.00862414 0.00257375 0.0875681)
(0.00859443 0.00267129 0.0898419)
(0.00860916 0.00262342 0.0921086)
(0.00859657 0.00266438 0.0943657)
(0.00859928 0.00265563 0.0966281)
(0.00861783 0.00259479 0.0988877)
(0.0086142 0.00260683 0.10115)
(0.00862646 0.00256598 0.103427)
(0.00861531 0.00260316 0.105716)
(0.00859147 0.00268079 0.107976)
(0.00862092 0.00258453 0.110235)
(0.00861542 0.00260281 0.11251)
(0.00861618 0.00260028 0.114786)
(0.0086074 0.00262918 0.117067)
(0.00860021 0.00265263 0.119359)
(0.00862347 0.00257601 0.121669)
(0.00861694 0.00259774 0.123975)
(0.00860729 0.00262956 0.126243)
(0.00861602 0.0026008 0.12851)
(0.00858931 0.0026877 0.130784)
(0.00859964 0.00265448 0.13305)
(0.00861627 0.00259997 0.13533)
(0.00862368 0.0025753 0.137607)
(0.00862098 0.00258431 0.139905)
(0.00859082 0.00268286 0.142171)
(0.00862266 0.0025787 0.144437)
(0.00861733 0.00259648 0.146718)
(0.00861543 0.00260275 0.148987)
(0.00859926 0.00265569 0.151251)
(0.00861441 0.00260614 0.153515)
(0.00861702 0.00259749 0.155784)
(0.00859068 0.00268331 0.158031)
(0.00862968 0.00255511 0.160296)
(0.00861522 0.00260346 0.162585)
(0.00858933 0.00268765 0.164841)
(0.00859769 0.00266078 0.167105)
(0.00859607 0.00266602 0.169366)
(0.00864229 0.00251214 0.171633)
(0.00862794 0.00256099 0.173886)
(0.00860147 0.00264853 0.176156)
(0.00859355 0.0026741 0.178491)
(0.0085817 0.00271192 0.180746)
(0.00858967 0.00268654 0.183012)
(0.00858774 0.00269272 0.18532)
(0.00864601 0.0024993 0.18761)
(0.0086637 0.00243726 0.189882)
(0.00871097 0.00226253 0.192137)
(0.00871564 0.00224448 0.194456)
(0.00866 0.0024504 0.19661)
(0.00876724 -0.00203359 0.00535384)
(0.00875707 -0.00207697 0.0103166)
(0.00872316 -0.00221507 0.0144574)
(0.00874778 -0.00211575 0.0234733)
(0.00872029 -0.00222631 0.0280022)
(0.00873126 -0.0021829 0.0327192)
(0.00871619 -0.00224233 0.0373868)
(0.00873123 -0.00218302 0.0421981)
(0.00883177 -0.00173199 0.0465834)
(0.00872162 -0.00222112 0.0513901)
(0.00863852 -0.00252507 0.0558111)
(0.00864565 -0.00250054 0.0605098)
(0.00876008 -0.00206422 0.0648089)
(0.00882731 -0.00175459 0.0692263)
(0.00873916 -0.00215108 0.0738557)
(0.00869974 -0.00230531 0.0809754)
(0.00882584 -0.00176198 0.0853741)
(0.00877894 -0.00198246 0.0899007)
(0.00874266 -0.00213679 0.0939962)
(0.00874284 -0.00213607 0.0988042)
(0.00859137 -0.00268112 0.103146)
(0.00880979 -0.00184052 0.107953)
(0.00877459 -0.00200163 0.112537)
(0.00882818 -0.00175019 0.117068)
(0.00872695 -0.00220007 0.121671)
(0.0088499 -0.00163684 0.126217)
(0.00880651 -0.00185619 0.130726)
(0.00883381 -0.00172159 0.135264)
(0.00873365 -0.00217332 0.139747)
(0.00860596 -0.00263391 0.143889)
(0.00871263 -0.00225611 0.153562)
(0.00882261 -0.00177808 0.158108)
(0.00876829 -0.00202905 0.162548)
(0.00862265 -0.00257875 0.166834)
(0.00857408 -0.0027359 0.171623)
(0.00875132 -0.00210106 0.176041)
(0.00884781 -0.00164809 0.180572)
(0.00883264 -0.00172759 0.185147)
(0.0088545 -0.00161179 0.189717)
(0.0087798 -0.00197866 0.194618)
(0.0049558 0.00751266 0.00208697)
(0.00787303 0.00436067 0.00184473)
(0.000991921 0.00894517 0.00172014)
(-0.00294094 0.00850593 0.00198172)
(-0.00636567 0.00636225 0.00208188)
(-0.00850509 0.00294336 0.00192677)
(-0.00894217 -0.00101861 0.00210962)
(-0.00761136 -0.00480284 0.00196769)
(-0.00472853 -0.00765774 0.00190966)
(-0.000956521 -0.00894903 0.00198733)
(0.00307365 -0.00845888 0.00227193)
(0.00656326 -0.00615822 0.00217029)
(0.00764323 0.00475195 0.195859)
(0.00611334 0.00660508 0.196195)
(0.00447696 0.00780749 0.195725)
(0.00242719 0.00866653 0.195522)
(0.000276519 0.00899575 0.19539)
(-0.00184691 0.00880846 0.195362)
(-0.00384313 0.0081382 0.195402)
(-0.00559785 0.00704728 0.195386)
(-0.00703096 0.00561833 0.195329)
(-0.0081085 0.00390541 0.195373)
(-0.00878047 0.00197571 0.195406)
(-0.00899988 -4.58627e-05 0.195426)
(-0.0087626 -0.00205351 0.195445)
(-0.00808395 -0.00395598 0.195494)
(-0.00699321 -0.00566524 0.195479)
(-0.00554085 -0.00709218 0.195469)
(-0.00383316 -0.0081429 0.195349)
(-0.00192584 -0.00879154 0.195324)
(0.000123426 -0.00899915 0.19537)
(0.00215814 -0.00873742 0.195345)
(0.00405534 -0.00803456 0.195412)
(0.00572507 -0.00694432 0.195632)
(0.0071369 -0.00548313 0.19573)
(0.00813966 -0.00384004 0.195955)
(0.00769368 -0.00466982 0.0289237)
(0.00822084 -0.00366303 0.00679058)
(0.0079666 -0.00418727 0.0123029)
(0.00810028 -0.00392244 0.0179126)
(0.00791989 -0.00427496 0.0435972)
(0.00784663 -0.00440799 0.0314228)
(0.00801831 -0.00408738 0.0243425)
(0.00774844 -0.0045784 0.0361922)
(0.00789451 -0.00432165 0.0411127)
(0.00811961 -0.00388226 0.0461462)
(0.00770047 -0.00465863 0.0826587)
(0.00763317 -0.0047681 0.0507612)
(0.00806375 -0.00399699 0.053334)
(0.00793189 -0.00425266 0.0582509)
(0.00810421 -0.0039143 0.0631398)
(0.0079096 -0.00429397 0.065891)
(0.00808391 -0.00395605 0.0686097)
(0.00793285 -0.00425087 0.0727444)
(0.00767002 -0.00470859 0.0798972)
(0.00795884 -0.00420201 0.0856548)
(0.00782009 -0.00445491 0.0773414)
(0.0080949 -0.00393352 0.100372)
(0.00795485 -0.00420956 0.0888597)
(0.00822551 -0.00365254 0.0917344)
(0.00752298 -0.00494012 0.10503)
(0.00782943 -0.00443848 0.0975777)
(0.00803354 -0.00405736 0.158668)
(0.00798474 -0.00415259 0.107738)
(0.00784968 -0.00440256 0.112642)
(0.00807497 -0.00397427 0.117565)
(0.00786998 -0.00436616 0.120331)
(0.00795046 -0.00421784 0.123083)
(0.0082051 -0.00369815 0.125771)
(0.00796999 -0.00418082 0.13063)
(0.00809511 -0.00393308 0.135593)
(0.00787207 -0.0043624 0.138344)
(0.0079732 -0.0041747 0.141197)
(0.00787964 -0.00434871 0.145394)
(0.00785942 -0.00438514 0.15229)
(0.00811947 -0.00388254 0.164059)
(-0.00380957 0.00815397 0.00456287)
(0.00790077 -0.0043102 0.161319)
(0.00778769 -0.0045113 0.169013)
(0.00796532 -0.0041897 0.174264)
(0.00794713 -0.00422411 0.177197)
(0.00821599 -0.0036739 0.180052)
(0.00815911 -0.00379854 0.185007)
(0.00823137 -0.00363931 0.190027)
(0.00804619 -0.00403222 0.193118)
(-0.00709902 0.00553208 0.00470816)
(0.00210819 0.0087496 0.00361541)
(0.00614047 0.00657986 0.00506023)
(0.00767468 -0.00470098 0.0155693)
(0.00402194 0.00805133 0.00429667)
(0.00804375 -0.00403709 0.00927089)
(0.00777359 -0.00453555 0.00444113)
(-0.00565937 0.00699797 0.00472193)
(0.0077336 0.00460342 0.00418736)
(-0.00873597 0.00216397 0.00471349)
(-0.00877416 -0.00200355 0.00483248)
(-0.00700907 -0.00564562 0.00437367)
(0.00408553 -0.00801926 0.00510629)
(0.00606237 -0.0066519 0.00480807)
(0.00196977 -0.0087818 0.00519528)
(0.00786597 -0.00437338 0.0338709)
(0.00781282 -0.00446764 0.0220876)
(0.0079685 0.00418366 0.00880502)
(0.00768394 0.00468584 0.0108646)
(0.00754275 0.00490988 0.0131744)
(0.00745664 0.00503969 0.0156574)
(0.0074288 0.00508065 0.0180049)
(0.00739305 0.00513253 0.020237)
(0.00733325 0.00521761 0.0225099)
(0.00732497 0.00522923 0.0248322)
(0.00736906 0.0051669 0.0270398)
(0.00743048 0.00507818 0.0293476)
(0.00745296 0.00504513 0.0316966)
(0.00740858 0.00511008 0.0340722)
(0.00730913 0.00525135 0.0363269)
(0.00727266 0.00530174 0.0386144)
(0.0072684 0.00530758 0.0409323)
(0.0072438 0.0053411 0.0432713)
(0.00726099 0.00531771 0.0455151)
(0.00725252 0.00532925 0.047781)
(0.00727646 0.00529653 0.0501021)
(0.00727663 0.00529629 0.052393)
(0.00729743 0.00526759 0.0546701)
(0.00726785 0.00530832 0.0569323)
(0.00724958 0.00533325 0.0591781)
(0.00727853 0.00529367 0.0614869)
(0.00730519 0.00525682 0.0637578)
(0.00724547 0.00533883 0.0660347)
(0.00728008 0.00529154 0.0683185)
(0.00727622 0.00529685 0.0706227)
(0.00725994 0.00531914 0.0728635)
(0.00728297 0.00528757 0.0751437)
(0.00729748 0.00526752 0.0774408)
(0.0072437 0.00534123 0.0796811)
(0.00729019 0.0052776 0.0819733)
(0.00723624 0.00535134 0.0841857)
(0.00729104 0.00527643 0.086471)
(0.00724013 0.00534607 0.0886932)
(0.00730728 0.00525392 0.0909803)
(0.00725031 0.00533227 0.0932504)
(0.00727223 0.00530233 0.095528)
(0.00727548 0.00529787 0.097715)
(0.00730123 0.00526233 0.100018)
(0.00727149 0.00530335 0.102303)
(0.00726632 0.00531042 0.104578)
(0.00728035 0.00529117 0.106849)
(0.00725165 0.00533043 0.109129)
(0.00728882 0.0052795 0.111404)
(0.0072781 0.00529426 0.11369)
(0.00727548 0.00529786 0.115979)
(0.00726312 0.0053148 0.118257)
(0.00725726 0.0053228 0.120572)
(0.00729804 0.00526675 0.122812)
(0.00727309 0.00530115 0.125102)
(0.00727292 0.00530138 0.127387)
(0.007263 0.00531497 0.129687)
(0.00723657 0.00535089 0.131938)
(0.00728464 0.00528527 0.13421)
(0.00725835 0.00532131 0.136485)
(0.0072972 0.00526791 0.138755)
(0.0072681 0.00530799 0.141026)
(0.00726524 0.00531191 0.143308)
(0.00726969 0.00530581 0.145589)
(0.00728632 0.00528295 0.147862)
(0.00727024 0.00530506 0.150149)
(0.0072717 0.00530305 0.152357)
(0.00729069 0.00527691 0.154663)
(0.00725794 0.00532188 0.156927)
(0.00726379 0.00531388 0.159195)
(0.00729621 0.00526928 0.161442)
(0.00726149 0.00531703 0.163713)
(0.00727204 0.00530258 0.166003)
(0.00723034 0.0053593 0.168214)
(0.00728506 0.00528469 0.170525)
(0.0072903 0.00527745 0.172775)
(0.00727737 0.00529527 0.17506)
(0.00728899 0.00527927 0.177346)
(0.00728006 0.00529157 0.179637)
(0.00727527 0.00529816 0.181933)
(0.00724002 0.00534623 0.184234)
(0.00731012 0.00524996 0.186638)
(0.0074039 0.00511686 0.189121)
(0.00761121 0.00480306 0.191445)
(0.00792433 0.00426672 0.193534)
(0.00814285 -0.00383327 0.0199923)
(0.00801191 -0.00409991 0.149993)
(0.00865598 -0.00246456 0.196685)
(0.00783102 -0.00443567 0.0386402)
(0.00761651 -0.00479466 0.0943122)
(-0.00177064 0.00882411 0.00439698)
(0.00771119 0.00464086 0.00660224)
(0.0071637 -0.00544806 0.0557232)
(0.00714364 -0.00547433 0.0609616)
(0.00707899 -0.00555769 0.070526)
(0.00791098 -0.00429143 0.0749423)
(0.007011 -0.00564321 0.102295)
(0.00705097 -0.00559319 0.115384)
(0.00712029 -0.00550467 0.13318)
(0.00652132 -0.00620261 0.143077)
(0.00691699 -0.00575806 0.156672)
(0.00720185 -0.00539754 0.16607)
(0.00801498 -0.0040939 0.147615)
(0.00753239 -0.00492576 0.182142)
(0.00782062 -0.00445398 0.154508)
(0.00655101 -0.00617125 0.171592)
(0.00759885 -0.00482259 0.187504)
(0.000227125 0.00899713 0.00410552)
(-0.00899954 9.10287e-05 0.00487537)
(-0.00808711 0.00394951 0.00413835)
(-0.00807205 -0.0039802 0.00463493)
(0.0070628 -0.00557824 0.0480816)
(-0.00204498 -0.00876459 0.00416955)
(-0.000207918 -0.0089976 0.00489423)
(-0.00546177 -0.00715326 0.00429486)
(0.00738356 -0.00514617 0.127937)
(0.00698222 -0.00567878 0.110087)
(-0.00378898 -0.00816355 0.00450025)
(0.00412322 0.00799994 0.193152)
(0.00174036 0.00883013 0.192916)
(-0.000540356 0.00898376 0.192828)
(-0.0026665 0.00859592 0.192745)
(-0.00468223 0.00768614 0.19267)
(-0.00635925 0.00636867 0.192563)
(-0.00757914 0.00485352 0.192538)
(-0.00849659 0.00296783 0.192571)
(-0.00895075 0.000940238 0.192576)
(-0.00893105 -0.00111187 0.192591)
(-0.00845347 -0.00308852 0.192676)
(-0.0075474 -0.00490273 0.192842)
(-0.00630382 -0.00642354 0.192883)
(-0.00466128 -0.00769886 0.192644)
(-0.00287972 -0.00852685 0.1926)
(-0.000906784 -0.0089542 0.192665)
(0.00132664 -0.00890169 0.192647)
(0.00332323 -0.00836398 0.192666)
(0.00514792 -0.00738234 0.192842)
(0.00675709 -0.00594489 0.193437)
(0.00626346 -0.0064629 0.118598)
(0.00584391 -0.00684461 0.0783133)
(0.0063291 -0.00639863 0.0641415)
(0.00427276 0.00792108 0.00713676)
(0.00597807 -0.00672775 0.0300892)
(0.00769926 -0.00466062 0.0264477)
(-0.00841738 -0.00318554 0.00778509)
(0.00510126 -0.00741465 0.00774779)
(0.00623925 -0.00648627 0.0529403)
(0.00650885 -0.0062157 0.099328)
(0.00621528 -0.00650924 0.0675649)
(0.00621285 -0.00651156 0.0876262)
(0.00618023 -0.00654253 0.0424104)
(0.00646379 -0.00626254 0.0758321)
(0.00669185 -0.00601823 0.0909868)
(0.00580784 -0.00687525 0.15968)
(0.00595919 -0.00674449 0.0962449)
(0.00599536 -0.00671235 0.1072)
(0.00630892 -0.00641853 0.136213)
(0.00615052 -0.00657048 0.121945)
(0.00673307 -0.00597209 0.12503)
(0.00609495 -0.00662205 0.139599)
(0.00641188 0.00631568 0.00855264)
(0.00673682 -0.00596786 0.179088)
(0.00550184 -0.00712248 0.014085)
(0.00646364 -0.00626269 0.0452184)
(0.00202155 0.00877003 0.00586403)
(-0.0089587 -0.000861228 0.00799975)
(0.00635401 0.0063739 0.193686)
(0.00605661 -0.00665714 0.0237528)
(0.00604747 0.00666545 0.0115664)
(0.00585034 0.00683912 0.0142453)
(0.00567151 0.00698813 0.0166662)
(0.00559275 0.00705132 0.0190799)
(0.00545394 0.00715923 0.0214337)
(0.00540032 0.00719976 0.0237016)
(0.00543556 0.0071732 0.0259627)
(0.00559804 0.00704712 0.0281961)
(0.00581774 0.00686687 0.0304379)
(0.00581181 0.00687189 0.032899)
(0.00544407 0.00716674 0.0350871)
(0.00517078 0.00736635 0.0373033)
(0.00498421 0.00749384 0.039621)
(0.00492145 0.00753521 0.0420208)
(0.00495077 0.00751598 0.0443374)
(0.00502344 0.0074676 0.0466084)
(0.00497303 0.00750127 0.0489528)
(0.00495157 0.00751545 0.051282)
(0.00496553 0.00750623 0.0535224)
(0.00497528 0.00749977 0.0558481)
(0.00501319 0.00747448 0.0581031)
(0.00500854 0.0074776 0.0603549)
(0.00497285 0.00750138 0.0626073)
(0.00496298 0.00750792 0.0649279)
(0.00497004 0.00750324 0.0671553)
(0.00501261 0.00747487 0.0694493)
(0.00508541 0.00742553 0.0717446)
(0.00500195 0.00748201 0.0739712)
(0.00495828 0.00751102 0.076277)
(0.00496873 0.00750411 0.0785795)
(0.00494579 0.00751925 0.0807948)
(0.0049442 0.0075203 0.0830933)
(0.00494907 0.00751709 0.0853065)
(0.00495926 0.00751038 0.0876054)
(0.00496916 0.00750383 0.0898332)
(0.00499775 0.00748482 0.0921479)
(0.00503341 0.00746089 0.0943795)
(0.00504967 0.00744989 0.0966187)
(0.00504149 0.00745542 0.0988536)
(0.00510443 0.00741247 0.101169)
(0.00507846 0.00743029 0.103471)
(0.00501851 0.00747091 0.105702)
(0.00499469 0.00748686 0.108026)
(0.00502076 0.0074694 0.110261)
(0.0050792 0.00742979 0.112562)
(0.0049969 0.00748539 0.114864)
(0.00494113 0.00752232 0.117101)
(0.00492403 0.00753352 0.11942)
(0.00493419 0.00752687 0.121665)
(0.00494996 0.00751651 0.123993)
(0.00497088 0.00750269 0.126239)
(0.00498777 0.00749147 0.128555)
(0.00498569 0.00749286 0.130798)
(0.00496673 0.00750544 0.133109)
(0.00498562 0.0074929 0.135405)
(0.00500336 0.00748107 0.137629)
(0.00502633 0.00746566 0.13993)
(0.00507859 0.0074302 0.142158)
(0.00510768 0.00741024 0.144466)
(0.00501484 0.00747338 0.146701)
(0.00501396 0.00747397 0.14902)
(0.00504861 0.00745061 0.151268)
(0.00503544 0.00745951 0.153512)
(0.00504352 0.00745405 0.155837)
(0.00504914 0.00745025 0.158071)
(0.00501737 0.00747168 0.160298)
(0.00502052 0.00746957 0.1626)
(0.00505712 0.00744484 0.164833)
(0.00509779 0.00741704 0.167155)
(0.00502849 0.0074642 0.169403)
(0.00505326 0.00744745 0.171676)
(0.00519899 0.00734646 0.173972)
(0.00525023 0.00730993 0.176261)
(0.00524104 0.00731653 0.178512)
(0.00526452 0.00729964 0.180835)
(0.00530211 0.00727239 0.183246)
(0.00536452 0.00722647 0.185838)
(0.00550743 0.00711816 0.188353)
(0.00589417 0.00680138 0.190964)
(0.00639199 -0.0063358 0.150935)
(-0.00239573 0.00867528 0.00711266)
(0.00703034 -0.00561911 0.00724605)
(0.00684301 -0.00584579 0.148646)
(0.00623062 -0.00649457 0.0190364)
(0.00640743 -0.00632019 0.16288)
(0.00575615 -0.00691858 0.027208)
(0.00589969 -0.0067966 0.0843469)
(0.00593808 -0.00676308 0.17552)
(0.00572257 -0.00694638 0.0812266)
(0.0058546 -0.00683547 0.0584322)
(0.00286833 -0.00853069 0.00820915)
(0.00622609 -0.00649891 0.0732045)
(-0.00885066 0.00163273 0.00792957)
(0.00497191 -0.00750201 0.0931678)
(0.00517798 -0.00736129 0.104278)
(-0.00741322 -0.00510335 0.00727738)
(0.00675647 -0.0059456 0.184596)
(0.0056096 -0.00703793 0.168075)
(0.0039592 -0.00808237 0.156373)
(0.00682478 -0.00586706 0.190486)
(-0.00801422 0.0040954 0.00732951)
(-0.000197126 0.00899784 0.00661146)
(0.00656422 -0.00615719 0.010405)
(-0.00659221 0.00612722 0.00761428)
(-0.00464288 0.00770997 0.00744142)
(0.00631985 -0.00640777 0.146191)
(0.00538092 -0.00721427 0.0501566)
(0.00592692 -0.00677286 0.0349129)
(0.000365647 -0.00899257 0.00837384)
(0.00646242 -0.00626396 0.0398993)
(0.00581579 -0.00686852 0.0374738)
(0.00593703 -0.006764 0.130301)
(0.00560469 -0.00704183 0.112852)
(-0.00620831 -0.00651589 0.00656146)
(0.00341041 0.00832881 0.190434)
(0.000955277 0.00894916 0.19043)
(-0.00143725 0.0088845 0.190319)
(-0.00352574 0.00828065 0.189959)
(-0.00546876 0.00714791 0.189726)
(-0.00694045 0.00572976 0.189663)
(-0.00805454 0.00401551 0.189623)
(-0.00878999 0.00193292 0.189565)
(-0.00899774 -0.000201635 0.189489)
(-0.00870151 -0.00229864 0.18953)
(-0.00794241 -0.00423298 0.18977)
(-0.0069635 -0.00570172 0.190426)
(-0.00559607 -0.00704869 0.189846)
(-0.00388357 -0.00811898 0.189747)
(-0.00194091 -0.00878822 0.18983)
(0.000348713 -0.00899324 0.189943)
(0.00250646 -0.00864394 0.18992)
(0.00463977 -0.00771184 0.190017)
(-0.000690908 0.00897344 0.00920385)
(0.00397899 -0.00807265 0.0897662)
(0.00334002 -0.00835729 0.145093)
(0.00427905 -0.00791768 0.0107128)
(0.00407013 -0.00802708 0.178398)
(0.00334955 -0.00835347 0.0862771)
(0.00443949 -0.00782885 0.101104)
(0.00397396 -0.00807512 0.172798)
(0.00352566 -0.00828068 0.137235)
(0.00313538 -0.0084362 0.120536)
(0.00407152 -0.00802638 0.109867)
(0.00277771 -0.00856063 0.0170134)
(0.00323563 -0.00839825 0.141059)
(0.00582965 -0.00685676 0.153745)
(0.00251722 -0.00864081 0.159045)
(0.00405817 -0.00803314 0.124512)
(0.00652049 -0.00620349 0.0325596)
(0.00541607 -0.00718792 0.127296)
(0.00559482 -0.00704968 0.181581)
(0.00397232 -0.00807593 0.0705391)
(0.00415548 -0.00798323 0.133161)
(0.00173611 0.00883096 0.0084382)
(0.00330836 -0.00836987 0.0291555)
(-0.00222376 -0.00872095 0.00729892)
(0.00391803 0.00810241 0.00994469)
(0.00347256 0.00830309 0.012678)
(0.00315514 0.00842882 0.0152682)
(0.00281994 0.00854681 0.017687)
(0.00255638 0.00862931 0.0201791)
(0.00248694 0.00864957 0.0225488)
(0.00250603 0.00864406 0.024907)
(0.00265799 0.00859855 0.0272532)
(0.00305074 0.00846717 0.0294016)
(0.00369491 0.00820656 0.0315833)
(0.00231126 0.00869817 0.0358598)
(0.00179517 0.00881915 0.0454056)
(0.0017685 0.00882453 0.0477964)
(0.00197685 0.00878021 0.0569715)
(0.00197952 0.00877961 0.0592556)
(0.00195157 0.00878586 0.0615343)
(0.00191836 0.00879317 0.0638065)
(0.00188458 0.00880047 0.0705627)
(0.0019606 0.00878385 0.0728937)
(0.00200173 0.00877457 0.075161)
(0.00197681 0.00878022 0.0774503)
(0.00190955 0.00879509 0.0797188)
(0.00191991 0.00879283 0.0887335)
(0.00196918 0.00878193 0.0909971)
(0.00199998 0.00877497 0.093265)
(0.00202804 0.00876853 0.0955172)
(0.00197403 0.00878084 0.102355)
(0.00190454 0.00879618 0.10916)
(0.00177853 0.00882252 0.111422)
(0.00175111 0.008828 0.113754)
(0.00181471 0.00881515 0.116017)
(0.00183229 0.00881151 0.118298)
(0.00183754 0.00881042 0.120583)
(0.00199124 0.00877696 0.129701)
(0.00195464 0.00878518 0.136524)
(0.00190593 0.00879588 0.1433)
(0.00194865 0.00878651 0.145634)
(0.00200403 0.00877404 0.147895)
(0.00202912 0.00876828 0.150163)
(0.00207699 0.00875706 0.152417)
(0.00201212 0.00877219 0.159202)
(0.00187235 0.00880308 0.165958)
(0.00192324 0.00879211 0.168302)
(0.00207498 0.00875754 0.17516)
(0.00251395 0.00864176 0.184727)
(0.00249927 0.00864602 0.187668)
(0.00426822 -0.00792353 0.116251)
(0.00427431 -0.00792024 0.0982517)
(0.00500952 -0.00747694 0.165071)
(0.00444354 -0.00782655 0.0616508)
(0.00322019 -0.00840419 0.0657127)
(0.00457357 -0.00775129 0.055562)
(0.00231637 -0.00869681 0.153271)
(0.00305309 -0.00846632 0.0255025)
(-0.000146784 -0.0089988 0.156121)
(0.00246934 0.00865462 0.182127)
(-0.00304008 0.008471 0.00980179)
(0.00175609 -0.00882701 0.149231)
(0.00308608 -0.00845436 0.0827255)
(0.00185128 -0.00880754 0.0122639)
(0.0019569 0.00878468 0.163702)
(0.003107 -0.00844669 0.0791196)
(0.00197376 0.0087809 0.141047)
(0.00197336 0.00878099 0.134259)
(-0.00758277 -0.00484784 0.010313)
(0.00300851 -0.00848227 0.0955855)
(0.00300738 -0.00848267 0.106568)
(0.00240948 -0.00867147 0.175337)
(-0.00445923 -0.00781763 0.00717467)
(0.00583169 -0.00685503 0.187397)
(0.00312963 -0.00843833 0.162466)
(0.00331697 -0.00836646 0.169728)
(-0.00609968 -0.00661769 0.0091971)
(0.00363075 -0.00823515 0.0751882)
(0.00197986 0.00877953 0.106884)
(-0.0086705 -0.00241296 0.0109631)
(0.00446609 -0.00781371 0.0470726)
(0.00379761 -0.00815955 0.0438652)
(-0.00139486 -0.00889125 0.0113725)
(0.00349838 -0.00829224 0.0525487)
(0.00306893 -0.00846059 0.0214426)
(-0.0089922 0.000374717 0.0111055)
(0.00283444 0.00854201 0.0336485)
(0.00199489 0.00877613 0.0382126)
(0.00184771 0.00880829 0.0406116)
(0.00180713 0.0088167 0.04303)
(0.00195951 0.00878409 0.0546843)
(0.0018673 0.00880416 0.050113)
(0.00190383 0.00879633 0.052401)
(0.00191061 0.00879486 0.0683167)
(0.00189013 0.00879928 0.0660661)
(0.00187981 0.00880149 0.0864733)
(0.001876 0.00880231 0.0819754)
(0.00185261 0.00880726 0.0842241)
(0.00203172 0.00876767 0.100015)
(0.00204396 0.00876483 0.0977643)
(0.00201349 0.00877188 0.104612)
(0.00197267 0.00878115 0.127413)
(0.00187937 0.00880159 0.122862)
(0.00192195 0.00879239 0.125138)
(0.0019966 0.00877574 0.131982)
(0.00197806 0.00877994 0.138792)
(0.00207369 0.00875784 0.156959)
(0.00210116 0.00875129 0.154689)
(0.00198549 0.00877826 0.161452)
(0.00203573 0.00876674 0.172806)
(0.00197325 0.00878102 0.170545)
(0.00355987 -0.00826603 0.040103)
(0.00221028 0.00872437 0.177409)
(0.0023336 0.0086922 0.179707)
(0.00466274 -0.00769798 0.148448)
(-0.00400233 -0.0080611 0.0103329)
(-0.00211316 0.0087484 0.187606)
(-0.00746223 0.00503141 0.186773)
(-0.00849522 0.00297175 0.186711)
(-0.0089665 0.000775805 0.18642)
(-0.00887014 -0.00152334 0.186349)
(-0.0081563 -0.00380457 0.186596)
(-0.00689482 -0.00578459 0.187255)
(-0.00496818 -0.00750448 0.186851)
(-0.00299821 -0.00848591 0.186879)
(-0.000954249 -0.00894927 0.187125)
(0.001548 -0.00886587 0.187213)
(0.0017926 -0.00881967 0.0922485)
(0.00064273 -0.00897702 0.0885257)
(0.0030508 -0.00846715 0.181356)
(-0.000949766 0.00894975 0.167159)
(-0.000899413 0.00895495 0.144503)
(9.92843e-05 -0.00899945 0.0766733)
(0.00115053 -0.00892616 0.0620037)
(0.00212376 -0.00874584 0.103052)
(0.00246079 -0.00865705 0.113179)
(0.000989554 -0.00894543 0.117122)
(-0.0010551 0.00893794 0.110306)
(-0.000777761 -0.00896633 0.0154425)
(-0.000536103 -0.00898402 0.160417)
(0.00125272 -0.00891239 0.134733)
(-0.000922511 0.0089526 0.135381)
(-0.00115582 0.00892547 0.0416198)
(0.00406046 -0.00803198 0.0324586)
(-0.00108608 0.00893423 0.0853528)
(0.000129346 -0.00899907 0.14604)
(4.46796e-05 0.00899989 0.185929)
(0.00291929 -0.00851339 0.0585647)
(0.000883901 -0.00895649 0.0318975)
(0.00272309 -0.00857816 0.0358572)
(-0.00842736 0.00315905 0.0110931)
(-0.000915917 0.00895327 0.0898663)
(0.00268943 -0.00858877 0.166322)
(-0.000847854 0.00895997 0.0717226)
(-0.00084228 0.0089605 0.0581252)
(-0.00718701 0.00541728 0.0107957)
(-0.00541957 0.00718528 0.0103229)
(-0.00105625 0.0089378 0.0465454)
(-4.22051e-07 -0.009 0.0279812)
(0.00458281 -0.00774583 0.184284)
(-0.000857631 0.00895904 0.105747)
(0.000788249 -0.00896541 0.0688375)
(0.000507628 0.00898567 0.0162348)
(6.68905e-05 0.00899975 0.0187196)
(-0.000284406 0.00899551 0.0212106)
(0.000122619 0.00899916 0.0289523)
(0.00102882 0.008941 0.0314539)
(-0.000734248 0.00897 0.0364606)
(-0.0010509 0.00893843 0.0390988)
(-0.00111088 0.00893118 0.0440776)
(-0.00105399 0.00893807 0.0489461)
(-0.00104941 0.00893861 0.0512526)
(-0.00101178 0.00894295 0.0876009)
(-0.00105049 0.00893848 0.0672079)
(-0.000880012 0.00895687 0.0604303)
(-0.000968211 0.00894777 0.0627108)
(-0.00104637 0.00893897 0.0649627)
(-0.000912203 0.00895365 0.126272)
(-0.000832511 0.00896141 0.12856)
(-0.000817371 0.00896281 0.0740277)
(-0.000781684 0.00896599 0.0763291)
(-0.000914856 0.00895338 0.0786044)
(-0.00104173 0.00893951 0.080863)
(-0.00075409 0.00896835 0.101185)
(-0.00110355 0.00893209 0.0831046)
(-0.000966309 0.00894797 0.0535193)
(-0.000854831 0.00895931 0.0921457)
(-0.000837829 0.00896092 0.0944136)
(-0.000812204 0.00896328 0.0966621)
(-0.000795081 0.00896481 0.103481)
(-0.00112838 0.00892898 0.112597)
(-0.00114377 0.00892703 0.114896)
(-0.0011334 0.00892835 0.117189)
(-0.0011317 0.00892856 0.119476)
(-0.0011058 0.00893181 0.121753)
(-0.00880956 0.00184163 0.0142991)
(-0.00103337 0.00894048 0.12401)
(-0.000826058 0.00896201 0.130851)
(-0.000826229 0.00896199 0.15805)
(-0.000922065 0.00895264 0.137655)
(0.00131542 0.00890335 0.0110247)
(-0.000920877 0.00895276 0.139921)
(0.000865674 -0.00895827 0.124704)
(-0.000709189 0.00897201 0.174043)
(-0.000885156 0.00895637 0.146799)
(-0.000850137 0.00895976 0.149089)
(-0.000789179 0.00896533 0.151335)
(-0.000662136 0.00897561 0.153552)
(-0.000918573 0.008953 0.160289)
(-0.000956773 0.008949 0.169487)
(-0.000653451 0.00897625 0.176374)
(0.000611511 -0.0089792 0.0425482)
(0.00414812 -0.00798706 0.15119)
(0.00132042 -0.00890261 0.0990282)
(-0.000176496 0.00899827 0.0338528)
(-0.000933139 0.00895149 0.162553)
(0.000405093 -0.00899088 0.0725868)
(0.00370535 -0.00820185 0.187164)
(-0.000946442 0.0089501 0.108028)
(-0.00760497 0.00481294 0.014668)
(2.57564e-06 -0.009 0.0846242)
(-0.0061288 0.00659074 0.18672)
(1.09957e-05 0.00899999 0.188308)
(-0.00431976 0.00789555 0.186853)
(-0.000935684 0.00895123 0.164841)
(-8.39182e-05 -0.00899961 0.080663)
(-0.00613924 -0.00658101 0.0124214)
(-0.000870626 0.00895779 0.0558122)
(-9.06104e-05 -0.00899954 0.142594)
(0.000343011 -0.00899346 0.1096)
(-0.000838178 -0.00896088 0.0655605)
(-0.00380164 -0.00815767 0.0140414)
(-0.0009505 -0.00894967 0.113903)
(-0.000813702 -0.00896314 0.121104)
(0.000540785 -0.00898374 0.178432)
(-0.000345915 -0.00899335 0.138132)
(0.00108783 -0.00893402 0.131533)
(0.000912048 -0.00895367 0.171887)
(-0.00150971 -0.00887247 0.148518)
(3.73982e-06 0.009 0.183424)
(-0.00100095 -0.00894417 0.151873)
(-0.00784031 -0.00441923 0.0138068)
(-0.000249263 0.00899655 0.180937)
(0.00242075 -0.00866833 0.0494265)
(-0.00594187 0.00675975 0.0134136)
(0.00140693 -0.00888935 0.0461174)
(-0.00139951 -0.00889052 0.034875)
(0.00292219 -0.00851239 0.128576)
(0.00148999 -0.00887581 0.0553673)
(-0.0028123 -0.00854932 0.0308573)
(-0.000340109 -0.00899357 0.0239011)
(-0.000889274 0.00895596 0.133115)
(-0.000908664 0.00895401 0.142199)
(0.000951215 0.00894959 0.0136503)
(-0.000235193 0.00899693 0.0263185)
(-0.000378225 0.00899205 0.0237512)
(-0.000404358 -0.00899091 0.164352)
(-0.000483633 -0.008987 0.0196888)
(-0.000981874 0.00894628 0.0694509)
(-0.000771049 0.00896691 0.0989068)
(-0.000659944 0.00897577 0.15584)
(-0.000883639 0.00895652 0.171761)
(-0.000638824 0.0089773 0.178627)
(-0.00117858 0.0089225 0.0118302)
(-0.000162201 -0.00899854 0.0387658)
(-0.00359886 0.00824913 0.0124408)
(-0.000380818 -0.00899194 0.0951527)
(-0.00304577 0.00846896 0.154707)
(-0.00743682 -0.00506889 0.18369)
(-0.00584067 -0.00684738 0.183865)
(-0.00386156 -0.00812947 0.183803)
(-0.00175867 -0.0088265 0.184098)
(-0.00180891 -0.00881634 0.0913104)
(-0.00414573 0.0079883 0.111421)
(-0.00394814 0.00808778 0.170846)
(-0.00375511 -0.00817919 0.158005)
(-3.5649e-05 -0.00899993 0.168268)
(-0.00385929 0.00813055 0.054634)
(-0.00029276 -0.00899524 0.105475)
(-0.00372481 0.00819303 0.0569519)
(-0.00886862 -0.00153218 0.0142178)
(-0.00216944 -0.00873462 0.132999)
(-0.00384133 0.00813905 0.131965)
(-0.0039626 0.00808071 0.0887392)
(-0.00408692 -0.00801855 0.149673)
(-0.00389764 -0.00811224 0.153799)
(-0.0039069 0.00810778 0.163683)
(-0.00377753 0.00816886 0.0978174)
(-0.0038946 0.0081137 0.070633)
(-0.00355015 -0.00827021 0.0266181)
(-0.00425263 0.0079319 0.0426851)
(-0.00382667 0.00814596 0.166046)
(-0.00396156 0.00808122 0.0452165)
(-0.00291739 0.00851404 0.0195489)
(-0.00323407 0.00839886 0.0222863)
(-0.00639057 -0.00633724 0.0162032)
(-0.000891243 -0.00895576 0.128542)
(-0.00372783 0.00819166 0.0592996)
(-0.00393353 0.00809489 0.04773)
(-0.00414959 0.0079863 0.0500493)
(-0.00418866 0.00796588 0.0661222)
(-0.00402349 0.00805056 0.12518)
(-0.00388934 0.00811622 0.061604)
(-0.00411941 0.0080019 0.0638566)
(-0.0035629 0.00826473 0.0728928)
(-0.00352183 0.00828232 0.0751854)
(-0.00376771 0.00817339 0.0774395)
(-0.0040203 0.00805216 0.0797019)
(-0.00393459 0.00809438 0.136516)
(-0.00379647 0.00816008 0.0910236)
(-0.00383906 0.00814012 0.143387)
(-0.00378062 0.00816743 0.0933133)
(-0.00381318 0.00815228 0.0955721)
(-0.00370217 0.00820329 0.156729)
(-0.00419221 0.00796401 0.113733)
(-0.00419514 0.00796246 0.11605)
(-0.00423825 0.0079396 0.118355)
(-0.00425127 0.00793264 0.120647)
(-0.00361941 0.00824014 0.100025)
(-0.00395757 0.00808317 0.138792)
(-0.0039545 0.00808467 0.134227)
(-0.00380217 0.00815742 0.148062)
(-0.0038428 0.00813836 0.150386)
(-0.00365005 0.00822661 0.152667)
(-0.00392088 0.00810103 0.159017)
(-0.00389638 0.00811284 0.168421)
(-0.00311947 0.00844209 0.175333)
(-0.00392086 0.00810104 0.141084)
(-0.00320286 -0.00841081 0.074228)
(-0.00386175 0.00812938 0.14572)
(-0.0024264 0.00866675 0.184855)
(-0.00300096 -0.00848494 0.0696853)
(-0.00334993 -0.00835332 0.145307)
(-0.0012257 -0.00891615 0.101736)
(-0.00281699 0.00854778 0.0279389)
(-0.00678253 0.00591585 0.183548)
(-0.00376251 0.00817579 0.127416)
(-0.00234981 0.00868783 0.0312212)
(-0.00374394 0.00818431 0.173257)
(0.0024062 -0.00867238 0.184342)
(-0.00325015 0.00839265 0.0250812)
(-0.00156203 0.00886341 0.0144624)
(-0.00260783 -0.0086139 0.0981942)
(-0.00875139 0.00210076 0.183485)
(-0.00899435 -0.000318855 0.183135)
(-0.00854959 -0.0028115 0.183215)
(-0.00402547 0.00804957 0.109144)
(0.000383755 -0.00899181 0.184854)
(-0.00422471 0.00794681 0.0819589)
(-0.00203493 -0.00876693 0.0451992)
(-0.00376705 -0.0081737 0.16233)
(-0.00377351 -0.00817072 0.0180453)
(-0.0025248 -0.0086386 0.0619668)
(-0.00259847 -0.00861672 0.117786)
(-0.0028485 -0.00853733 0.124977)
(0.000450346 -0.00898873 0.182031)
(-0.000493244 -0.00898647 0.0585265)
(-0.00355689 -0.00826732 0.140789)
(-0.00114389 -0.00892701 0.174639)
(-0.00417366 0.00797374 0.0864823)
(0.000223577 -0.00899722 0.0521006)
(-0.00396632 0.00807888 0.161346)
(-0.00725631 0.00532409 0.0181499)
(-0.0037848 0.00816549 0.104559)
(-0.00375378 -0.0081798 0.02226)
(-0.00331258 -0.0083682 0.0869461)
(-0.00413429 0.00799422 0.052348)
(-0.00412444 0.00799931 0.0683844)
(-0.00425506 0.0079306 0.0400526)
(-0.00367292 0.00821643 0.129739)
(-0.00222894 0.00871962 0.0170602)
(-0.00373111 -0.00819016 0.0378056)
(-0.00424663 0.00793512 0.0842189)
(-0.00328822 -0.00837781 0.0783377)
(-0.00358699 0.0082543 0.102326)
(-0.00420492 0.0079573 0.122928)
(-0.00798926 0.00414388 0.184228)
(-0.00496478 -0.00750673 0.0339898)
(-0.00490967 0.00754289 0.183283)
(-0.00364723 0.00822786 0.17768)
(-0.00230033 0.00870106 0.182377)
(-0.00336885 0.00834571 0.0342565)
(-0.00385365 0.00813323 0.106843)
(-0.00832252 -0.00342574 0.0179843)
(-0.00297339 -0.00849464 0.0415536)
(-0.00613613 0.00658391 0.128574)
(-0.0033148 -0.00836732 0.0824041)
(-0.00458523 -0.00774439 0.180611)
(-0.00214019 -0.00874183 0.180914)
(-0.00680487 0.00589014 0.0673705)
(-0.0039395 0.00809199 0.0150419)
(-0.00639643 0.00633133 0.0558067)
(-0.00668789 -0.00602263 0.159919)
(-0.0068363 0.00585364 0.121876)
(-0.00645187 -0.00627482 0.142989)
(-0.00671759 0.00598949 0.0696201)
(-0.00450486 -0.00779142 0.128821)
(-0.00410109 -0.00801131 0.136592)
(-0.00630227 0.00642506 0.154764)
(-0.00391332 0.00810469 0.0372505)
(-0.00524844 0.00731122 0.0294524)
(-0.00523957 -0.00731758 0.0906179)
(-0.00194605 -0.00878709 0.0550815)
(-0.00854005 0.00284034 0.0177175)
(-0.00550444 0.00712047 0.0170828)
(-0.00667122 -0.00604109 0.0248711)
(-0.000937262 -0.00895106 0.0487358)
(-0.00662622 0.00609042 0.162494)
(-0.00440097 -0.00785057 0.0654899)
(-0.00640139 0.00632631 0.092303)
(-0.00633787 0.00638994 0.023465)
(-0.00616146 0.00656022 0.0581374)
(-0.00645912 0.00626736 0.16488)
(-0.00679633 0.00589999 0.0440752)
(-0.0064315 0.0062957 0.0719292)
(-0.0059272 0.00677261 0.0739711)
(-0.00637245 0.00635547 0.0760965)
(-0.00669837 0.00601097 0.112474)
(-0.00671012 0.00599785 0.114932)
(-0.00676441 0.00593656 0.117191)
(-0.00650456 0.00622019 0.0990569)
(-0.00675161 0.00595112 0.137722)
(-0.00314941 -0.00843097 0.111128)
(-0.00651986 0.00620415 0.149463)
(-0.00664979 0.00606467 0.130728)
(-0.0066441 0.00607091 0.157379)
(-0.0033031 -0.00837195 0.104196)
(-0.00331863 0.0083658 0.180177)
(-0.00316807 -0.00842397 0.107504)
(-0.00624036 -0.00648521 0.0721311)
(-0.00647849 -0.00624734 0.0298407)
(-0.00681162 0.00588233 0.124203)
(-0.00611217 0.00660616 0.0266419)
(-0.00389023 -0.00811579 0.0944773)
(-0.00899951 -9.36943e-05 0.0171137)
(-0.00685045 0.00583707 0.0853712)
(-0.00352662 -0.00828027 0.166675)
(-0.00619165 -0.00653173 0.0760621)
(-0.00651057 0.0062139 0.0351284)
(-0.00795685 0.00420578 0.0211642)
(-0.00656265 -0.00615887 0.139093)
(-0.00596898 0.00673582 0.0321121)
(-0.00887694 0.00148324 0.180131)
(-0.00662163 0.00609541 0.126492)
(-0.0064735 -0.0062525 0.0369161)
(-0.0088687 -0.00153169 0.179832)
(-0.00675821 0.00594362 0.0650024)
(-0.00675663 0.00594542 0.0534423)
(-0.00622926 -0.00649587 0.0685875)
(-0.00682958 0.00586147 0.0511168)
(-0.00454487 -0.00776815 0.121506)
(-0.00590154 -0.00679499 0.11809)
(-0.00412066 -0.00800126 0.114779)
(-0.00578246 -0.00689661 0.132593)
(-0.00267405 -0.00859357 0.170807)
(-0.00671116 -0.00599669 0.0873606)
(-0.0065757 -0.00614493 0.147085)
(-0.00317951 -0.00841966 0.0516376)
(-0.00671313 -0.00599449 0.151268)
(-0.00393938 -0.00809205 0.0583721)
(-0.00659206 -0.00612737 0.181089)
(-0.00427605 -0.0079193 0.0480616)
(-0.00587561 -0.00681742 0.0618616)
(-0.00685618 -0.00583033 0.135675)
(-0.00624545 -0.00648031 0.0405899)
(-0.00671702 0.00599013 0.0487407)
(-0.0079198 -0.00427514 0.18014)
(-0.00635284 0.00637506 0.0604726)
(-0.00660743 0.0061108 0.139964)
(-0.00693616 0.00573495 0.0413838)
(-0.00623316 0.00649213 0.17982)
(-0.00665357 -0.00606053 0.020386)
(-0.00486918 -0.00756909 0.101268)
(-0.0089906 0.000411298 0.0206035)
(-0.00664151 0.00607374 0.160067)
(-0.00651671 0.00620746 0.0899057)
(-0.00623571 0.00648968 0.0464478)
(-0.0060273 0.00668369 0.101111)
(-0.00670428 0.00600438 0.0627293)
(-0.00851243 -0.00292207 0.0227084)
(-0.00678839 0.00590913 0.110251)
(-0.00661589 0.00610164 0.0784646)
(-0.00664231 -0.00607287 0.164634)
(-0.00643437 0.00629276 0.0945266)
(-0.00660955 0.0061085 0.172682)
(-0.00619786 -0.00652584 0.0837028)
(-0.00793741 0.00424235 0.181247)
(-0.00649676 0.00622833 0.147036)
(-0.00646331 0.00626303 0.0968335)
(-0.00683958 0.0058498 0.119534)
(-0.00676585 0.00593493 0.0876585)
(-0.00665733 0.0060564 0.133059)
(-0.0065201 0.0062039 0.151995)
(-0.00642149 0.00630591 0.167416)
(-0.00666901 0.00604353 0.135366)
(-0.0065529 0.00616924 0.142302)
(-0.00651939 0.00620464 0.144658)
(-0.0054623 -0.00715285 0.0442628)
(-0.0067298 -0.00597576 0.155551)
(-0.00687459 0.00580862 0.0830471)
(-0.00627955 0.00644727 0.175829)
(-0.00315034 -0.00843062 0.17755)
(-0.00652084 0.00620312 0.169873)
(-0.00584185 0.00684637 0.0203347)
(-0.00614129 -0.0065791 0.0799401)
(-0.00700177 -0.00565466 0.0581171)
(-0.00834367 0.0033739 0.0662003)
(-0.00641696 -0.00631052 0.169779)
(-0.00834687 -0.00336598 0.14468)
(-0.00679979 0.00589601 0.0807243)
(-0.00831306 -0.00344864 0.140781)
(-0.00628983 -0.00643724 0.12518)
(-0.00859351 -0.00267423 0.027063)
(-0.00776528 -0.00454978 0.129086)
(-0.00829553 -0.00349059 0.0382203)
(-0.00823892 0.00362218 0.0550527)
(-0.00776552 -0.00454937 0.0904514)
(-0.00678864 0.00590884 0.0384193)
(-0.00899955 9.02451e-05 0.154044)
(-0.00647095 0.00625514 0.103224)
(-0.00820199 0.00370504 0.148312)
(-0.00749436 -0.00498344 0.0654327)
(-0.0084092 -0.00320708 0.148743)
(-0.00817889 -0.00375575 0.0778036)
(-0.00871198 0.00225861 0.0688935)
(-0.0085166 0.0029099 0.120805)
(-0.00810053 0.00392192 0.158835)
(-0.00767975 0.00469269 0.0591729)
(-0.00817422 0.00376592 0.16396)
(-0.00846486 0.00305714 0.0868916)
(-0.00859559 0.00266757 0.0251854)
(-0.00812994 0.00386058 0.128828)
(-0.00810075 0.00392145 0.113568)
(-0.00810581 0.00391098 0.0713819)
(-0.00822356 0.00365691 0.0611741)
(-0.00829936 0.00348148 0.0892873)
(-0.00826043 0.00357286 0.161384)
(-0.00792012 0.00427454 0.0740687)
(-0.00795011 0.00421851 0.0767392)
(-0.00530471 -0.00727049 0.054682)
(-0.00823193 0.00363803 0.143636)
(-0.00834403 0.003373 0.115822)
(-0.0084725 0.00303591 0.11828)
(-0.00765755 -0.00472884 0.0340428)
(-0.00795118 0.00421649 0.145927)
(-0.00847852 0.00301905 0.049466)
(-0.00798612 0.00414993 0.150736)
(-0.00826816 -0.00355493 0.0739684)
(-0.00830423 -0.00346984 0.176673)
(-0.00855308 0.00280087 0.156289)
(-0.0083822 0.003277 0.0790192)
(-0.00727923 -0.00529272 0.0472156)
(-0.00784877 0.00440417 0.091305)
(-0.00843807 -0.00313033 0.161897)
(-0.00839858 0.0032348 0.123399)
(-0.00843822 -0.00312993 0.0695755)
(-0.00649055 0.0062348 0.105478)
(-0.00850677 0.0029385 0.173981)
(-0.00661217 0.00610567 0.107929)
(-0.007701 0.00465775 0.0571083)
(-0.00606121 -0.00665295 0.0976888)
(-0.00809232 0.00393882 0.046571)
(-0.00822651 -0.00365029 0.0433258)
(-0.00815234 0.00381306 0.10394)
(-0.00770683 -0.0046481 0.121423)
(-0.00819171 -0.00372771 0.0617822)
(-0.00831462 0.00344487 0.0362066)
(-0.00851077 0.00292692 0.081641)
(-0.00833883 0.00338585 0.13656)
(-0.00854893 -0.00281349 0.0310035)
(-0.00816611 -0.00378346 0.133227)
(-0.00561755 -0.00703158 0.112281)
(-0.00845619 0.00308106 0.0524648)
(-0.00811157 0.00389903 0.0327707)
(-0.00452588 -0.00777923 0.173989)
(-0.00837664 -0.00329118 0.0875618)
(-0.00803718 0.00405014 0.171153)
(-0.00899729 0.000220661 0.176577)
(-0.00753572 0.00492066 0.0292795)
(-0.0083166 0.00344008 0.126084)
(-0.00840936 -0.00320666 0.152784)
(-0.00809352 -0.00393635 0.0813942)
(-0.00832366 -0.00342295 0.136995)
(-0.00804164 0.00404129 0.101071)
(-0.00834352 0.00337427 0.139066)
(-0.00827647 0.00353553 0.153296)
(-0.0081495 -0.00381912 0.0846525)
(-0.00852436 0.00288708 0.0842476)
(-0.00860258 0.00264492 0.111237)
(-0.00872975 0.00218893 0.0435052)
(-0.0084487 0.00310152 0.0636232)
(-0.00808677 0.00395022 0.0935279)
(-0.00630235 -0.00642498 0.177592)
(-0.00832943 0.00340889 0.131735)
(-0.00782222 0.00445116 0.166221)
(-0.00863582 -0.0025343 0.157198)
(-0.00801281 0.00409815 0.141293)
(-0.00623941 -0.00648612 0.0511204)
(-0.00858935 -0.00268758 0.166964)
(-0.00581138 -0.00687225 0.109211)
(-0.0082203 0.00366424 0.0981656)
(-0.00631262 -0.0064149 0.105232)
(-0.00792823 0.00425947 0.106432)
(-0.00807534 0.00397351 0.177745)
(-0.00787213 -0.00436228 0.101159)
(-0.00899947 9.72759e-05 0.0614487)
(-0.00793291 0.00425076 0.0957645)
(-0.00842934 -0.00315375 0.125177)
(-0.00693735 -0.00573351 0.114924)
(-0.00897779 -0.000631958 0.0654509)
(-0.00699026 -0.00566888 0.0938331)
(-0.00898903 0.000444265 0.124967)
(-0.00835532 0.00334493 0.108639)
(-0.00898388 -0.000538342 0.0513693)
(-0.00897529 0.000666402 0.146204)
(-0.00846493 0.00305696 0.0397977)
(-0.00897111 -0.000720591 0.0472054)
(-0.00808399 0.0039559 0.134174)
(-0.00871554 -0.00224486 0.172462)
(-0.00899396 0.000329775 0.163298)
(-0.00897063 0.000726539 0.113784)
(-0.00899996 2.82077e-05 0.0548801)
(-0.00898637 -0.00049522 0.0893276)
(-0.00898276 0.000556736 0.0723666)
(-0.00798646 -0.00414928 0.054134)
(-0.00899176 -0.000385022 0.034126)
(-0.00899184 -0.000383064 0.130923)
(-0.00809118 0.00394117 0.168591)
(-0.0089808 0.000587514 0.0761837)
(-0.00899829 0.000175178 0.102664)
(-0.00898547 -0.000511141 0.0407757)
(-0.00832601 -0.00341724 0.0968279)
(-0.00873863 -0.00215321 0.0580676)
(-0.00894111 0.00102788 0.0298001)
(-0.00895937 0.000854213 0.0955278)
(-0.00754361 -0.00490856 0.111749)
(-0.00884016 -0.00168866 0.11137)
(-0.00898177 -0.000572498 0.122381)
(-0.00899292 0.000356841 0.0376943)
(-0.00898007 0.000598587 0.150464)
(-0.00898509 0.000517898 0.141923)
(-0.00811306 -0.00389594 0.117594)
(-0.00899994 -3.30659e-05 0.0992204)
(-0.00899673 0.000242404 0.134446)
(-0.00899758 -0.000208564 0.12777)
(-0.00899987 -4.76383e-05 0.13838)
(-0.00898392 0.000537689 0.15964)
(-0.00896454 -0.000798179 0.119514)
(-0.00888564 0.0014302 0.166493)
(-0.00817693 -0.00376003 0.0502414)
(-0.00718777 -0.00541626 0.173933)
(-0.00870436 -0.0022878 0.0930376)
(-0.00856618 -0.00276054 0.105237)
(-0.00899734 -0.000218912 0.116556)
(-0.00899303 -0.000354116 0.0797098)
(-0.00795253 -0.00421394 0.108452)
(-0.00898947 -0.00043514 0.0858716)
(-0.00888819 0.00141425 0.0919829)
(-0.00883179 0.00173192 0.0581562)
(-0.00898282 -0.000555889 0.0828622)
(-0.0089203 0.00119508 0.10593)
(-0.00895987 0.000848956 0.170104)
(-0.00851413 -0.00291712 0.114399)
(-0.00898925 -0.000439706 0.1086)
(0.02 2.31873e-05 0.022731)
(0.02 -0.00238481 0.0213655)
(0.02 -0.00243282 0.0187277)
(0.02 -7.35919e-05 0.0172605)
(0.02 0.00232323 0.0186362)
(0.02 0.00238064 0.0212747)
(0.02 -2.89032e-05 0.0199985)
(0.02 -0.00142345 0.182352)
(0.02 -0.00275004 0.180082)
(0.02 -0.00146248 0.177734)
(0.02 0.00118376 0.177586)
(0.02 0.00257581 0.179888)
(0.02 0.00141824 0.18229)
(0.02 -0.000183142 0.179945)
(0.0112915 0.00137457 0.2)
(0.0102861 0.00355572 0.2)
(0.00961576 0.00582454 0.2)
(0.00798079 0.00800658 0.2)
(0.00583794 0.00961063 0.2)
(0.00348355 0.010599 0.2)
(0.0009331 0.0111819 0.2)
(-0.00156284 0.0110727 0.2)
(-0.00356199 0.010226 0.2)
(-0.00575226 0.00971138 0.2)
(-0.00788805 0.00805019 0.2)
(-0.00941564 0.00605025 0.2)
(-0.0106921 0.00364221 0.2)
(-0.0108051 0.00122123 0.2)
(-0.0112544 -0.00109746 0.2)
(-0.0106991 -0.00369561 0.2)
(-0.0095339 -0.00605098 0.2)
(-0.00773456 -0.00766743 0.2)
(-0.00623858 -0.00933535 0.2)
(-0.00412831 -0.0104644 0.2)
(-0.00158754 -0.0110445 0.2)
(0.00108919 -0.0111581 0.2)
(0.00374395 -0.0106101 0.2)
(0.00618459 -0.00947525 0.2)
(0.00821348 -0.00781576 0.2)
(0.0091463 -0.00585481 0.2)
(0.0105274 -0.00405798 0.2)
(0.0112652 -0.00151011 0.2)
(0.0112904 0.00137319 0)
(0.0102862 0.0035548 0)
(0.00961624 0.0058238 0)
(0.00798123 0.00800615 0)
(0.00348356 0.0105989 0)
(0.000932812 0.0111819 0)
(-0.00156348 0.0110726 0)
(-0.00356287 0.0102256 0)
(-0.00575306 0.00971091 0)
(-0.00788881 0.00804945 0)
(-0.00941633 0.00604916 0)
(-0.0106926 0.00364064 0)
(-0.0108054 0.00121941 0)
(-0.0112542 -0.00109949 0)
(-0.0106983 -0.00369775 0)
(-0.00953263 -0.00605297 0)
(-0.00773299 -0.00766899 0)
(-0.00619282 -0.00930252 0)
(-0.00411864 -0.0104601 0)
(0.00109262 -0.0111578 0)
(0.00374745 -0.0106089 0)
(0.00618785 -0.00947304 0)
(0.00821629 -0.00781274 0)
(0.00914843 -0.00585123 0)
(0.0105283 -0.00405269 0)
(0.0112645 -0.0015078 0)
(0.0058382 0.00961045 0)
(-0.00158448 -0.0110449 0)
(0.0168765 0.00129898 0.0151717)
(0.015641 0.00489104 0.0189619)
(0.0152696 0.00377283 0.0232811)
(0.0163054 0.00222567 0.0244773)
(0.0155307 -0.00362841 0.0234402)
(0.0156778 -0.00493123 0.0191736)
(0.0169157 -0.00144871 0.0152145)
(0.0177739 -0.00393464 0.0230852)
(0.0178765 -0.00490223 0.0209839)
(0.0168413 -0.00382666 0.0167818)
(0.0180641 0.0048124 0.0186432)
(0.0178177 0.00493044 0.0208311)
(0.0173957 -0.00211671 0.0245299)
(0.016795 0.00366068 0.0165942)
(0.0154204 0.0048071 0.0213754)
(0.0155014 -0.00474186 0.0215858)
(0.0180931 -0.00485545 0.0188065)
(0.0175303 0.00400352 0.0229953)
(0.0159548 0.00166083 0.175284)
(0.0156702 0.00381535 0.176768)
(0.0154724 0.00470119 0.181703)
(0.0160741 0.00270666 0.184204)
(0.0154474 -0.004013 0.182983)
(0.0155657 -0.00492037 0.179111)
(0.0169393 -0.00122117 0.175151)
(0.0173492 -0.00306471 0.183951)
(0.0174117 -0.00479356 0.181422)
(0.0167943 -0.00379296 0.176742)
(0.0179041 0.00322194 0.176177)
(0.0177831 0.00467138 0.178217)
(0.0154743 0.0049211 0.179115)
(0.0149737 -0.00485768 0.181184)
(0.01791 -0.00487926 0.178908)
(0.018128 0.0011423 0.175132)
(0.0177467 0.00495149 0.180695)
(0.017768 0.0040658 0.18291)
(0.0135462 -0.00353554 0.190194)
(0.0130545 -0.00505774 0.184807)
(0.012272 -0.00673783 0.182179)
(0.0116789 -0.00772029 0.179011)
(0.0129763 -0.00525499 0.174395)
(0.0137318 -0.00272705 0.172903)
(0.0135948 -0.00334379 0.0291181)
(0.0133564 -0.00419612 0.0379812)
(0.0133281 -0.00428504 0.0470255)
(0.0132713 -0.00445777 0.0570721)
(0.0134715 -0.00381024 0.0666341)
(0.0134217 -0.00398227 0.0755329)
(0.013447 -0.00389586 0.0844338)
(0.0135022 -0.00369998 0.093291)
(0.0134158 -0.0040019 0.102427)
(0.0134357 -0.00393477 0.111338)
(0.0134496 -0.00388692 0.12026)
(0.0134519 -0.00387906 0.129034)
(0.013485 -0.00376213 0.13773)
(0.0134527 -0.00387619 0.146677)
(0.0134296 -0.00395557 0.156186)
(0.013536 -0.00357439 0.165)
(0.0136843 -0.00295644 0.169148)
(0.0130042 -0.00518559 0.0255461)
(0.0121692 -0.00692175 0.0220358)
(0.0121617 -0.00693491 0.0182844)
(0.0129221 -0.00538704 0.0153294)
(0.0137111 -0.00282962 0.0133206)
(0.0136255 -0.00321636 0.00555635)
(0.0136378 -0.00316394 0.00989087)
(0.0123105 0.00666715 0.00283971)
(0.0102571 0.00952843 0.00311514)
(0.00447265 0.0132663 0.00337043)
(-0.00296867 0.0136816 0.00361855)
(-0.00956172 0.0102261 0.00344795)
(-0.0134871 0.00375457 0.00393847)
(-0.013259 -0.00449437 0.0039998)
(-0.00881259 -0.0108783 0.00357335)
(-0.00225424 -0.0138173 0.00322836)
(0.00467233 -0.0131973 0.0032258)
(0.0103464 -0.00943139 0.00443237)
(0.0135923 0.0033539 0.0055656)
(0.0135626 0.00347206 0.0103578)
(0.0130343 0.0051095 0.0144483)
(0.0121891 0.00688663 0.0178989)
(0.0118664 0.00742884 0.0216264)
(0.0129162 0.00540112 0.0248811)
(0.0137323 0.0027249 0.0267578)
(0.0136768 0.00299078 0.0298927)
(0.0135906 0.00336081 0.0339582)
(0.0135502 0.00352007 0.0384544)
(0.0135176 0.00364351 0.0429597)
(0.0135095 0.00367323 0.0475417)
(0.0135054 0.00368846 0.0523437)
(0.0135069 0.0036829 0.0572821)
(0.0135083 0.00367764 0.0621933)
(0.0135138 0.00365758 0.0669125)
(0.013516 0.00364922 0.0714408)
(0.0135179 0.00364237 0.0758944)
(0.0135188 0.003639 0.0803141)
(0.0135185 0.00363991 0.0847223)
(0.0135185 0.00364 0.0891429)
(0.0135191 0.0036378 0.0936077)
(0.0135186 0.00363986 0.0982118)
(0.0135234 0.00362176 0.1028)
(0.0135251 0.00361563 0.107272)
(0.0135266 0.0036098 0.111696)
(0.0135273 0.00360708 0.116097)
(0.0135269 0.00360871 0.120488)
(0.0135254 0.00361421 0.124877)
(0.0135233 0.00362224 0.129272)
(0.013521 0.00363071 0.133677)
(0.0135188 0.00363879 0.138102)
(0.0135166 0.00364727 0.142565)
(0.0135172 0.00364485 0.147112)
(0.0135028 0.00369784 0.151766)
(0.013512 0.00366409 0.156339)
(0.0135432 0.00354707 0.160754)
(0.0136195 0.00324159 0.165197)
(0.0137073 0.00284768 0.169644)
(0.0137571 0.00259662 0.173083)
(0.0131397 0.00483208 0.174917)
(0.012402 0.00649543 0.177241)
(0.0123416 0.00660949 0.182303)
(0.0130213 0.00514265 0.185253)
(0.0137506 0.00263077 0.186906)
(0.0137465 0.00265231 0.190232)
(0.0138151 0.00226757 0.193782)
(0.0136044 0.00330458 0.197106)
(0.0122837 0.00671646 0.196908)
(0.0100993 0.00969557 0.196779)
(0.00716221 0.0120292 0.196757)
(0.00360724 0.0135273 0.196782)
(0.000338805 0.0139959 0.196637)
(-0.00318354 0.0136332 0.196539)
(-0.00655459 0.0123708 0.196487)
(-0.00975088 0.0100459 0.196264)
(-0.0122081 0.00685297 0.19617)
(-0.0135751 0.00342313 0.196334)
(-0.0139814 -0.00072077 0.196327)
(-0.0131941 -0.00468144 0.196313)
(-0.0113532 -0.00819172 0.196345)
(-0.00868463 -0.0109808 0.196328)
(-0.00542663 -0.0129055 0.196376)
(-0.00210219 -0.0138413 0.196522)
(0.00137271 -0.0139325 0.196627)
(0.00475039 -0.0131694 0.196783)
(0.00817713 -0.0113637 0.196913)
(0.0110399 -0.00860927 0.197028)
(0.0130594 -0.00504502 0.197059)
(0.013723 -0.00277093 0.186747)
(0.0137172 -0.00279996 0.193835)
(0.0133432 -0.00423793 0.0424821)
(0.0138212 -0.00223034 0.0264589)
(0.013398 -0.00406133 0.0332075)
(0.0132818 -0.0044264 0.0520145)
(0.013328 -0.00428548 0.0619091)
(0.0134684 -0.00382116 0.0712298)
(0.0134193 -0.00399038 0.0799409)
(0.01351 -0.00367146 0.0887742)
(0.0134182 -0.00399407 0.0975996)
(0.0134267 -0.0039652 0.106893)
(0.0134476 -0.00389385 0.11575)
(0.0134478 -0.00389313 0.124643)
(0.0134601 -0.00385041 0.133409)
(0.0134605 -0.00384907 0.142325)
(0.0134052 -0.00403729 0.151548)
(0.013454 -0.00387183 0.160618)
(0.00759442 0.0117612 0.00315732)
(0.000810914 0.0139765 0.00352574)
(-0.00651691 0.0123907 0.00367152)
(-0.01197 0.00726073 0.00351344)
(-0.0139946 -0.000387207 0.00409875)
(-0.0114818 -0.0080105 0.00377174)
(-0.0056195 -0.0128227 0.00331371)
(0.00129835 -0.0139397 0.00323834)
(0.00785484 -0.0115889 0.00294557)
(0.0124844 -0.00633567 0.00343392)
(0.0138028 0.00234148 0.013456)
(0.0115672 0.00788675 0.179639)
(0.0111919 -0.00841084 0.0596671)
(0.0127341 -0.00581744 0.187462)
(-0.010935 0.00874213 0.00712592)
(0.0111924 -0.00841009 0.0497756)
(0.0112283 -0.00836219 0.0448448)
(0.0119862 -0.00723407 0.0688873)
(0.0111529 -0.00846238 0.054725)
(0.0114616 -0.00803937 0.0776624)
(0.0113859 -0.0081462 0.0349848)
(0.0116621 -0.00774569 0.0871582)
(0.0117312 -0.00764069 0.0949125)
(0.0116005 -0.00783766 0.0728282)
(0.0115397 -0.00792686 0.104315)
(0.0114417 -0.00806773 0.082322)
(0.0116029 -0.00783412 0.113487)
(0.00967229 0.0101216 0.00706124)
(0.0116251 -0.00780111 0.122463)
(0.0115392 -0.0079276 0.184662)
(0.0116641 -0.00774268 0.13137)
(0.011578 -0.0078709 0.117985)
(0.0117937 -0.00754372 0.140213)
(0.0116353 -0.00778582 0.126923)
(0.0116021 -0.00783523 0.149204)
(0.0115194 -0.00795636 0.153902)
(0.0117019 -0.00768541 0.163645)
(0.0115417 -0.00792392 0.0995449)
(0.0117567 -0.00760139 0.0295194)
(0.0112216 -0.00837112 0.0400482)
(-0.00104972 0.0139606 0.00795905)
(-0.0102665 -0.00951835 0.00817242)
(0.00277538 0.0137221 0.00769608)
(0.0121573 0.00694265 0.0068097)
(-0.0138788 0.00183831 0.0086596)
(-0.0084502 0.0111622 0.0079396)
(-0.0125365 -0.00623195 0.00851438)
(-0.0127824 0.00571058 0.00828198)
(-0.0138065 -0.00231942 0.0086887)
(-0.000129575 -0.0139994 0.00707657)
(-0.00489693 0.0131156 0.00803987)
(0.00737861 -0.0118977 0.00696004)
(-0.00392365 -0.0134389 0.00712496)
(0.0036453 -0.0135171 0.00736945)
(0.0109084 0.00877535 0.0148499)
(0.00996464 0.00983392 0.0187909)
(0.0126196 0.00606192 0.0284034)
(0.0122803 0.00672274 0.0323145)
(0.0120555 0.00711792 0.0364507)
(0.011989 0.00722934 0.041062)
(0.0119466 0.0072992 0.0457144)
(0.0119494 0.00729462 0.0504365)
(0.0119635 0.00727154 0.0552289)
(0.0119701 0.00726068 0.0600267)
(0.0119645 0.00726983 0.0647617)
(0.011959 0.00727884 0.0693925)
(0.0119574 0.00728155 0.0739233)
(0.0119586 0.00727955 0.0783891)
(0.0119566 0.00728282 0.0828216)
(0.0119573 0.00728161 0.0872571)
(0.0119627 0.00727279 0.0917159)
(0.0119755 0.00725174 0.0962122)
(0.011983 0.00723935 0.100733)
(0.0119879 0.00723128 0.105237)
(0.0119911 0.00722587 0.109699)
(0.0119931 0.00722255 0.114129)
(0.0119918 0.00722472 0.118536)
(0.0119872 0.0072324 0.122937)
(0.0119805 0.00724339 0.127345)
(0.0119725 0.0072566 0.131772)
(0.0119664 0.00726673 0.136223)
(0.0119626 0.00727297 0.140711)
(0.0119588 0.00727922 0.145258)
(0.0119472 0.0072982 0.149871)
(0.01193 0.00732641 0.15451)
(0.0119562 0.00728348 0.159119)
(0.0121084 0.00702762 0.163658)
(0.0124984 0.00630803 0.167651)
(0.0129424 0.00533803 0.171715)
(0.0119089 0.00736062 0.17404)
(0.0116238 0.00780305 0.184586)
(0.0129485 0.00532328 0.189151)
(0.0130015 0.00519243 0.193264)
(0.0113566 0.00818704 0.192501)
(0.00873244 0.0109428 0.193397)
(0.00515401 0.0130168 0.193236)
(0.00186148 0.0138757 0.19239)
(-0.00158739 0.0139097 0.192136)
(-0.0051074 0.0130351 0.192098)
(-0.00868794 0.0109781 0.1919)
(-0.0113538 0.00819095 0.191933)
(-0.0131756 0.0047333 0.191954)
(-0.0139717 0.000890005 0.191879)
(-0.0136649 -0.00304464 0.191856)
(-0.0122811 -0.00672114 0.191889)
(-0.00998194 -0.00981636 0.191938)
(-0.00694133 -0.012158 0.191989)
(-0.00347992 -0.0135606 0.192157)
(0.000128274 -0.0139994 0.192278)
(0.00365808 -0.0135136 0.192564)
(0.0069873 -0.0121317 0.193039)
(0.0100854 -0.00971 0.193637)
(0.012491 -0.0063225 0.193649)
(0.0116749 -0.00772633 0.135806)
(0.0112666 -0.00831049 0.175765)
(0.0107268 -0.00899646 0.0244785)
(0.0101661 -0.00962549 0.0200275)
(0.0109747 -0.00869229 0.0154171)
(0.0115798 -0.00786817 0.10896)
(0.0124915 -0.00632156 0.0119057)
(0.0100352 -0.00976194 0.181825)
(0.0117511 -0.00760993 0.144548)
(0.0107388 0.00898206 0.0257185)
(0.0123241 -0.00664195 0.00771161)
(0.0122272 -0.00681884 0.167737)
(0.0113735 -0.00816358 0.0646059)
(0.0117044 0.00768166 0.0108775)
(0.012005 -0.00720269 0.190539)
(0.0121558 -0.00694528 0.0910259)
(0.0086792 0.0109851 0.0228987)
(0.0115703 -0.00788219 0.158742)
(0.00646456 0.0124181 0.00723632)
(-0.00729633 -0.0119484 0.00762738)
(0.0116545 0.00775716 0.187853)
(0.0103099 0.00947128 0.182372)
(0.00982428 -0.00997414 0.0108077)
(0.0105051 0.00925438 0.176628)
(0.011104 0.00852644 0.170447)
(0.00872955 -0.0109451 0.178082)
(0.0129701 -0.00527033 0.171173)
(0.0111454 -0.00847227 0.17164)
(-0.0109297 0.00874875 0.0121724)
(0.00105858 0.0139599 0.0120281)
(0.00795289 -0.0115218 0.101524)
(0.00770494 0.0116891 0.0155272)
(0.00843201 -0.0111759 0.068807)
(0.00832484 -0.011256 0.133929)
(0.00772296 -0.0116772 0.0473057)
(0.00806729 -0.011442 0.120263)
(0.00498346 0.013083 0.0115987)
(0.00880417 -0.0108852 0.185525)
(0.00808046 -0.0114327 0.0964734)
(0.00803599 -0.011464 0.151401)
(0.010926 -0.0087534 0.187442)
(0.00820189 -0.0113459 0.161776)
(0.00871999 -0.0109527 0.0909823)
(0.00799631 -0.0114917 0.0853652)
(0.00791701 -0.0115465 0.0746395)
(0.0076136 -0.0117487 0.0628162)
(0.0088863 0.0108182 0.0112264)
(0.00806751 -0.0114418 0.115704)
(-0.0113785 -0.00815662 0.0129532)
(-0.0018893 -0.0138719 0.0106808)
(0.0100351 0.00976205 0.0301152)
(0.00957449 0.0102142 0.0344619)
(0.00928345 0.0104794 0.0390038)
(0.00915062 0.0105956 0.0436743)
(0.0091204 0.0106216 0.048411)
(0.00915572 0.0105912 0.0531632)
(0.0091843 0.0105664 0.0579157)
(0.00918244 0.010568 0.0626183)
(0.00915937 0.010588 0.0672789)
(0.00913233 0.0106113 0.0718482)
(0.00912525 0.0106174 0.0763496)
(0.00912062 0.0106214 0.0807935)
(0.00911721 0.0106243 0.0852398)
(0.00912176 0.0106204 0.0896939)
(0.00913946 0.0106052 0.0941628)
(0.00917007 0.0105787 0.0986328)
(0.00919756 0.0105549 0.103133)
(0.00920725 0.0105464 0.107606)
(0.00921134 0.0105428 0.112049)
(0.00920948 0.0105445 0.116467)
(0.00920184 0.0105511 0.120874)
(0.00919011 0.0105613 0.125288)
(0.00917773 0.0105721 0.129724)
(0.00915844 0.0105888 0.134195)
(0.00915398 0.0105927 0.138692)
(0.00915938 0.010588 0.143235)
(0.00915199 0.0105944 0.147877)
(0.00911317 0.0106278 0.152571)
(0.00908337 0.0106533 0.157333)
(0.00917844 0.0105715 0.162129)
(0.00989831 0.00990068 0.166561)
(0.00862423 -0.0110283 0.027493)
(0.00801642 -0.0114777 0.156482)
(0.00379588 0.0134756 0.18786)
(0.000354002 0.0139955 0.187625)
(-0.00342933 0.0135735 0.187469)
(-0.00705621 0.0120917 0.187379)
(-0.0101919 0.0095982 0.187317)
(-0.0125802 0.00614318 0.187268)
(-0.0137748 0.00250098 0.187256)
(-0.0139311 -0.00138714 0.187268)
(-0.0130104 -0.00517008 0.187312)
(-0.0110949 -0.00853837 0.187415)
(-0.00833649 -0.0112474 0.187547)
(-0.00491322 -0.0131095 0.187606)
(-0.00112645 -0.0139546 0.187543)
(0.00267554 -0.013742 0.187606)
(0.00606122 -0.0126199 0.188478)
(0.00897746 -0.0107427 0.189923)
(0.00672992 -0.0122763 0.0227333)
(0.00793056 -0.0115372 0.0800002)
(0.00804687 -0.0114563 0.111117)
(0.00779434 -0.0116296 0.0164109)
(0.00604032 -0.0126299 0.182798)
(-0.0133043 -0.00435832 0.0132795)
(0.00833014 -0.0112521 0.146558)
(0.00755953 -0.0117836 0.0423768)
(0.00813781 -0.0113919 0.129352)
(0.00762698 -0.0117401 0.0523617)
(0.00737684 -0.0118988 0.0574233)
(-0.00314323 0.0136426 0.0123431)
(0.00799483 -0.0114927 0.106431)
(-0.014 -3.45281e-05 0.0134293)
(0.00610372 0.0125994 0.0198266)
(0.00810052 -0.0114185 0.12479)
(0.00772958 -0.0116728 0.0373114)
(0.00886307 -0.0108373 0.167534)
(0.00822054 -0.0113324 0.0322363)
(0.00813115 -0.0113967 0.173374)
(0.00173617 -0.0138919 0.0117726)
(-0.00853348 -0.0110986 0.0124609)
(-0.0132798 0.0044326 0.0132295)
(0.00961791 0.0101733 0.18958)
(-0.00521043 -0.0129943 0.0117466)
(-0.00728435 0.0119557 0.0126087)
(0.00970012 0.0100949 0.185537)
(0.00592352 -0.0126851 0.012015)
(0.00860076 0.0110466 0.179345)
(0.00985651 0.00994229 0.173283)
(0.0070192 0.0121133 0.19027)
(0.00851646 -0.0111117 0.13839)
(0.00920714 -0.0105465 0.142385)
(0.0028805 -0.0137005 0.0178016)
(0.00397615 -0.0134235 0.148305)
(0.00368309 -0.0135068 0.103804)
(0.00780484 0.0116226 0.170302)
(0.00318724 -0.0136324 0.065904)
(0.00263025 0.0137507 0.18314)
(-0.00959281 -0.010197 0.0172827)
(0.00339478 -0.0135822 0.0342961)
(0.0038315 -0.0134655 0.12262)
(0.00731159 0.011939 0.0273935)
(0.00372271 -0.013496 0.0935391)
(0.00446469 -0.013269 0.0286257)
(0.0036822 -0.0135071 0.0882528)
(0.00740881 0.011879 0.175162)
(0.00414425 -0.0133726 0.136936)
(0.00633017 0.0124872 0.0319917)
(0.00569575 0.012789 0.0365099)
(0.00534507 0.0129395 0.0413329)
(0.00518514 0.0130044 0.046133)
(0.00522618 0.012988 0.0509168)
(0.00532392 0.0129482 0.0556727)
(0.00534697 0.0129387 0.0603913)
(0.00533106 0.0129453 0.0650416)
(0.00523514 0.0129843 0.0696193)
(0.00517768 0.0130074 0.0741082)
(0.00519169 0.0130018 0.0785433)
(0.00520172 0.0129978 0.0829929)
(0.0051703 0.0130103 0.0874626)
(0.00518019 0.0130064 0.0919386)
(0.00522575 0.0129881 0.0964389)
(0.00533398 0.0129441 0.100926)
(0.00536471 0.0129314 0.105394)
(0.00538073 0.0129247 0.109837)
(0.00538624 0.0129224 0.114259)
(0.00538007 0.012925 0.118671)
(0.00536274 0.0129322 0.123085)
(0.00534212 0.0129407 0.127518)
(0.00532812 0.0129465 0.13198)
(0.00523306 0.0129852 0.136463)
(0.00531456 0.012952 0.141006)
(0.00532226 0.0129489 0.145618)
(0.00529904 0.0129584 0.150321)
(0.00520773 0.0129954 0.155168)
(0.0051913 0.0130019 0.160283)
(0.00523476 0.0129845 0.166065)
(0.00345484 -0.013567 0.0773067)
(-0.00122691 0.0139461 0.182979)
(-0.00512427 0.0130285 0.182793)
(-0.00890911 0.0107994 0.182729)
(-0.0115806 0.00786694 0.182557)
(-0.0133296 0.00428032 0.182484)
(-0.0139946 0.00038814 0.182483)
(-0.0135498 -0.00352188 0.182529)
(-0.012051 -0.00712546 0.182653)
(-0.00964832 -0.0101444 0.182908)
(-0.00652043 -0.0123889 0.183296)
(-0.00265608 -0.0137457 0.183188)
(0.0016047 -0.0139077 0.182602)
(0.00347669 -0.0135614 0.0828064)
(0.00382613 -0.013467 0.118004)
(0.00383345 -0.0134649 0.113409)
(0.00420714 -0.0133529 0.176717)
(0.00361189 -0.0135261 0.0987361)
(0.00338603 0.0135844 0.0160336)
(0.00406435 0.0133971 0.0242157)
(0.00474414 -0.0131717 0.142499)
(-0.0123236 -0.00664293 0.0177254)
(0.0041808 -0.0133612 0.164741)
(0.00337238 0.0135878 0.172813)
(0.00377018 -0.0134828 0.0497738)
(0.00396354 -0.0134272 0.13201)
(0.00249357 -0.0137761 0.0600812)
(0.00676059 0.0122595 0.182986)
(0.00291438 -0.0136933 0.0450852)
(-0.0138028 -0.00234153 0.0181015)
(0.00353518 -0.0135463 0.0716576)
(0.00746638 0.0118429 0.186924)
(0.00387849 -0.013452 0.127266)
(0.00290982 -0.0136943 0.0397582)
(0.0037743 -0.0134816 0.108691)
(-0.00595736 -0.0126692 0.0165894)
(-0.00184494 -0.0138779 0.0151747)
(-0.00911403 0.0106271 0.0175964)
(-0.0138112 0.00229116 0.0183037)
(0.0037963 -0.0134755 0.153727)
(0.00238694 0.013795 0.0289047)
(-0.0122613 0.0067573 0.0180005)
(0.00387838 -0.0134521 0.159164)
(0.00478628 0.0131564 0.178763)
(0.00106452 -0.0139595 0.0242921)
(-0.000683389 0.0139833 0.0163145)
(-0.000885115 -0.013972 0.125034)
(0.00169971 0.0138964 0.0205432)
(-0.00241603 -0.01379 0.0630702)
(-0.00715169 -0.0120355 0.0216943)
(-0.000963188 -0.0139668 0.106171)
(-0.00497454 0.0130864 0.0168567)
(-0.000792161 -0.0139776 0.17822)
(-0.00143891 -0.0139259 0.0745843)
(0.00246806 -0.0137807 0.0545068)
(-0.000607237 -0.0139868 0.145309)
(-0.00161987 -0.013906 0.0689741)
(-0.000535845 -0.0139897 0.139954)
(0.00159133 0.0139093 0.0337712)
(0.00112782 0.0139545 0.0388091)
(0.000906605 0.0139706 0.0436572)
(0.000982539 0.0139655 0.048556)
(0.00103293 0.0139618 0.0533744)
(0.00107804 0.0139584 0.0580934)
(0.00108476 0.0139579 0.0627358)
(0.00105362 0.0139603 0.0673052)
(0.00098957 0.013965 0.0718411)
(0.000827609 0.0139755 0.0762477)
(0.000815888 0.0139762 0.0807058)
(0.000927771 0.0139692 0.0852126)
(0.000930511 0.013969 0.08966)
(0.000971654 0.0139662 0.0941629)
(0.00102598 0.0139624 0.0986606)
(0.00109363 0.0139572 0.103122)
(0.00113719 0.0139537 0.10755)
(0.00116947 0.0139511 0.11197)
(0.00117963 0.0139502 0.116384)
(0.00116053 0.0139518 0.120799)
(0.00112299 0.0139549 0.125225)
(0.0010847 0.0139579 0.129669)
(0.00105908 0.0139599 0.134146)
(0.00100172 0.0139641 0.13866)
(0.00106102 0.0139597 0.143232)
(0.00106867 0.0139592 0.14789)
(0.00106343 0.0139596 0.152669)
(0.00106723 0.0139593 0.157654)
(0.000933796 0.0139688 0.162906)
(0.000967593 0.0139665 0.178193)
(-0.000934504 -0.0139688 0.120337)
(-0.00143913 -0.0139258 0.0960766)
(-0.0015047 0.0139189 0.0251482)
(-0.00304584 0.0136647 0.178502)
(-0.00701308 0.0121168 0.17836)
(-0.0101072 0.00968733 0.177894)
(-0.0126049 0.00609235 0.177646)
(-0.0138147 0.00227052 0.177596)
(-0.0138893 -0.00175703 0.1776)
(-0.0128177 -0.00563091 0.177669)
(-0.0107352 -0.00898636 0.177917)
(-0.00784647 -0.0115945 0.178538)
(-0.0045917 -0.0132256 0.179562)
(0.00428366 -0.0133286 0.170418)
(-0.00153685 -0.0139154 0.0908601)
(-0.00118453 -0.0139498 0.101196)
(-0.000928707 -0.0139692 0.115674)
(-0.00201431 -0.0138543 0.0366734)
(-0.00192455 -0.0138671 0.0494569)
(-0.0131223 -0.00487893 0.0225224)
(-0.00252898 -0.0137697 0.0204218)
(-0.010744 -0.00897594 0.021979)
(-0.0139981 -0.000230758 0.0231383)
(-0.000826291 -0.0139756 0.129795)
(0.000193871 0.0139987 0.168332)
(-0.00148016 -0.0139215 0.0801218)
(-0.000864399 -0.0139733 0.150815)
(-0.00268821 0.0137395 0.030684)
(-0.0103225 0.00945762 0.0233204)
(-0.00384379 -0.013462 0.0565346)
(-0.000720942 -0.0139814 0.161872)
(-0.000899362 -0.0139711 0.110991)
(-0.000909893 -0.0139704 0.0306162)
(-0.000979571 0.0139657 0.173553)
(-0.000745461 -0.0139801 0.13471)
(-0.000396857 -0.0139944 0.172777)
(-0.00152172 -0.0139171 0.0855574)
(-0.000548684 -0.0139892 0.167362)
(-0.0135953 -0.00334191 0.027554)
(-0.0022929 -0.013811 0.0428215)
(-0.00662998 -0.0123306 0.0935376)
(-0.00546917 -0.0128875 0.108527)
(-0.00563853 -0.0128143 0.122706)
(-0.00245728 0.0137827 0.0203842)
(-0.00634812 0.012478 0.022135)
(-0.0131963 0.00467532 0.0235683)
(-0.00470724 -0.0131849 0.175108)
(-0.00428386 -0.0133285 0.0262442)
(-0.007852 -0.0115908 0.0609171)
(-0.00389 0.0134487 0.16493)
(-0.00338069 0.0135857 0.0359899)
(-0.00353216 0.0135471 0.041225)
(-0.00365782 0.0135137 0.0461443)
(-0.00367732 0.0135084 0.051062)
(-0.00364355 0.0135176 0.0557981)
(-0.00357924 0.0135347 0.060408)
(-0.00357562 0.0135357 0.0649859)
(-0.00361488 0.0135253 0.0694521)
(-0.00375181 0.0134879 0.0739921)
(-0.00377014 0.0134828 0.0784104)
(-0.00379586 0.0134756 0.0828294)
(-0.00380533 0.0134729 0.0873456)
(-0.0037974 0.0134752 0.0918614)
(-0.00373689 0.0134921 0.0963786)
(-0.00362926 0.0135214 0.10091)
(-0.00355674 0.0135407 0.105257)
(-0.0034613 0.0135654 0.109656)
(-0.00340844 0.0135788 0.11407)
(-0.00340707 0.0135791 0.118485)
(-0.00345678 0.0135665 0.122914)
(-0.00352999 0.0135477 0.127351)
(-0.00357146 0.0135368 0.131826)
(-0.00355487 0.0135412 0.136361)
(-0.00354679 0.0135433 0.140832)
(-0.00355648 0.0135407 0.14547)
(-0.0035285 0.0135481 0.150168)
(-0.00350535 0.0135541 0.154951)
(-0.00353194 0.0135472 0.159871)
(-0.00569304 -0.0127902 0.117974)
(-0.00442902 0.013281 0.170066)
(-0.00538406 -0.0129233 0.142692)
(-0.00832544 0.0112555 0.173283)
(-0.0112554 0.00832566 0.172852)
(-0.0132845 0.00441831 0.172755)
(-0.013998 0.000238492 0.172656)
(-0.013428 -0.00396082 0.172678)
(-0.0115568 -0.00790187 0.172775)
(-0.00854685 -0.0110883 0.173411)
(-0.00675033 -0.0122651 0.0327263)
(-0.00738635 -0.0118929 0.0514895)
(-0.000878724 -0.0139724 0.156326)
(-0.00697851 -0.0121367 0.0397128)
(-0.00547018 -0.0128871 0.148033)
(-0.00555788 -0.0128495 0.127468)
(-0.00629461 -0.0125051 0.0987115)
(-0.00651488 -0.0123918 0.066611)
(-0.0138797 0.00183124 0.0283786)
(-0.00884517 -0.0108519 0.0270963)
(-0.00740602 -0.0118807 0.0458506)
(-0.00724568 0.0119792 0.0273027)
(-0.00529815 -0.0129588 0.164594)
(-0.00536142 -0.0129327 0.158978)
(-0.00565777 -0.0128058 0.113256)
(-0.00475499 0.0131678 0.17468)
(-0.00812024 0.0114045 0.0329149)
(-0.0119872 -0.0072324 0.0263608)
(-0.00624424 -0.0125303 0.0774259)
(-0.00543102 -0.0129036 0.137427)
(-0.0106213 -0.00912075 0.0556546)
(-0.0066399 -0.0123252 0.0882175)
(-0.0117953 0.00754128 0.0295123)
(-0.00565552 -0.0128068 0.103625)
(-0.013834 -0.00214955 0.0324772)
(-0.00516217 -0.0130135 0.169996)
(-0.00622234 -0.0125412 0.0720005)
(-0.00972925 -0.0100669 0.110635)
(-0.0108185 -0.00888596 0.0964423)
(-0.00907021 -0.0106645 0.106077)
(-0.0103274 -0.00945219 0.0367592)
(-0.00870963 0.0109609 0.167981)
(-0.00977119 -0.0100262 0.120307)
(-0.00945197 -0.0103276 0.140131)
(-0.00551168 -0.0128694 0.153477)
(-0.00644716 -0.0124272 0.0828523)
(-0.00827081 0.0112957 0.0385119)
(-0.00845856 0.0111558 0.0438092)
(-0.0085148 0.011113 0.0487818)
(-0.00853191 0.0110998 0.0535622)
(-0.00853121 0.0111004 0.0581529)
(-0.00825552 0.0113069 0.0626328)
(-0.00831539 0.011263 0.0672279)
(-0.0086313 0.0110227 0.0716731)
(-0.00865349 0.0110053 0.0760679)
(-0.00864585 0.0110113 0.0805591)
(-0.00865839 0.0110015 0.0850494)
(-0.00866713 0.0109946 0.0894799)
(-0.00868751 0.0109785 0.0940578)
(-0.00865106 0.0110072 0.0984952)
(-0.00850681 0.0111191 0.102954)
(-0.0082499 0.011311 0.107336)
(-0.00813043 0.0113972 0.111728)
(-0.00808074 0.0114325 0.116138)
(-0.00808562 0.011429 0.120564)
(-0.0082304 0.0113252 0.124966)
(-0.0083157 0.0112627 0.129424)
(-0.00834221 0.0112431 0.133937)
(-0.00834647 0.0112399 0.138489)
(-0.00831752 0.0112614 0.143099)
(-0.00828203 0.0112875 0.147767)
(-0.00821027 0.0113398 0.152459)
(-0.00551115 -0.0128696 0.13233)
(-0.00983279 -0.00996575 0.115436)
(-0.0123185 0.00665247 0.168265)
(-0.0137784 0.00248101 0.167805)
(-0.0138788 -0.00183844 0.167698)
(-0.0125761 -0.00615146 0.167938)
(-0.0136068 0.00329462 0.0336557)
(-0.0101368 -0.00965634 0.0746716)
(-0.0117622 0.00759282 0.0356959)
(-0.0102094 -0.00957952 0.101678)
(-0.011485 -0.00800589 0.0492641)
(-0.0103142 -0.00946668 0.0649805)
(-0.00941305 -0.0103631 0.167748)
(-0.00908837 -0.010649 0.1616)
(-0.0116099 -0.00782368 0.0426323)
(-0.00955355 -0.0102337 0.150696)
(-0.00946493 -0.0103158 0.145421)
(-0.00813742 0.0113922 0.157193)
(-0.00952546 -0.0102599 0.134892)
(-0.00966181 -0.0101316 0.125139)
(-0.0109683 -0.00870042 0.0909462)
(-0.010402 -0.00937006 0.0800746)
(-0.00793951 0.011531 0.162189)
(-0.0117477 -0.0076152 0.0316441)
(-0.0108665 0.00882723 0.16412)
(-0.0124917 -0.00632118 0.148264)
(-0.00944247 -0.0103363 0.156168)
(-0.0132776 -0.00443901 0.100134)
(-0.0137455 -0.00265729 0.0527387)
(-0.0126031 -0.00609614 0.106266)
(-0.0124645 -0.00637467 0.142898)
(-0.0118306 0.0074857 0.0415404)
(-0.0119461 0.00730005 0.0465761)
(-0.0119185 0.00734503 0.0513399)
(-0.0119907 0.00722648 0.0560848)
(-0.0120907 0.00705801 0.0604835)
(-0.0115108 0.00796884 0.0647581)
(-0.012222 0.00682812 0.0688662)
(-0.0122499 0.00677796 0.0734491)
(-0.0121606 0.00693691 0.0781814)
(-0.0122234 0.00682557 0.0828254)
(-0.0122666 0.00674757 0.0873523)
(-0.012132 0.00698673 0.0918233)
(-0.01217 0.0069203 0.0963811)
(-0.0123391 0.00661421 0.100836)
(-0.0120147 0.00718661 0.105126)
(-0.0116148 0.00781643 0.109634)
(-0.0114226 0.00809476 0.113786)
(-0.0114746 0.00802078 0.118155)
(-0.0117682 0.00758349 0.122447)
(-0.0118836 0.0074014 0.126879)
(-0.0119278 0.00732998 0.131406)
(-0.0119321 0.00732283 0.136011)
(-0.0119215 0.00734019 0.140672)
(-0.0119019 0.00737192 0.145438)
(-0.0118749 0.00741527 0.150192)
(-0.00955811 -0.0102295 0.129907)
(-0.0119916 -0.0072251 0.0612008)
(-0.0131507 0.00480201 0.163208)
(-0.0139898 0.000533398 0.162626)
(-0.0139889 -0.000558035 0.0368712)
(-0.0108052 -0.00890215 0.0854322)
(-0.0132037 -0.00465435 0.0664815)
(-0.0137967 -0.00237699 0.0619507)
(-0.0102705 -0.00951407 0.0695549)
(-0.0129853 -0.0052329 0.0371018)
(-0.0133746 -0.00413762 0.0576813)
(-0.0127417 -0.00580078 0.0769832)
(-0.0125401 -0.00622464 0.153627)
(-0.0135778 0.00341226 0.0391232)
(-0.0137143 -0.0028137 0.0468302)
(-0.0117322 0.00763905 0.154929)
(-0.0124612 -0.00638118 0.137719)
(-0.013655 -0.00308871 0.0939876)
(-0.0116662 -0.00773954 0.163799)
(-0.0126902 -0.00591269 0.1178)
(-0.0127226 -0.00584266 0.11243)
(-0.0134397 -0.00392096 0.162902)
(-0.0113256 0.00822993 0.159578)
(-0.0128612 -0.0055307 0.0716897)
(-0.0125721 -0.00615974 0.122932)
(-0.0138684 -0.00191511 0.0415335)
(-0.0139702 0.000913337 0.103728)
(-0.0137127 0.00282191 0.044204)
(-0.01219 -0.00688509 0.158913)
(-0.0138922 0.0017342 0.0584066)
(-0.0134293 -0.00395637 0.0823788)
(-0.0138787 -0.0018389 0.145579)
(-0.0139613 0.00104075 0.0702809)
(-0.0137617 0.00257216 0.0757051)
(-0.0138039 0.00233508 0.080583)
(-0.0139015 0.00165813 0.0851681)
(-0.0138795 0.00183286 0.0898756)
(-0.0139171 0.00152118 0.098468)
(-0.0135325 0.00358777 0.107732)
(-0.0135519 0.00351381 0.111843)
(-0.0133359 0.00426075 0.115761)
(-0.013592 0.00335508 0.119663)
(-0.0136722 0.00301161 0.124109)
(-0.0137027 0.00286993 0.128711)
(-0.0137059 0.00285455 0.133385)
(-0.0137008 0.00287874 0.138135)
(-0.0136962 0.00290093 0.148002)
(-0.013751 0.0026287 0.0646283)
(-0.0139805 -0.000737885 0.115366)
(-0.0125081 -0.00628861 0.127754)
(-0.0137578 0.00259262 0.0492375)
(-0.0138763 -0.00185672 0.150914)
(-0.013924 -0.00145633 0.0782125)
(-0.0138768 -0.00185336 0.140428)
(-0.0136266 0.00321163 0.0537374)
(-0.0137059 0.00285468 0.0941262)
(-0.0136989 0.00288786 0.143021)
(-0.0135101 0.00367101 0.158173)
(-0.012474 -0.00635612 0.132697)
(-0.0139524 -0.00115354 0.109471)
(-0.013476 -0.00379456 0.0879948)
(-0.0139192 -0.00150219 0.120841)
(-0.0138822 -0.00181207 0.157024)
(-0.0138681 -0.00191751 0.0742814)
(-0.0136783 0.00298395 0.153083)
(-0.0138802 -0.00182778 0.125785)
(-0.0138769 -0.00185216 0.130614)
(-0.0138777 -0.00184631 0.135461)
(0.0113897 0.000333742 0.174176)
(0.0113636 -0.00010746 0.170748)
(0.0113069 0.000144183 0.177263)
(0.011551 0.000120776 0.179937)
(0.0158727 1.85757e-05 0.179972)
(0.0115265 -6.15603e-05 0.182604)
(0.0111463 0.000665283 0.185328)
(0.0113654 4.84664e-05 0.187918)
(0.0113473 -3.45743e-05 0.191079)
(0.011317 -3.58717e-05 0.0145195)
(0.0112167 0.000132797 0.0113399)
(0.0116582 8.2755e-05 0.0180706)
(0.0113605 6.51557e-05 0.00838755)
(0.0160579 -0.000124628 0.0188465)
(0.0125025 4.34554e-05 0.0215133)
(0.0114651 7.78523e-06 0.0272821)
(0.0166237 0.000179867 0.0219868)
(0.0112436 2.17641e-05 0.166734)
(0.0122426 -0.000927976 0.198186)
(0.0124544 -0.00157788 0.00150778)
(0.0183306 0.00109097 0.0232841)
(0.0182471 0.000301948 0.183177)
(0.0113095 0.0035877 0.195387)
(-0.00109276 0.0114778 0.00481724)
)


// ************************************************************************* //
