/*--------------------------------*- C++ -*----------------------------------*\
| =========                 |                                                 |
| \\      /  F ield         | OpenFOAM: The Open Source CFD Toolbox           |
|  \\    /   O peration     | Version:  2312                                  |
|   \\  /    A nd           | Website:  www.openfoam.com                      |
|    \\/     M anipulation  |                                                 |
\*---------------------------------------------------------------------------*/
FoamFile
{
    version     2.0;
    format      ascii;
    arch        "LSB;label=32;scalar=64";
    class       regIOobject;
    location    "constant/polyMesh";
    object      faceZones;
    meta
    {
        names           2 ( copperToshell tubeTocopper );
    }
}
// * * * * * * * * * * * * * * * * * * * * * * * * * * * * * * * * * * * * * //

2
(copperToshell
{
    type            faceZone;
    faceLabels      List<label> 
2820
(
50
18950
18924
24249
99
29412
27726
24869
28571
15878
27997
12405
17644
22302
25673
30286
13616
25686
30280
28352
30115
22852
11944
19032
16205
23472
13341
27903
16742
29500
23056
7122
20196
22308
29044
28638
25754
25743
21530
25722
24653
19860
28641
24664
28891
14008
11781
28901
19068
24419
27933
19103
29785
25166
12526
22834
17799
28203
10919
27423
13068
5488
19144
28225
26463
14903
30302
27456
28165
17483
29995
29265
29551
6494
18990
24575
25923
29869
29580
23940
20449
16749
17098
28999
14016
29200
9909
30468
29593
29600
9108
5379
28288
16655
30005
25216
28440
23006
28299
26623
29106
30224
20181
21987
30168
30161
29914
27984
19497
15101
9924
21961
12200
21931
27961
21234
20155
29171
11189
29173
22057
21405
11231
18737
17051
24730
948
24020
25463
24452
22152
28155
20816
25159
22811
13268
29934
25423
14801
18237
18301
29465
9498
29243
20431
9611
19826
1216
17351
19845
22331
20862
22067
30062
29529
5031
12839
25579
26422
27736
24859
21365
25297
26353
27731
20472
30197
19359
24846
23501
22037
22092
20649
28174
19518
29994
30353
22440
28178
6660
27544
30437
24961
24880
27568
22687
17904
25091
20036
19707
19928
23093
20007
25072
27053
22571
20849
27480
3889
20845
30449
18341
24900
30445
22844
25102
29156
17250
22920
19837
10383
26961
14860
19428
25273
28730
25781
15268
29872
26430
22212
21008
29111
19434
16712
30463
28051
24097
15302
16687
19886
16945
13241
13201
25126
27805
24945
24939
29357
18921
27351
28757
30314
28252
9344
3344
16828
6269
18640
22773
27822
22117
28780
17118
5053
29275
4773
27384
29206
11487
22427
30458
11598
29890
29408
17552
18524
23995
28105
27893
17365
21527
25366
25243
27817
17369
16864
14705
19304
5131
25626
30077
26558
25000
25279
30024
29633
14948
20494
29136
30285
19972
17588
25597
13977
29840
29989
29450
20140
13636
25669
28500
29524
13344
22655
30195
24841
22368
16088
25481
20185
13382
22380
28986
903
9486
16190
11819
24887
29113
25486
29201
15809
20172
26381
29036
29609
29364
16836
19075
12478
3176
29611
5810
28301
21367
25628
29114
29719
28469
25053
22474
27973
22497
3119
15298
28130
24724
11322
30089
20785
29832
29153
19686
30400
18118
29973
21984
30021
30355
29630
22622
7100
28603
22842
15201
28673
9777
27995
25921
24383
30203
29567
20194
17765
26237
28970
22295
17247
11833
20930
24259
23643
29996
25403
20940
26474
28568
28084
28293
27523
24781
29390
24620
19134
16349
26617
29099
15272
15009
27899
24430
24691
21973
22487
27161
14582
9532
18250
12847
26158
19514
6040
29286
22373
28750
28347
16740
22388
28995
27514
9055
23452
22159
26722
3283
11237
29058
29623
24619
28298
9221
25618
15214
20956
24685
24626
23976
25332
30178
17641
24873
20562
28688
10251
18347
21869
26273
19490
21947
28844
23367
20134
24364
17516
24389
19146
28240
7807
29850
12920
15327
30060
13611
25678
30098
28138
23150
29723
18183
30281
30293
19448
1766
20348
30408
29958
24402
2083
2066
27233
27231
30404
30261
18818
29318
12875
18247
21838
30287
20330
28321
27034
29834
29348
19041
28148
17428
22878
30435
20064
26822
30180
23447
1947
29797
16637
18896
21349
22732
30118
29282
16630
7869
27993
25752
30441
10681
26023
28236
25723
18257
25432
13045
20269
29977
28013
26483
19168
16234
18322
29798
5070
29316
24187
25312
26177
28575
12333
9690
28258
28668
25281
26286
22129
28198
26434
7825
28588
29190
19829
28068
27047
14472
25685
28075
19445
27470
13841
19984
25323
19485
22178
25326
23445
28104
30007
27890
24618
19116
11867
4885
25991
20220
22443
27388
28768
16461
24296
29150
28488
2014
25307
16048
15013
11390
25514
27878
17395
20410
16119
16957
26619
27397
15887
26438
11242
20704
30362
14533
21071
22484
28466
29916
21290
30023
30324
17661
28902
9995
19418
29237
23441
18734
19398
10966
21279
30500
7492
21281
22502
7287
29520
17198
7769
12139
29466
29462
29469
25553
20397
16613
24005
22462
19591
16413
20803
25069
16563
27443
20238
21728
21859
325
28797
18947
29534
17212
22826
25707
28959
29473
25565
24470
20822
28261
16417
25003
22087
16465
26642
26693
29187
26626
20937
23605
19613
22422
1124
21669
30348
29483
25636
18981
12831
25550
25387
21772
25899
19939
24860
20839
28185
21085
17463
26679
28025
28721
14053
30360
19720
29584
28976
18333
19029
26924
10704
25112
19632
29258
24908
17627
16253
24756
16044
18090
27813
16619
29953
29196
15691
23162
29993
29594
8865
9705
25123
16702
12208
21842
25757
23456
17998
19414
20725
17988
30370
26833
17981
26785
21064
26546
8142
21058
25096
29660
9850
25585
30084
28093
14987
27740
26707
26725
24964
29964
25209
28223
28090
18510
2965
26912
26979
24779
22954
28744
26440
18531
28946
25605
28521
28109
17357
15905
15090
29172
18556
15874
18108
18568
26982
26989
30009
25952
13054
16041
27536
20057
28246
16813
18111
24916
30152
19378
10475
28009
15512
16491
22743
27487
29800
25360
28473
15772
26458
21603
30247
27952
17881
30466
16503
19225
18604
25256
30237
14690
16478
29334
18670
7743
1311
17226
25447
19137
13573
30310
29336
12355
24199
24336
16241
19280
18154
15920
30227
17623
28972
332
30108
29069
29080
30395
19422
24635
22405
27426
30107
15951
11617
29813
21238
22173
16202
14359
19961
22876
25715
25646
24368
22789
30110
20681
28157
26566
17066
20645
18572
12459
25700
29597
8187
21335
26388
14773
28070
27690
13136
17725
29822
28260
14516
28462
30464
17548
20718
29808
29192
19823
19193
30305
25382
19197
15621
27749
30175
18905
29648
1481
28481
30239
24640
26765
29437
26628
20534
25205
26040
14570
30385
28841
15319
30438
21488
25392
24646
23998
25133
17287
23231
29311
25650
29164
15024
28649
1871
20003
25622
15784
25831
9631
29955
29361
29374
20634
20054
15151
10299
14617
27798
18619
25633
21309
17459
23672
29926
22549
14226
21413
20873
30041
7975
16644
14520
23033
20750
3501
16081
30004
29557
29969
18115
20046
7506
16319
18263
20736
20428
17455
25116
10403
29971
23761
21343
17557
1470
30035
21004
28318
11316
24428
20960
15712
30276
15446
16287
16325
20609
27542
26490
26555
6603
27354
29935
29569
21653
2851
16391
30114
16677
9425
26811
25694
26140
24015
19503
26132
30150
24431
18176
16384
29842
28915
27429
27437
27958
27415
21754
13377
25080
21750
15910
23928
29874
24508
30297
27699
17264
19863
23787
13198
28805
13127
20011
30255
30347
24956
16186
21889
26830
24994
30349
18425
28366
19310
25390
13457
30166
11577
16868
17712
16999
17001
14338
26343
26726
18854
27521
27510
20979
30454
21817
26677
30453
30001
29889
19630
13642
29897
30170
30171
20261
29194
25395
16591
29401
4577
17921
30249
21043
19122
22702
27550
30460
21895
17325
11723
29918
22220
15823
15402
25398
25117
24093
20592
14566
27046
21140
28214
27347
29605
27324
13823
28395
13884
21954
23390
30373
21969
15040
28286
17333
27755
27595
27739
18551
23334
24984
3361
22724
21215
20997
23063
17440
17862
21157
27612
15242
29117
27617
21447
26116
14271
28622
30091
27608
25666
18868
15112
14588
14540
23078
23145
20643
29089
47
20627
29508
25374
29303
25681
20912
13903
29966
27657
3200
26516
15482
25999
30374
12978
29963
28351
17505
28063
27399
27901
23288
26412
21435
7142
16098
16092
26204
28410
28268
8951
27281
27692
13606
25040
20795
27803
29266
16663
28276
19969
18306
29991
29806
27533
17794
30141
20424
18711
27722
29820
29624
29515
15383
4778
24633
28407
22872
15478
21616
25364
17569
22323
28532
18372
25683
22033
20597
16073
20662
21150
28675
25630
25522
20164
22748
18997
28494
1183
23596
20898
25155
20758
30207
2269
28984
26210
7739
28652
8896
30340
22327
26577
17580
24100
30296
30316
13998
30113
26005
16602
25224
21317
25219
25222
26297
26646
18197
26664
3830
6207
28643
4975
22709
28911
12885
26288
30475
30474
26974
29702
22060
28630
24416
27113
26587
26455
795
24055
21886
30425
27778
16277
23662
30126
22974
17163
25543
13833
22832
29119
24739
13154
13048
14372
19293
18700
26763
26735
27789
30135
25406
19154
21001
18140
30069
17648
26327
22304
29328
29340
16024
29230
12970
20655
1386
28981
19759
27868
27332
26536
24464
20788
20486
20825
30185
20806
20782
2775
22829
26649
27852
17194
18676
2002
23971
30212
15625
16518
18047
27884
27900
17887
27780
26945
25874
15543
21137
25187
17473
20631
30352
30044
21371
25958
28045
27939
24578
26187
26740
28833
18410
18835
24581
22552
25106
20265
16194
18452
30254
29628
21628
21620
17037
23217
20325
9463
24191
17631
30038
30030
30033
30032
28829
25575
28778
30086
26964
19459
22683
22677
29406
17158
30274
28771
17444
22700
14668
25802
22619
15993
22977
27706
28553
20616
13938
21664
23172
27990
23309
29433
28219
21596
27766
13577
20051
15116
27896
22494
23478
15837
28964
22596
27132
23247
21144
20153
29418
15894
20124
25339
29581
21788
19586
21114
25121
25820
15609
29886
23000
23038
23594
8377
26601
28781
26305
15297
19594
19564
662
17877
24026
28545
28854
28949
27087
19479
1538
22254
3569
5626
21588
24897
13919
26198
23894
27848
17086
29516
17837
26475
15144
23283
29325
14288
29425
20622
29561
15931
30440
25804
24358
24966
22726
30394
27716
29522
26556
14836
28492
24143
27441
19755
18759
23915
18987
19522
20693
11997
534
14313
24973
21227
21211
29604
28832
25894
30164
29662
21935
27169
15655
30354
28030
30290
21792
25966
26006
19266
26253
1876
14034
18878
19600
14932
29067
28927
30319
23985
18003
26698
30088
26704
16218
16705
20465
30461
29503
22691
18970
23670
22120
27592
18900
30383
27014
25978
29326
22104
23013
22045
24425
18172
30273
14523
29578
15072
15170
12741
6016
14596
29643
27738
14825
19319
18774
27012
28594
30149
7217
28873
18663
30214
27212
23744
26651
26034
17871
17869
14305
23011
28840
25800
28871
8710
25953
30123
27003
1484
15331
12394
26002
22143
23471
22363
22645
26196
19157
21253
21481
23143
26492
1432
30417
29586
19055
26882
28762
22642
13748
19384
12156
19214
20358
1279
26511
17234
14789
27668
23492
30259
26488
17302
14650
14323
27930
30151
30082
30139
23183
26542
10672
12369
24698
24080
21107
29215
17812
7981
24089
23115
28324
22994
29533
24160
30191
13460
22513
23999
26937
21725
26470
14765
14562
27070
27623
28456
15766
29468
22759
28358
17815
17614
28340
14887
14905
27499
22798
22793
30469
23102
26390
26409
12471
15368
21159
19248
29252
18351
30242
27318
29663
29666
26148
29699
27298
27869
14586
15536
26509
29729
27913
22916
17268
23935
22912
15661
15669
24571
17598
28305
16598
16595
26254
14376
26165
18927
28421
5308
28953
28459
28451
19512
26372
30257
21131
18491
25511
17401
29027
15315
11824
27759
22926
22935
18161
29285
26466
25969
26877
26868
29035
17062
24616
19341
27730
27703
26347
30083
18541
19374
30489
26934
26956
24764
14529
26638
24131
14331
28323
27663
26435
29046
16141
17561
26420
11255
17752
17317
24051
17376
17082
27888
27744
24008
30057
17688
16849
14493
29488
24700
24171
23338
28132
8798
26819
18601
27121
29072
25837
18644
22078
27260
21194
15924
25141
15191
19051
18637
27363
30221
30321
30245
15568
16918
18695
9198
17545
25058
26993
26312
27626
16179
22810
14940
16993
27831
25825
22421
28952
28577
28401
26276
29404
15032
26348
26351
23682
19140
28146
27412
22413
30359
16077
26928
7353
16541
25871
23631
23325
28180
17110
25435
18593
22835
22355
30238
23081
30092
23550
23274
29682
20869
27134
20558
28548
21449
16511
17969
23705
29479
30372
27809
18841
22765
29911
30263
30298
28540
28403
26279
29143
29320
27886
29883
22027
21354
19150
14925
26406
27873
18765
26530
29382
15286
23031
2826
19763
22170
16979
26715
16281
28543
17329
28184
28559
22990
30193
28312
26193
15901
17700
11594
23412
17524
26513
17187
30144
30442
28694
17638
13471
10101
23318
19577
28578
26539
16840
27820
28706
30419
17738
22681
21470
15276
26057
15352
28827
29705
16899
28695
14990
14983
30343
18630
30186
26636
25169
12211
28194
30330
30420
14736
29094
4745
4615
30511
5807
16903
27607
30342
27591
29378
30012
27377
29242
18331
9059
24315
27870
16440
15147
23020
17358
27644
19603
22457
16171
30350
25426
27752
28446
13503
25928
19270
28430
28426
3443
3468
29697
18388
19810
29756
19804
28555
16656
16582
26998
17321
29670
23925
26860
15718
27021
27599
25764
21223
26683
7165
28457
30265
21878
29760
23612
23382
27199
28818
16892
4201
15863
18626
20715
26605
18916
29727
30121
23085
26356
28443
26194
24318
16457
27241
26904
21577
26497
23404
15108
30398
15228
27261
29240
26874
15098
18013
29513
15044
21810
29422
22805
17054
27055
25993
17825
29301
16960
29664
19997
27155
15187
21758
29066
28379
12152
15462
30506
27385
24434
27163
27343
29174
30422
7848
26658
15591
24474
22467
28908
23393
24334
19038
20772
25812
28973
23531
27651
14856
15431
19410
25438
27287
3955
29575
16817
7272
22585
18206
21685
14743
25519
28624
25590
29188
23400
24530
28752
27090
25071
3487
13872
18203
22216
19746
6805
18413
23608
23780
21827
23820
14030
20353
23438
20909
1695
10724
20085
26813
26242
27009
24809
3483
24321
15398
27882
26130
16260
25129
30495
4191
28978
29054
30497
16353
10866
23586
30011
15361
21464
12517
28141
15378
23833
26249
12708
26525
25532
19897
28632
24500
18058
20528
29786
23823
22164
18044
26301
5728
27244
29410
29419
18362
27305
18829
29177
23909
15958
24012
24601
19468
30502
26310
24156
12188
19455
21099
29894
17954
21303
19693
15722
29288
12898
27339
15553
24213
29314
20417
29771
17466
17944
27945
5354
24681
25246
1168
27178
26443
19273
14387
24790
27804
26794
26769
28764
21439
27956
12738
21257
30418
14951
19171
26266
11910
19221
14712
29128
27198
29426
20301
24555
28921
22886
12192
25154
18463
15962
26160
26151
27306
3660
16982
30501
21294
25791
24342
18216
29002
17716
22896
29502
27558
27529
28496
18379
26031
24494
27255
21241
25490
22898
22859
15866
20227
18147
26659
26477
22589
9917
16585
23036
16774
15504
24349
28789
23233
28760
30434
21570
13569
28729
23579
27475
26976
27670
23783
23227
22946
14994
18455
29766
22983
11784
30509
15450
29074
22399
29636
21247
26562
22841
14664
15705
17897
24373
24449
6992
27518
29761
1270
29030
30317
24760
18720
25862
28888
28660
23342
26203
14621
18911
23346
30505
27483
27600
1679
28884
26554
29548
21614
22972
9121
13167
13149
25962
21704
14843
15372
11915
20246
18565
15780
24604
27435
26661
26823
19673
23642
29577
19337
21716
9328
19990
9570
29732
13483
27058
24979
29728
24520
21738
23713
10315
30366
14968
27225
27327
24573
14301
30517
28826
21711
25713
10289
27007
17834
17424
29802
23930
29011
28719
24806
23850
26971
22781
27667
20881
24440
16249
27304
28720
30173
14297
29860
25204
28835
14578
26968
24650
26749
241
23048
19676
25075
17927
11326
1371
29084
27342
24941
26932
23836
18493
24704
27419
26767
24167
11643
26260
23379
29388
17420
27329
25304
29678
27653
19785
19113
25602
29014
21386
28667
15791
12231
28436
23751
29763
24922
24953
11921
30455
23316
30416
28799
20234
20176
28869
25904
29847
7474
27235
17435
8238
8811
19807
27565
17890
25901
12057
29769
17742
27586
28041
1022
28044
30392
18993
19531
22721
21966
20395
9335
26799
24106
23778
22583
29589
13847
15754
873
27598
25913
15232
24036
9319
26757
24589
29844
29781
29056
16567
17298
3028
24272
26597
29811
22802
26988
13663
16784
21732
8496
24498
29856
27309
17213
14113
28703
27461
18477
30448
26845
18958
26393
25429
29068
27314
32
30472
24046
6650
30510
23176
23808
29805
29734
16369
27661
3895
21015
28077
27850
14675
27410
23240
26416
30504
24311
29456
27847
28197
21165
24479
25877
23070
16444
24504
21539
25562
19648
11952
27301
17291
23730
17618
18038
15795
20590
17708
17710
17781
18692
27658
20414
27394
28950
12757
19842
15585
8336
23482
16066
25659
25259
17314
21393
26782
23567
24002
27634
26545
19989
14809
29005
14756
25943
15129
9905
14869
29726
25755
26283
23831
16113
25583
25295
15094
28957
25138
23769
4097
29124
26804
27776
27450
20366
29884
28016
21012
23621
26827
23294
18909
704
27525
29741
14394
24989
19947
15629
23814
17606
28144
4345
19852
28405
24163
20307
24256
29559
14509
14797
23243
23424
25530
22970
20458
30142
18781
14327
23864
21026
24568
12493
20264
27837
18079
27620
29087
26713
21441
11963
27574
30074
29783
25377
18821
24042
16230
18716
27065
26884
27373
21105
24048
24104
28704
21943
26825
25441
16888
29305
27562
27841
15870
29104
29738
4023
3516
23674
30520
19925
21284
10119
27360
16468
23899
24277
27741
11844
28709
27432
19921
27322
29748
21319
26879
28079
30119
11478
14805
26026
18076
27724
30456
15017
24769
20744
30483
28951
26228
27098
22562
27093
22102
27189
17372
14512
27520
30459
26732
13952
26083
27627
24061
27516
18310
29747
9454
26055
29674
20482
18233
30406
29078
653
28485
18768
15605
22807
25773
27577
27610
17307
25869
15485
24085
27171
23601
24582
28602
14651
18771
24300
25932
29758
24651
24275
16424
29049
26173
25946
15890
18496
29695
24938
28646
15972
11770
1235
3995
26962
28683
25704
27194
26017
30304
17538
25891
27118
21764
16408
10912
27116
24408
29778
15969
30132
26954
24031
9372
12576
29148
27828
22108
21129
9635
29679
20396
30066
26985
30452
24534
23981
29048
22335
9139
25464
25653
13716
23255
25886
19082
27440
19666
17275
570
29396
12524
29835
22534
25759
20344
23863
3527
22556
16975
14481
24339
19507
16308
24284
22112
21625
16914
19065
12255
29706
28855
19022
30519
16789
28344
26841
22907
27100
13451
26634
24022
9482
26995
20158
7928
10534
27355
29683
)
;
    flipMap         List<bool> 2820{0};
}
tubeTocopper
{
    type            faceZone;
    faceLabels      List<label> 
2464
(
11987
3969
11992
9940
7424
9935
9724
9798
9800
13746
3590
12936
3599
9823
8366
6199
8859
13736
8318
13735
12436
8303
9686
2163
7319
7342
2587
4600
1978
7340
9209
27
1603
3615
9380
11700
4235
2461
13680
9806
11951
13659
13275
14098
12280
11551
11119
3916
12694
8141
8936
2246
9639
1357
3467
13502
6618
12772
2526
4764
10256
1705
7381
9732
5619
6425
3289
12695
3980
5868
9741
4565
5485
5685
14270
5094
2185
10743
7595
1935
5953
3
802
239
2877
4295
9334
3049
13117
2564
10192
5543
3900
13728
8426
12969
7051
11961
5332
3234
5400
12427
13276
7694
9411
7844
8127
12285
7821
8925
6065
9101
6093
5881
12088
13436
7442
11394
4440
3096
11378
4485
12867
9922
11553
13702
7095
8610
10601
3252
3700
12515
8464
3679
6709
5855
7121
9713
6282
7655
13085
6322
2745
12621
12619
6372
1653
5839
13321
8163
8180
11104
10080
6315
13603
1345
6309
4635
9183
9984
9722
3786
12031
12135
12138
4749
9481
5000
6404
7407
2275
10151
11425
3437
2167
6850
5006
313
6437
12104
13513
12178
12180
9731
12218
7481
13514
13389
4569
10064
7151
6168
1891
1574
8261
8639
4436
6546
6562
10305
6532
2914
660
11187
6178
10520
8279
6756
6759
5051
9542
5015
5030
13775
3666
12116
9744
7139
3020
7186
2393
9031
1973
11682
11270
7348
645
6852
2735
12818
6820
1749
5040
4805
12658
5500
1760
13470
9752
6470
10178
9871
7855
4907
7569
13053
1927
1385
8423
6865
6466
10047
7239
8876
11156
8844
13034
4878
13435
2926
7207
3258
8257
6856
6862
4262
8969
12128
4539
4061
11696
6927
9771
4179
13446
11560
6840
4459
13296
13696
8226
8914
13527
12960
5723
845
8401
8954
3430
9643
11209
8594
8965
8360
6704
9831
6368
9957
7670
13194
6722
8251
10531
8998
8398
11147
7917
13711
9266
10468
11939
10070
9748
10741
13851
4032
6924
13546
11708
3393
496
13061
12286
11850
5540
513
6680
13729
13793
5232
10313
8823
7550
2261
13429
500
9814
993
2541
7460
7464
12018
4495
14039
7877
8943
9711
9448
12484
13209
4144
8956
3871
4450
10249
3482
12219
4620
6737
9050
13226
2258
6643
13114
7916
11670
12350
9037
13030
3603
2441
6458
2893
6549
7515
8554
13721
3396
1799
12581
13477
11971
12869
11570
6982
2025
13526
13761
6832
11387
2421
2232
11891
13450
11604
8972
13707
9842
12316
6258
11632
8643
13348
7256
13464
13021
8837
5847
12442
13709
4171
3731
10436
11180
13102
14052
7604
13985
6001
10933
11717
3764
4250
10127
13945
10314
12457
12455
9671
5874
12481
8272
12168
9442
13672
4416
13123
5605
7696
13743
5636
13751
8056
6527
8385
2035
8204
10344
11929
2907
5338
11752
8203
2910
13890
13650
868
13641
3984
9599
821
6582
4320
3621
13754
3659
3947
9085
6543
9813
8073
4001
8245
8219
13278
12012
7466
8814
13858
3160
12523
5412
12874
5267
11634
8102
2236
9134
9641
9642
4573
12375
13162
6355
7137
2820
6068
7501
5741
11336
5778
13320
11901
8209
3456
6398
11734
6349
5912
7991
9359
13350
4424
13220
7556
13456
13839
8444
8831
11185
5858
8833
6026
12438
11674
5487
1298
4227
2803
12532
9657
11546
12608
11933
4771
13182
2043
7833
1333
10186
13787
5924
13723
14118
12700
3763
686
4256
9774
7703
12911
13469
13277
8224
9666
6945
12164
9703
6984
9786
8079
7455
5853
13697
3089
9105
9103
14004
4514
5675
7248
11252
4537
2157
13549
7429
13488
1657
4961
6144
13757
1509
9876
10390
8128
1494
6051
8403
4663
4965
4672
1829
5767
251
9699
440
9953
9956
11225
9071
13312
8979
13305
10214
8620
8628
8345
10208
7592
8431
9147
2654
3850
13808
5327
910
13306
123
7735
7059
11098
7062
6556
13539
1490
13330
8903
92
10844
11712
8524
6233
8617
10232
9839
13962
611
13319
12136
3906
6669
790
7045
13232
13548
12636
2254
174
13507
5217
5462
14072
12591
2082
8578
12435
13822
13518
12186
12217
11914
973
774
9728
11918
10976
13558
13560
9644
615
8668
10273
895
12336
6560
6411
3541
8585
4545
13832
4652
4661
3039
2508
10026
10033
9517
7796
8887
5020
935
8017
5892
8689
12115
6037
12114
8781
9019
9028
9007
12344
9550
4017
7352
6024
10037
10039
13029
11313
170
13408
766
9992
7401
8719
5120
4915
6784
12127
9041
8516
4064
10805
11758
4697
4050
5113
9630
10060
13581
10310
13524
5949
4658
13590
8742
8760
8331
2943
8231
8874
9076
9295
7242
10027
8049
10348
8856
13120
7081
10191
13695
6022
6045
7039
7280
4120
12735
13122
13080
5153
13131
12538
12456
3472
13740
8512
6639
4405
8277
1929
5715
13501
4040
9004
13896
14092
1906
7147
10154
12148
54
3092
7559
4834
7572
13108
3739
1365
10135
2855
10470
13529
5966
4218
12620
11280
9999
12353
13519
10171
2591
5911
14180
9318
11521
13405
3766
9357
5304
6991
452
3945
4374
12275
4503
12387
9377
3799
3794
11357
6635
3881
8539
6763
6165
3802
10377
2635
13766
8097
12505
9429
11938
13180
7936
4733
4513
1442
11335
9808
13622
12542
13553
8871
8850
4239
9275
8862
9264
12379
13184
5341
13166
13175
1377
6919
10499
432
13647
13651
3994
9440
4882
9795
269
4893
7619
7713
10950
2537
8387
14021
3691
4008
6378
13864
6336
1745
12462
12477
9053
9424
7734
11400
12999
13883
10767
1772
694
7639
8924
11630
13996
2371
13075
13947
1709
13870
1115
10528
13443
580
9347
11268
13753
7664
12443
14221
12540
12661
9511
4952
14225
14120
12262
13615
10165
13531
12612
10206
11220
13946
13487
7738
10166
7049
7452
2049
14061
12568
14060
12563
13804
4974
3821
3166
9914
11651
3827
7775
13670
13669
413
13658
7527
11376
9933
4859
11213
12467
10215
5190
1103
10599
3687
14064
6176
6135
5417
4021
10416
1589
3683
14135
6325
3780
10226
9098
13541
11715
13545
9903
8120
12372
8631
6058
1199
13604
6860
8592
12775
7141
11795
4592
13679
5862
2160
1020
2101
14256
7130
7404
2577
2345
9195
7758
8573
8235
12429
8171
8565
8551
11766
2052
4609
7163
2453
7479
3476
4013
9477
5622
5827
10148
10271
14076
641
3105
6764
3023
460
2935
2939
10692
4479
5255
13403
2795
13142
12051
9738
9737
5957
9333
5286
14081
8891
8656
9390
8752
14095
8291
2153
10288
3318
2071
2816
13980
4005
10621
5960
10438
5963
4680
9451
9401
13584
11935
2401
5415
10298
11745
9278
12121
2075
2496
9047
9290
8028
10354
4727
6602
8880
13572
5297
4096
7222
2658
13438
7213
1009
2611
8314
11296
8152
2924
12825
1685
1942
8030
4901
13221
4114
13987
12641
6718
13712
13432
9323
2500
4955
4222
10487
2809
9904
6615
6333
10115
3932
8533
9422
2982
8052
10637
2196
3237
2444
4046
1337
8933
8908
11458
12444
11090
7904
11142
4932
6590
3583
12672
9032
9555
10801
9502
4666
12781
12691
12721
7706
9114
12687
10775
12183
4367
9566
7548
3922
4104
12003
6130
8547
11221
12565
10778
382
2207
969
9673
4597
8077
10517
9494
8294
8287
9194
9197
12571
9444
12277
10085
13901
13552
13544
13900
12415
14015
9342
5330
8441
11927
4214
7613
14164
12416
6206
9769
10816
14121
13993
9794
13976
10640
8960
12718
2985
4431
6202
551
14025
3241
8821
8490
2567
3122
9418
5888
10871
9726
9710
12223
4866
11333
19
6868
8901
8429
12486
13498
1099
9560
13765
12553
4117
10096
12569
6004
9432
13752
13742
8343
5754
10446
10409
9569
1517
8848
10322
8206
13626
7276
3759
4200
12119
10076
7235
8083
10840
7535
13902
5017
11653
12273
7944
9133
14181
10787
1464
2741
23
9949
2147
9128
13314
14134
9759
9669
12288
577
8612
5048
3382
4963
4575
8607
7953
7113
8945
4552
10418
5710
7956
12206
10411
7457
9930
2850
5203
9929
11721
201
12307
3636
5062
5092
5833
10557
6936
4137
9987
11720
13563
14186
11419
13551
7759
14257
13229
1693
13331
7008
3427
7392
8323
10649
13856
13830
729
5103
10243
12595
13692
13693
9054
2386
2870
3914
7477
9324
10083
11740
12498
10063
9459
11738
10661
10676
468
8504
12793
12783
6972
8641
2646
13703
13698
13411
14263
10281
9387
7995
9545
12655
10647
10161
10584
5470
11154
10644
13206
10688
10334
3315
10326
8200
13385
9549
4948
2375
9395
2512
1661
9434
5419
2515
10211
10195
14083
1720
3548
5180
4397
10009
10881
8020
1854
12547
1154
736
13724
5694
12665
12668
8841
10004
10308
8883
8373
13437
14085
5117
1288
10720
7226
10751
7266
10369
4243
13417
9685
8470
14128
13534
12680
5668
9791
13051
8270
3537
4456
13784
12185
7368
10773
8886
3756
10203
5727
4912
5261
10140
11625
10587
10130
10885
2602
14022
5796
9462
4499
14050
13619
3220
10497
13332
4852
13763
11450
9213
10739
12587
12593
3593
8890
8275
12698
5371
12297
10736
10465
11866
12561
12073
13279
8931
9469
10630
743
8156
5671
2561
14216
13935
4817
10379
9818
10785
14154
10774
12688
11684
11348
88
13346
4626
11431
6712
14146
9231
12421
8587
10754
11022
14104
14169
12401
10473
5772
1498
10472
13791
7885
13413
13796
12574
9305
10522
8835
7727
472
12112
5253
12400
6578
14241
13493
8394
8709
4940
11352
12584
1779
12133
10442
9810
6374
9172
6107
11038
8993
10669
12054
12824
12987
10789
14007
10652
14163
14103
6090
4613
8412
12111
5799
13888
13353
5300
9674
14020
10402
3835
8989
12067
10965
1241
10994
10991
12615
4705
14062
10847
12476
5614
14024
14029
9578
10828
10482
12105
13844
456
9833
9868
5431
9863
9218
12878
4967
1619
12624
5210
11101
1341
4719
13540
13598
841
10625
13605
10561
10595
11967
10544
9879
9875
9884
11972
11050
4992
10093
197
6770
10558
12491
12162
7384
5482
6854
10570
4154
5682
10597
10602
12890
14159
5633
7993
5238
13694
9289
107
11057
11052
8502
13009
10589
5653
12506
1291
9228
11889
13564
11875
10665
10865
13881
10611
13972
12047
6172
13145
11111
9251
5249
11106
14080
9239
14063
12904
7933
6389
14071
10908
10690
13982
11304
12662
10339
5143
10022
12796
10733
10025
12747
9011
11162
9990
2748
2533
9008
5590
8011
9600
14079
14084
14206
4785
13393
1882
13898
13892
13254
13654
14204
13245
10945
12941
11181
13623
10045
10449
4037
12666
5630
10328
11756
619
5518
3856
9978
10850
13496
10852
3075
5660
10505
7491
314
10822
10088
13786
11361
4559
10264
11247
12677
12953
11660
3842
12866
8672
12714
12583
10820
13358
14144
9609
12556
11411
13374
12246
4330
10181
7891
6715
10342
13317
13211
5361
12398
10918
10132
9775
1649
8863
9816
10766
4856
5793
8135
7294
11530
14264
9943
13937
11920
1902
1786
4189
6125
3063
13814
9626
9406
13762
6632
8819
10430
13951
8772
6849
10573
12813
7584
668
10515
4840
13079
11311
8846
5749
8416
931
10771
10541
10457
5762
11210
2143
11287
6612
6147
11527
11814
14277
11024
12287
9145
8553
8437
12702
14246
7391
2013
7847
10041
10218
13984
12609
10146
8450
4266
4211
11321
5625
13360
14145
8406
10224
10222
11368
80
73
10629
6079
12827
11550
11504
11495
955
7015
9065
1982
5884
13093
4701
6211
5444
6222
14185
6675
10593
12725
7788
11859
8315
2349
9822
425
11610
11614
12973
14253
6951
6949
5921
5905
4989
8111
12311
13239
10614
13556
11071
11080
13846
11331
10527
10230
2824
8767
9887
11369
8745
14287
2057
12819
9245
12820
12393
6256
1369
12497
14051
14259
6261
14044
6963
12590
13869
10293
5278
12777
11864
12507
12891
13247
5943
8576
14261
11726
13511
9585
10272
8570
11890
9596
2989
1743
14162
7545
9855
6331
12389
9652
11166
13144
14262
13974
5979
6878
1966
5980
12040
12922
13367
10906
5895
8722
11761
7105
7497
11769
3526
10703
9537
12803
12991
12865
12916
10608
7582
12800
7395
14199
6439
11994
492
5608
5038
11175
9615
10691
8223
1069
11801
13583
8363
12804
8047
10078
6476
5497
11750
6447
12817
11699
8679
10937
5645
5643
10327
378
7349
7510
5229
4670
10897
5461
13060
2766
14236
3725
11019
10508
10961
6297
13217
8729
3210
9312
1581
5421
12883
5012
8765
5783
11429
12091
11228
8300
13301
14090
13190
12949
1284
406
4462
13225
11382
4602
2997
6072
10382
10963
2650
4275
12041
11261
12761
3299
11778
13173
10900
11241
6913
14266
14260
13662
11263
12745
9190
5638
2301
11510
809
11931
5998
13677
2170
1523
14258
8255
14106
5787
11990
6114
12056
13058
11001
6747
6595
631
10989
1295
9024
5200
12889
9529
11040
13018
13215
6629
4797
13255
2692
11402
13859
1628
10394
7160
15
8037
12959
12328
7923
8542
12774
10547
5877
5584
14293
6193
5437
12984
3391
8456
13187
1142
11857
6673
14132
12108
11085
11035
5664
11059
5164
11557
13792
11502
8561
1310
10553
14117
8118
4725
13745
8783
193
14153
5552
14151
14149
10562
7860
8769
3452
1641
2668
11044
11023
10927
10948
7042
12982
12968
10762
14075
14254
4731
10718
10855
8484
6791
6788
13153
10582
961
13248
8705
2842
13922
13017
11694
11266
9593
11697
8007
3434
14175
14292
5506
8281
4380
6659
9648
8074
10993
7578
12124
14195
13943
12906
13944
2356
11903
12925
8653
11075
12897
10619
10902
11158
13368
14203
10462
8736
4287
11223
6014
6976
11216
12846
12670
6827
7107
5987
12962
12933
13099
9618
11942
11281
6008
5691
1028
9576
11012
3027
9661
11315
6842
11275
11277
5264
11823
1939
6460
2904
8878
10941
2264
12838
14279
6507
14276
7671
1046
1427
8759
1946
11188
2930
12490
8455
10636
11284
11307
13593
13592
12892
14208
12048
368
10939
8061
8685
11292
10997
14278
13037
504
6159
262
2318
14211
14268
6133
12780
6636
6553
12931
1887
417
13004
8025
13133
12000
2751
12778
13813
12770
10054
5775
4413
12835
4654
6242
1061
4555
13678
1248
591
6609
13732
14111
13957
13043
6942
1111
3045
11486
13734
9365
14267
1376
4148
3928
374
11289
6579
12992
10159
10684
5701
11603
11482
11067
7299
8107
10537
12852
12271
62
6048
12948
11342
6910
10884
13281
10559
6933
13032
11337
11049
11537
8748
5214
1530
2946
12113
3013
14209
11427
13635
13375
11548
6940
14091
11442
11350
3409
1408
12727
5565
4875
5697
8775
1757
5456
9283
215
2608
11472
7874
3007
11046
11130
11592
11309
12489
6535
11940
10861
6623
7566
12483
11405
12997
507
6484
8434
10433
1405
13042
8183
13390
5679
8008
5466
13797
11562
11996
7522
3137
11113
7909
13713
3115
4843
9994
7071
11507
12822
6794
8216
1262
5196
14158
12873
14275
2410
14170
8462
281
6700
8804
6489
2219
11048
13388
10930
6493
11794
12966
6706
111
3511
364
7634
13066
11389
8036
7764
8699
2605
14269
8213
12944
11178
11182
5479
14230
13250
5581
9175
6809
14240
1195
11399
13246
10928
225
13230
11572
7641
11523
2112
12520
5088
11648
11986
297
13243
144
138
8718
11474
9038
11005
2781
9158
8420
12342
8167
12861
11172
5098
7643
6703
11512
58
)
;
    flipMap         List<bool> 2464{0};
}
)

// ************************************************************************* //
